index	original	background	difference
-----------------------------------------------------
1	539	346	193
2	565	356	209
3	551	362	189
4	523	357	166
5	526	352	174
6	542	352	190
7	541	359	182
8	545	364	181
9	533	360	173
10	522	370	152
11	515	363	152
12	533	359	174
13	550	365	185
14	547	359	188
15	525	350	175
16	523	346	177
17	523	360	163
18	509	357	152
19	525	350	175
20	535	359	176
21	556	363	193
22	559	360	199
23	552	362	190
24	531	361	170
25	526	355	171
26	515	368	147
27	505	371	134
28	530	360	170
29	559	365	194
30	557	371	186
31	539	369	170
32	504	361	143
33	514	369	145
34	523	379	144
35	507	366	141
36	510	363	147
37	513	359	154
38	518	362	156
39	509	359	150
40	513	359	154
41	513	366	147
42	520	363	157
43	518	370	148
44	528	367	161
45	551	353	198
46	560	358	202
47	564	367	197
48	542	364	178
49	518	375	143
50	533	379	154
51	544	377	167
52	538	372	166
53	563	367	196
54	557	380	177
55	554	375	179
56	550	372	178
57	545	374	171
58	523	376	147
59	505	370	135
60	530	373	157
61	543	374	169
62	543	370	173
63	528	376	152
64	515	368	147
65	516	373	143
66	530	379	151
67	515	371	144
68	527	368	159
69	521	363	158
70	528	361	167
71	534	368	166
72	532	377	155
73	548	378	170
74	542	381	161
75	506	374	132
76	509	364	145
77	513	355	158
78	514	367	147
79	531	371	160
80	550	368	182
81	540	373	167
82	527	381	146
83	524	368	156
84	549	373	176
85	566	378	188
86	527	370	157
87	523	371	152
88	544	363	181
89	539	364	175
90	509	374	135
91	517	381	136
92	545	379	166
93	539	372	167
94	550	369	181
95	534	373	161
96	536	367	169
97	540	361	179
98	534	370	164
99	533	372	161
100	554	377	177
101	545	379	166
102	520	376	144
103	514	370	144
104	505	369	136
105	529	378	151
106	541	377	164
107	540	373	167
108	548	371	177
109	575	371	204
110	581	373	208
111	549	370	179
112	537	364	173
113	531	377	154
114	533	375	158
115	540	374	166
116	545	376	169
117	538	372	166
118	539	378	161
119	532	378	154
120	540	369	171
121	557	365	192
122	528	366	162
123	513	378	135
124	538	391	147
125	532	375	157
126	526	368	158
127	514	367	147
128	538	374	164
129	539	381	158
130	556	376	180
131	557	376	181
132	532	369	163
133	535	369	166
134	541	368	173
135	525	375	150
136	499	383	116
137	518	378	140
138	533	377	156
139	542	368	174
140	550	378	172
141	522	386	136
142	544	385	159
143	541	369	172
144	535	369	166
145	533	378	155
146	529	367	162
147	541	365	176
148	546	376	170
149	542	371	171
150	556	381	175
151	542	394	148
152	539	381	158
153	531	372	159
154	541	369	172
155	536	364	172
156	554	369	185
157	539	368	171
158	547	364	183
159	535	374	161
160	537	374	163
161	547	370	177
162	519	370	149
163	507	378	129
164	534	373	161
165	522	373	149
166	527	382	145
167	541	379	162
168	528	376	152
169	523	368	155
170	524	368	156
171	526	366	160
172	532	373	159
173	540	369	171
174	545	372	173
175	537	370	167
176	522	371	151
177	500	363	137
178	511	369	142
179	520	368	152
180	508	379	129
181	510	373	137
182	498	373	125
183	509	373	136
184	535	372	163
185	539	368	171
186	547	373	174
187	533	362	171
188	543	364	179
189	510	373	137
190	494	371	123
191	502	373	129
192	513	374	139
193	491	373	118
194	503	365	138
195	505	364	141
196	522	368	154
197	503	366	137
198	505	368	137
199	519	380	139
200	538	379	159
201	533	374	159
202	512	380	132
203	508	371	137
204	511	367	144
205	513	371	142
206	549	364	185
207	533	365	168
208	525	371	154
209	517	377	140
210	549	372	177
211	565	380	185
212	535	377	158
213	513	366	147
214	506	370	136
215	500	375	125
216	513	374	139
217	531	373	158
218	531	371	160
219	502	361	141
220	538	370	168
221	529	365	164
222	531	366	165
223	508	368	140
224	514	371	143
225	512	374	138
226	494	365	129
227	499	368	131
228	521	361	160
229	532	368	164
230	541	372	169
231	511	369	142
232	518	370	148
233	513	366	147
234	484	367	117
235	505	369	136
236	514	361	153
237	482	363	119
238	516	370	146
239	517	364	153
240	525	357	168
241	533	363	170
242	525	362	163
243	509	364	145
244	524	367	157
245	537	374	163
246	523	378	145
247	500	373	127
248	481	367	114
249	511	360	151
250	525	370	155
251	489	364	125
252	518	367	151
253	497	363	134
254	487	366	121
255	522	369	153
256	544	372	172
257	527	381	146
258	517	371	146
259	505	359	146
260	510	361	149
261	514	368	146
262	516	361	155
263	516	368	148
264	519	371	148
265	511	369	142
266	517	372	145
267	512	373	139
268	504	367	137
269	506	365	141
270	540	363	177
271	533	367	166
272	538	370	168
273	526	364	162
274	517	365	152
275	527	371	156
276	518	374	144
277	514	368	146
278	526	366	160
279	509	365	144
280	525	367	158
281	521	365	156
282	517	360	157
283	516	352	164
284	522	361	161
285	517	357	160
286	524	352	172
287	507	360	147
288	531	368	163
289	512	375	137
290	512	365	147
291	501	351	150
292	531	364	167
293	516	365	151
294	515	357	158
295	516	361	155
296	512	361	151
297	503	368	135
298	511	370	141
299	512	359	153
300	535	359	176
301	516	350	166
302	516	358	158
303	514	354	160
304	534	352	182
305	521	360	161
306	525	365	160
307	517	364	153
308	532	353	179
309	513	351	162
310	513	351	162
311	514	356	158
312	499	361	138
313	510	352	158
314	536	352	184
315	512	353	159
316	524	358	166
317	527	360	167
318	509	362	147
319	496	365	131
320	510	364	146
321	519	368	151
322	520	371	149
323	507	369	138
324	515	365	150
325	496	363	133
326	497	360	137
327	517	354	163
328	503	365	138
329	488	366	122
330	493	362	131
331	507	353	154
332	526	353	173
333	519	358	161
334	506	361	145
335	523	353	170
336	517	359	158
337	501	367	134
338	520	362	158
339	491	356	135
340	501	351	150
341	509	354	155
342	521	362	159
343	505	355	150
344	502	368	134
345	490	366	124
346	495	360	135
347	499	362	137
348	512	353	159
349	515	354	161
350	493	368	125
351	481	370	111
352	501	356	145
353	511	360	151
354	511	365	146
355	537	364	173
356	532	355	177
357	516	365	151
358	501	370	131
359	499	362	137
360	485	354	131
361	499	358	141
362	513	357	156
363	496	347	149
364	514	357	157
365	490	358	132
366	490	357	133
367	513	354	159
368	512	355	157
369	518	357	161
370	500	358	142
371	494	356	138
372	545	358	187
373	541	357	184
374	516	360	156
375	491	353	138
376	476	359	117
377	504	361	143
378	505	352	153
379	513	354	159
380	516	365	151
381	489	358	131
382	509	360	149
383	508	361	147
384	495	355	140
385	465	354	111
386	497	349	148
387	502	351	151
388	493	354	139
389	518	356	162
390	512	349	163
391	497	356	141
392	509	360	149
393	499	352	147
394	504	361	143
395	498	366	132
396	489	371	118
397	500	358	142
398	504	349	155
399	493	353	140
400	473	357	116
401	474	356	118
402	487	358	129
403	499	351	148
404	518	354	164
405	496	346	150
406	490	348	142
407	481	351	130
408	488	362	126
409	488	368	120
410	520	362	158
411	524	360	164
412	507	364	143
413	508	366	142
414	500	359	141
415	482	357	125
416	510	370	140
417	522	364	158
418	518	365	153
419	516	367	149
420	509	367	142
421	478	359	119
422	522	363	159
423	518	358	160
424	509	368	141
425	511	362	149
426	503	354	149
427	510	349	161
428	536	356	180
429	520	359	161
430	514	357	157
431	510	354	156
432	492	351	141
433	477	359	118
434	483	357	126
435	498	352	146
436	502	356	146
437	490	358	132
438	479	355	124
439	492	349	143
440	528	351	177
441	537	357	180
442	516	358	158
443	507	358	149
444	516	363	153
445	502	363	139
446	507	355	152
447	524	346	178
448	529	345	184
449	508	350	158
450	489	346	143
451	488	359	129
452	511	361	150
453	527	357	170
454	530	358	172
455	494	351	143
456	516	352	164
457	523	359	164
458	513	360	153
459	512	353	159
460	509	355	154
461	522	357	165
462	511	364	147
463	489	357	132
464	492	349	143
465	500	360	140
466	518	362	156
467	504	355	149
468	522	352	170
469	526	358	168
470	499	361	138
471	469	354	115
472	489	349	140
473	461	347	114
474	478	360	118
475	499	365	134
476	481	369	112
477	501	363	138
478	516	356	160
479	496	357	139
480	495	341	154
481	474	352	122
482	490	356	134
483	487	358	129
484	478	353	125
485	501	353	148
486	529	357	172
487	518	366	152
488	493	349	144
489	488	351	137
490	494	352	142
491	514	347	167
492	517	347	170
493	511	351	160
494	503	348	155
495	493	345	148
496	513	353	160
497	524	355	169
498	504	359	145
499	518	352	166
500	545	356	189
501	513	349	164
502	504	349	155
503	518	345	173
504	478	348	130
505	470	352	118
506	506	346	160
507	535	340	195
508	531	341	190
509	503	346	157
510	521	355	166
511	536	350	186
512	515	340	175
513	514	342	172
514	527	350	177
515	503	353	150
516	521	354	167
517	508	353	155
518	490	351	139
519	519	352	167
520	518	341	177
521	512	340	172
522	502	348	154
523	489	351	138
524	511	354	157
525	507	351	156
526	488	350	138
527	491	344	147
528	512	349	163
529	500	350	150
530	507	343	164
531	519	337	182
532	506	345	161
533	517	346	171
534	515	343	172
535	497	345	152
536	515	358	157
537	513	345	168
538	528	347	181
539	532	357	175
540	527	348	179
541	514	345	169
542	522	350	172
543	500	343	157
544	506	344	162
545	521	347	174
546	520	351	169
547	493	349	144
548	513	352	161
549	522	342	180
550	507	338	169
551	508	342	166
552	508	346	162
553	528	341	187
554	534	346	188
555	521	341	180
556	541	348	193
557	553	347	206
558	559	341	218
559	530	344	186
560	507	342	165
561	539	349	190
562	556	346	210
563	527	343	184
564	536	342	194
565	561	342	219
566	549	344	205
567	551	348	203
568	555	352	203
569	526	348	178
570	526	335	191
571	518	332	186
572	548	347	201
573	556	352	204
574	543	360	183
575	511	357	154
576	534	356	178
577	554	345	209
578	545	341	204
579	556	344	212
580	550	348	202
581	536	348	188
582	553	344	209
583	559	337	222
584	552	328	224
585	575	348	227
586	599	345	254
587	573	342	231
588	557	349	208
589	530	345	185
590	566	349	217
591	575	353	222
592	571	338	233
593	548	343	205
594	557	339	218
595	582	339	243
596	589	340	249
597	588	341	247
598	589	343	246
599	580	348	232
600	590	344	246
601	578	346	232
602	585	343	242
603	594	352	242
604	582	349	233
605	568	345	223
606	580	352	228
607	571	348	223
608	626	337	289
609	632	334	298
610	626	346	280
611	625	345	280
612	601	334	267
613	589	338	251
614	608	342	266
615	599	342	257
616	591	341	250
617	628	342	286
618	654	335	319
619	649	337	312
620	637	349	288
621	638	339	299
622	650	336	314
623	644	339	305
624	656	342	314
625	643	340	303
626	669	342	327
627	690	337	353
628	691	340	351
629	681	342	339
630	667	343	324
631	682	349	333
632	712	357	355
633	701	354	347
634	729	346	383
635	740	339	401
636	730	337	393
637	756	346	410
638	772	345	427
639	791	344	447
640	786	340	446
641	794	336	458
642	815	341	474
643	809	346	463
644	809	345	464
645	845	338	507
646	857	344	513
647	839	343	496
648	849	344	505
649	857	346	511
650	886	341	545
651	903	345	558
652	920	345	575
653	933	348	585
654	984	348	636
655	969	344	625
656	977	343	634
657	987	344	643
658	982	332	650
659	1017	329	688
660	1007	341	666
661	1006	337	669
662	1070	343	727
663	1101	350	751
664	1127	345	782
665	1136	333	803
666	1160	337	823
667	1129	346	783
668	1147	351	796
669	1212	347	865
670	1255	344	911
671	1250	344	906
672	1276	333	943
673	1287	338	949
674	1346	346	1000
675	1327	343	984
676	1340	346	994
677	1398	333	1065
678	1424	338	1086
679	1456	336	1120
680	1490	349	1141
681	1555	347	1208
682	1573	343	1230
683	1546	340	1206
684	1566	337	1229
685	1631	335	1296
686	1673	342	1331
687	1649	345	1304
688	1670	341	1329
689	1755	344	1411
690	1776	344	1432
691	1791	344	1447
692	1842	344	1498
693	1855	334	1521
694	1900	334	1566
695	1899	346	1553
696	1910	338	1572
697	1932	338	1594
698	1965	340	1625
699	1972	336	1636
700	2005	347	1658
701	2037	344	1693
702	2051	342	1709
703	2065	336	1729
704	2097	343	1754
705	2101	338	1763
706	2117	330	1787
707	2146	331	1815
708	2160	342	1818
709	2171	346	1825
710	2215	353	1862
711	2238	338	1900
712	2249	334	1915
713	2301	339	1962
714	2336	339	1997
715	2334	343	1991
716	2367	327	2040
717	2332	323	2009
718	2395	330	2065
719	2421	332	2089
720	2466	334	2132
721	2505	328	2177
722	2540	334	2206
723	2544	333	2211
724	2610	338	2272
725	2676	345	2331
726	2707	336	2371
727	2699	325	2374
728	2724	329	2395
729	2756	341	2415
730	2780	340	2440
731	2852	345	2507
732	2871	344	2527
733	2886	342	2544
734	2862	347	2515
735	2920	341	2579
736	2985	332	2653
737	2976	331	2645
738	3050	345	2705
739	3129	337	2792
740	3088	339	2749
741	3110	347	2763
742	3197	338	2859
743	3229	335	2894
744	3268	347	2921
745	3308	341	2967
746	3319	334	2985
747	3315	338	2977
748	3371	335	3036
749	3362	335	3027
750	3284	341	2943
751	3341	336	3005
752	3353	338	3015
753	3332	337	2995
754	3372	336	3036
755	3419	342	3077
756	3396	340	3056
757	3390	346	3044
758	3423	341	3082
759	3470	348	3122
760	3515	345	3170
761	3494	337	3157
762	3524	339	3185
763	3511	329	3182
764	3479	323	3156
765	3532	331	3201
766	3596	333	3263
767	3600	335	3265
768	3526	340	3186
769	3494	333	3161
770	3575	324	3251
771	3583	334	3249
772	3609	342	3267
773	3648	333	3315
774	3638	339	3299
775	3643	343	3300
776	3712	343	3369
777	3789	337	3452
778	3847	336	3511
779	3798	346	3452
780	3910	351	3559
781	3965	342	3623
782	4011	339	3672
783	3936	341	3595
784	3939	335	3604
785	4019	342	3677
786	4080	344	3736
787	4074	345	3729
788	4117	346	3771
789	4201	338	3863
790	4248	330	3918
791	4313	326	3987
792	4407	341	4066
793	4372	337	4035
794	4463	332	4131
795	4530	340	4190
796	4623	337	4286
797	4637	341	4296
798	4667	346	4321
799	4760	349	4411
800	4805	347	4458
801	4774	345	4429
802	4781	331	4450
803	4798	328	4470
804	4814	328	4486
805	4888	334	4554
806	4913	333	4580
807	4926	337	4589
808	4977	346	4631
809	5027	349	4678
810	4934	341	4593
811	4952	332	4620
812	4992	335	4657
813	4982	333	4649
814	4883	330	4553
815	4925	331	4594
816	4980	341	4639
817	4895	344	4551
818	4913	337	4576
819	4941	339	4602
820	4916	336	4580
821	4941	335	4606
822	4822	337	4485
823	4826	336	4490
824	4848	338	4510
825	4818	325	4493
826	4872	324	4548
827	4871	326	4545
828	4942	333	4609
829	4915	343	4572
830	4943	341	4602
831	4925	330	4595
832	4868	327	4541
833	4905	331	4574
834	4905	335	4570
835	4935	320	4615
836	5046	326	4720
837	5015	334	4681
838	4987	330	4657
839	5028	326	4702
840	5073	334	4739
841	5047	337	4710
842	5066	334	4732
843	5021	330	4691
844	5036	329	4707
845	5101	325	4776
846	5163	328	4835
847	5205	332	4873
848	5240	334	4906
849	5259	334	4925
850	5275	330	4945
851	5341	329	5012
852	5397	333	5064
853	5453	322	5131
854	5504	325	5179
855	5509	331	5178
856	5537	332	5205
857	5519	327	5192
858	5518	334	5184
859	5630	327	5303
860	5611	328	5283
861	5624	330	5294
862	5729	330	5399
863	5715	335	5380
864	5771	331	5440
865	5778	332	5446
866	5829	331	5498
867	5864	324	5540
868	5822	322	5500
869	5795	321	5474
870	5822	329	5493
871	5861	323	5538
872	5809	328	5481
873	5791	330	5461
874	5827	322	5505
875	5832	327	5505
876	5828	338	5490
877	5808	328	5480
878	5845	318	5527
879	5833	318	5515
880	5852	335	5517
881	5858	331	5527
882	5841	332	5509
883	5716	330	5386
884	5680	335	5345
885	5704	332	5372
886	5750	319	5431
887	5769	319	5450
888	5787	334	5453
889	5690	325	5365
890	5678	325	5353
891	5645	321	5324
892	5599	320	5279
893	5610	321	5289
894	5644	326	5318
895	5649	332	5317
896	5628	332	5296
897	5632	329	5303
898	5582	328	5254
899	5618	325	5293
900	5656	328	5328
901	5563	325	5238
902	5522	324	5198
903	5577	336	5241
904	5552	329	5223
905	5554	316	5238
906	5526	321	5205
907	5577	335	5242
908	5599	337	5262
909	5594	330	5264
910	5614	336	5278
911	5725	335	5390
912	5695	332	5363
913	5624	325	5299
914	5683	321	5362
915	5743	321	5422
916	5793	322	5471
917	5799	317	5482
918	5850	321	5529
919	5929	319	5610
920	6036	323	5713
921	5952	321	5631
922	6005	322	5683
923	6121	330	5791
924	6209	327	5882
925	6269	327	5942
926	6298	330	5968
927	6276	333	5943
928	6262	326	5936
929	6372	329	6043
930	6418	337	6081
931	6404	332	6072
932	6474	323	6151
933	6504	329	6175
934	6643	334	6309
935	6691	327	6364
936	6670	331	6339
937	6721	326	6395
938	6747	322	6425
939	6758	324	6434
940	6747	318	6429
941	6753	321	6432
942	6807	330	6477
943	6813	323	6490
944	6911	319	6592
945	6871	319	6552
946	6859	325	6534
947	6796	322	6474
948	6768	320	6448
949	6842	320	6522
950	6787	318	6469
951	6783	322	6461
952	6834	323	6511
953	6875	321	6554
954	6810	317	6493
955	6792	317	6475
956	6805	331	6474
957	6789	325	6464
958	6734	327	6407
959	6734	332	6402
960	6796	328	6468
961	6681	320	6361
962	6605	331	6274
963	6653	337	6316
964	6657	325	6332
965	6654	321	6333
966	6654	317	6337
967	6678	320	6358
968	6655	322	6333
969	6576	329	6247
970	6525	337	6188
971	6511	322	6189
972	6536	321	6215
973	6586	327	6259
974	6567	333	6234
975	6490	321	6169
976	6487	314	6173
977	6487	322	6165
978	6554	322	6232
979	6569	323	6246
980	6543	325	6218
981	6516	318	6198
982	6566	317	6249
983	6648	324	6324
984	6621	330	6291
985	6626	331	6295
986	6727	328	6399
987	6782	330	6452
988	6862	316	6546
989	6880	324	6556
990	6883	332	6551
991	7034	324	6710
992	7080	327	6753
993	7126	329	6797
994	7227	324	6903
995	7201	323	6878
996	7260	321	6939
997	7429	322	7107
998	7438	324	7114
999	7471	328	7143
1000	7615	332	7283
1001	7737	324	7413
1002	7906	316	7590
1003	7893	318	7575
1004	7917	326	7591
1005	8035	328	7707
1006	8136	332	7804
1007	8309	327	7982
1008	8409	322	8087
1009	8397	321	8076
1010	8480	323	8157
1011	8529	321	8208
1012	8549	315	8234
1013	8596	320	8276
1014	8701	318	8383
1015	8767	312	8455
1016	8811	322	8489
1017	8848	317	8531
1018	8903	314	8589
1019	9015	318	8697
1020	9038	317	8721
1021	8958	316	8642
1022	9009	308	8701
1023	8985	319	8666
1024	8976	324	8652
1025	9095	316	8779
1026	9210	327	8883
1027	9194	329	8865
1028	9161	320	8841
1029	9165	315	8850
1030	9195	315	8880
1031	9165	320	8845
1032	9254	323	8931
1033	9146	323	8823
1034	9097	325	8772
1035	9081	326	8755
1036	9158	327	8831
1037	9115	328	8787
1038	9097	328	8769
1039	9169	323	8846
1040	9127	317	8810
1041	9057	316	8741
1042	9110	324	8786
1043	9124	320	8804
1044	9062	324	8738
1045	9094	324	8770
1046	9004	313	8691
1047	8981	313	8668
1048	8946	323	8623
1049	8976	323	8653
1050	8981	320	8661
1051	8895	316	8579
1052	8976	318	8658
1053	9048	320	8728
1054	9020	323	8697
1055	8940	319	8621
1056	8924	319	8605
1057	8939	321	8618
1058	8999	324	8675
1059	9060	321	8739
1060	9139	324	8815
1061	9016	318	8698
1062	9068	312	8756
1063	9152	316	8836
1064	9215	315	8900
1065	9244	314	8930
1066	9382	331	9051
1067	9517	330	9187
1068	9498	309	9189
1069	9456	308	9148
1070	9537	313	9224
1071	9674	316	9358
1072	9683	318	9365
1073	9779	304	9475
1074	9888	304	9584
1075	9917	313	9604
1076	10083	326	9757
1077	10177	321	9856
1078	10277	315	9962
1079	10414	322	10092
1080	10589	309	10280
1081	10576	311	10265
1082	10710	320	10390
1083	10922	323	10599
1084	10983	322	10661
1085	11117	319	10798
1086	11237	315	10922
1087	11399	316	11083
1088	11656	306	11350
1089	11713	307	11406
1090	11852	316	11536
1091	12048	311	11737
1092	12212	310	11902
1093	12221	309	11912
1094	12313	308	12005
1095	12477	314	12163
1096	12618	314	12304
1097	12861	320	12541
1098	12880	313	12567
1099	12934	311	12623
1100	13031	313	12718
1101	13155	314	12841
1102	13192	312	12880
1103	13345	321	13024
1104	13483	324	13159
1105	13632	317	13315
1106	13644	321	13323
1107	13621	318	13303
1108	13682	314	13368
1109	13868	317	13551
1110	13950	323	13627
1111	13979	333	13646
1112	14022	326	13696
1113	13997	312	13685
1114	14079	321	13758
1115	14116	315	13801
1116	13992	309	13683
1117	14035	315	13720
1118	14095	316	13779
1119	14071	315	13756
1120	14137	313	13824
1121	14105	315	13790
1122	14006	327	13679
1123	13901	322	13579
1124	13946	317	13629
1125	13891	319	13572
1126	13891	313	13578
1127	13936	318	13618
1128	13922	320	13602
1129	13779	318	13461
1130	13680	315	13365
1131	13664	314	13350
1132	13673	313	13360
1133	13650	315	13335
1134	13502	320	13182
1135	13436	326	13110
1136	13560	318	13242
1137	13563	314	13249
1138	13401	318	13083
1139	13406	324	13082
1140	13348	322	13026
1141	13180	321	12859
1142	13140	315	12825
1143	13204	321	12883
1144	13227	321	12906
1145	13168	318	12850
1146	13125	319	12806
1147	13109	319	12790
1148	13080	316	12764
1149	13064	310	12754
1150	13003	325	12678
1151	12968	321	12647
1152	12993	327	12666
1153	13076	329	12747
1154	13056	318	12738
1155	12943	311	12632
1156	13051	312	12739
1157	13082	308	12774
1158	13077	312	12765
1159	13078	312	12766
1160	13157	311	12846
1161	13198	322	12876
1162	13306	323	12983
1163	13414	323	13091
1164	13457	318	13139
1165	13448	313	13135
1166	13518	320	13198
1167	13598	323	13275
1168	13619	325	13294
1169	13736	322	13414
1170	13881	315	13566
1171	14003	313	13690
1172	14012	319	13693
1173	14135	324	13811
1174	14206	326	13880
1175	14244	328	13916
1176	14379	322	14057
1177	14469	307	14162
1178	14672	310	14362
1179	14834	306	14528
1180	15016	307	14709
1181	15191	304	14887
1182	15366	307	15059
1183	15391	324	15067
1184	15423	325	15098
1185	15625	313	15312
1186	15759	310	15449
1187	15892	320	15572
1188	15851	322	15529
1189	16047	318	15729
1190	16248	312	15936
1191	16336	311	16025
1192	16433	309	16124
1193	16578	313	16265
1194	16671	316	16355
1195	16828	321	16507
1196	16895	319	16576
1197	17033	310	16723
1198	17078	308	16770
1199	17129	312	16817
1200	17163	315	16848
1201	17258	321	16937
1202	17315	317	16998
1203	17281	312	16969
1204	17360	314	17046
1205	17449	312	17137
1206	17434	323	17111
1207	17456	317	17139
1208	17471	321	17150
1209	17379	317	17062
1210	17441	317	17124
1211	17514	322	17192
1212	17595	325	17270
1213	17662	320	17342
1214	17433	318	17115
1215	17284	319	16965
1216	17315	313	17002
1217	17429	314	17115
1218	17475	312	17163
1219	17366	312	17054
1220	17300	309	16991
1221	17092	312	16780
1222	16983	315	16668
1223	16962	321	16641
1224	16983	316	16667
1225	16850	309	16541
1226	16660	311	16349
1227	16656	302	16354
1228	16586	297	16289
1229	16470	300	16170
1230	16427	313	16114
1231	16324	307	16017
1232	16349	305	16044
1233	16173	300	15873
1234	15976	299	15677
1235	15874	304	15570
1236	15746	305	15441
1237	15714	316	15398
1238	15637	318	15319
1239	15468	309	15159
1240	15439	310	15129
1241	15444	311	15133
1242	15315	319	14996
1243	15210	320	14890
1244	15196	312	14884
1245	15150	313	14837
1246	15091	311	14780
1247	15023	309	14714
1248	14954	306	14648
1249	14919	311	14608
1250	14848	315	14533
1251	14831	317	14514
1252	14735	310	14425
1253	14741	307	14434
1254	14704	311	14393
1255	14654	319	14335
1256	14560	306	14254
1257	14511	315	14196
1258	14549	319	14230
1259	14466	314	14152
1260	14453	313	14140
1261	14335	309	14026
1262	14356	309	14047
1263	14513	315	14198
1264	14473	315	14158
1265	14501	314	14187
1266	14475	317	14158
1267	14461	320	14141
1268	14571	313	14258
1269	14524	309	14215
1270	14612	306	14306
1271	14704	310	14394
1272	14615	320	14295
1273	14666	314	14352
1274	14768	309	14459
1275	14877	305	14572
1276	15091	301	14790
1277	15055	297	14758
1278	15230	307	14923
1279	15227	319	14908
1280	15374	319	15055
1281	15395	312	15083
1282	15547	306	15241
1283	15674	306	15368
1284	15748	317	15431
1285	15770	312	15458
1286	15760	306	15454
1287	15794	302	15492
1288	15949	310	15639
1289	16161	313	15848
1290	16116	300	15816
1291	16204	305	15899
1292	16260	313	15947
1293	16407	316	16091
1294	16518	314	16204
1295	16530	308	16222
1296	16729	307	16422
1297	17007	300	16707
1298	16993	299	16694
1299	17153	300	16853
1300	17361	304	17057
1301	17415	310	17105
1302	17452	315	17137
1303	17600	313	17287
1304	17609	308	17301
1305	17510	312	17198
1306	17665	315	17350
1307	17807	308	17499
1308	17977	306	17671
1309	18035	309	17726
1310	17986	309	17677
1311	17965	307	17658
1312	18088	314	17774
1313	18123	300	17823
1314	17928	310	17618
1315	17933	315	17618
1316	17985	307	17678
1317	17921	309	17612
1318	17928	300	17628
1319	17949	289	17660
1320	17955	302	17653
1321	17947	298	17649
1322	17973	300	17673
1323	17959	304	17655
1324	18085	303	17782
1325	18106	295	17811
1326	18006	308	17698
1327	17927	313	17614
1328	17978	310	17668
1329	17953	302	17651
1330	17922	299	17623
1331	17843	308	17535
1332	17857	312	17545
1333	17806	309	17497
1334	17734	298	17436
1335	17763	304	17459
1336	17733	320	17413
1337	17580	303	17277
1338	17521	293	17228
1339	17472	288	17184
1340	17494	302	17192
1341	17292	305	16987
1342	17235	297	16938
1343	17113	307	16806
1344	16917	307	16610
1345	16839	303	16536
1346	16765	303	16462
1347	16783	308	16475
1348	16593	315	16278
1349	16403	302	16101
1350	16410	299	16111
1351	16362	306	16056
1352	16342	310	16032
1353	16074	304	15770
1354	15890	290	15600
1355	15827	299	15528
1356	15698	307	15391
1357	15599	299	15300
1358	15487	293	15194
1359	15381	290	15091
1360	15242	290	14952
1361	15118	302	14816
1362	14973	299	14674
1363	14855	296	14559
1364	14804	306	14498
1365	14699	302	14397
1366	14673	301	14372
1367	14742	308	14434
1368	14673	306	14367
1369	14546	302	14244
1370	14539	304	14235
1371	14471	306	14165
1372	14331	310	14021
1373	14402	302	14100
1374	14339	301	14038
1375	14314	307	14007
1376	14301	305	13996
1377	14252	311	13941
1378	14261	300	13961
1379	14257	300	13957
1380	14206	305	13901
1381	14202	301	13901
1382	14203	292	13911
1383	14166	300	13866
1384	14174	304	13870
1385	14166	300	13866
1386	14259	303	13956
1387	14278	298	13980
1388	14201	295	13906
1389	14271	295	13976
1390	14352	300	14052
1391	14503	301	14202
1392	14542	305	14237
1393	14406	310	14096
1394	14610	312	14298
1395	14706	308	14398
1396	14751	297	14454
1397	14891	294	14597
1398	14913	295	14618
1399	14931	306	14625
1400	15075	302	14773
1401	15159	303	14856
1402	15166	304	14862
1403	15354	299	15055
1404	15478	299	15179
1405	15461	309	15152
1406	15683	316	15367
1407	15787	304	15483
1408	15834	309	15525
1409	16020	301	15719
1410	16160	298	15862
1411	16262	298	15964
1412	16258	299	15959
1413	16475	301	16174
1414	16705	295	16410
1415	16738	292	16446
1416	16872	303	16569
1417	17051	296	16755
1418	17202	304	16898
1419	17165	305	16860
1420	17198	302	16896
1421	17394	301	17093
1422	17482	303	17179
1423	17607	310	17297
1424	17734	309	17425
1425	17763	301	17462
1426	17785	307	17478
1427	17921	316	17605
1428	18021	311	17710
1429	18094	304	17790
1430	18249	302	17947
1431	18184	304	17880
1432	18137	302	17835
1433	18226	298	17928
1434	18201	297	17904
1435	18290	302	17988
1436	18266	294	17972
1437	18274	291	17983
1438	18291	294	17997
1439	18248	291	17957
1440	18221	297	17924
1441	18233	298	17935
1442	18255	290	17965
1443	18193	295	17898
1444	18136	297	17839
1445	18079	300	17779
1446	18102	296	17806
1447	18074	297	17777
1448	17982	300	17682
1449	18039	301	17738
1450	18105	297	17808
1451	17970	300	17670
1452	17858	296	17562
1453	17804	302	17502
1454	17870	309	17561
1455	17739	297	17442
1456	17563	298	17265
1457	17435	293	17142
1458	17397	291	17106
1459	17350	302	17048
1460	17304	311	16993
1461	17249	300	16949
1462	17111	306	16805
1463	17025	301	16724
1464	16942	293	16649
1465	16825	299	16526
1466	16708	294	16414
1467	16701	296	16405
1468	16573	298	16275
1469	16397	289	16108
1470	16362	296	16066
1471	16172	295	15877
1472	16087	306	15781
1473	15873	309	15564
1474	15745	294	15451
1475	15646	296	15350
1476	15575	296	15279
1477	15528	299	15229
1478	15300	307	14993
1479	15246	307	14939
1480	15212	304	14908
1481	15099	296	14803
1482	14964	305	14659
1483	14760	305	14455
1484	14521	296	14225
1485	14439	294	14145
1486	14426	303	14123
1487	14167	299	13868
1488	14023	297	13726
1489	13928	295	13633
1490	13923	304	13619
1491	13680	298	13382
1492	13537	295	13242
1493	13593	302	13291
1494	13618	306	13312
1495	13428	300	13128
1496	13370	299	13071
1497	13300	306	12994
1498	13251	302	12949
1499	13259	288	12971
1500	13149	288	12861
1501	13075	295	12780
1502	13067	287	12780
1503	13026	289	12737
1504	12866	306	12560
1505	12816	296	12520
1506	12834	299	12535
1507	12750	298	12452
1508	12717	296	12421
1509	12654	293	12361
1510	12703	288	12415
1511	12694	288	12406
1512	12565	299	12266
1513	12463	302	12161
1514	12533	308	12225
1515	12558	298	12260
1516	12544	296	12248
1517	12547	300	12247
1518	12545	306	12239
1519	12432	302	12130
1520	12452	298	12154
1521	12625	303	12322
1522	12518	306	12212
1523	12562	301	12261
1524	12596	298	12298
1525	12513	305	12208
1526	12535	303	12232
1527	12503	293	12210
1528	12581	289	12292
1529	12580	295	12285
1530	12640	303	12337
1531	12714	302	12412
1532	12745	308	12437
1533	12814	303	12511
1534	12854	302	12552
1535	12874	299	12575
1536	12938	293	12645
1537	12908	291	12617
1538	12898	302	12596
1539	13008	302	12706
1540	13155	301	12854
1541	13182	302	12880
1542	13196	307	12889
1543	13296	305	12991
1544	13222	297	12925
1545	13313	293	13020
1546	13521	299	13222
1547	13599	308	13291
1548	13640	298	13342
1549	13661	291	13370
1550	13682	297	13385
1551	13735	301	13434
1552	13856	301	13555
1553	13955	302	13653
1554	13933	303	13630
1555	14068	298	13770
1556	14170	299	13871
1557	14205	288	13917
1558	14273	294	13979
1559	14359	294	14065
1560	14322	299	14023
1561	14461	305	14156
1562	14570	296	14274
1563	14480	298	14182
1564	14486	295	14191
1565	14623	297	14326
1566	14693	308	14385
1567	14599	300	14299
1568	14524	296	14228
1569	14576	307	14269
1570	14657	303	14354
1571	14687	301	14386
1572	14722	297	14425
1573	14765	294	14471
1574	14810	298	14512
1575	14772	303	14469
1576	14692	293	14399
1577	14684	288	14396
1578	14719	295	14424
1579	14821	295	14526
1580	14776	287	14489
1581	14661	302	14359
1582	14657	301	14356
1583	14549	296	14253
1584	14480	294	14186
1585	14471	290	14181
1586	14475	294	14181
1587	14449	297	14152
1588	14322	304	14018
1589	14189	312	13877
1590	14272	311	13961
1591	14209	311	13898
1592	14146	306	13840
1593	14011	294	13717
1594	13988	301	13687
1595	13927	305	13622
1596	13836	302	13534
1597	13730	288	13442
1598	13607	300	13307
1599	13583	300	13283
1600	13568	295	13273
1601	13460	298	13162
1602	13360	301	13059
1603	13261	301	12960
1604	13228	304	12924
1605	13130	302	12828
1606	13058	297	12761
1607	12959	299	12660
1608	12815	304	12511
1609	12711	301	12410
1610	12601	299	12302
1611	12542	298	12244
1612	12417	295	12122
1613	12277	303	11974
1614	12140	292	11848
1615	12135	290	11845
1616	12024	297	11727
1617	11850	294	11556
1618	11813	294	11519
1619	11642	296	11346
1620	11621	292	11329
1621	11547	300	11247
1622	11318	303	11015
1623	11203	299	10904
1624	11188	303	10885
1625	11137	303	10834
1626	11098	309	10789
1627	10965	301	10664
1628	10860	303	10557
1629	10762	296	10466
1630	10648	294	10354
1631	10521	296	10225
1632	10486	302	10184
1633	10424	308	10116
1634	10304	299	10005
1635	10291	292	9999
1636	10135	300	9835
1637	10061	304	9757
1638	9965	300	9665
1639	9920	301	9619
1640	9786	306	9480
1641	9790	302	9488
1642	9817	299	9518
1643	9734	298	9436
1644	9681	297	9384
1645	9687	295	9392
1646	9616	300	9316
1647	9581	293	9288
1648	9560	300	9260
1649	9515	317	9198
1650	9400	301	9099
1651	9337	293	9044
1652	9354	293	9061
1653	9294	303	8991
1654	9251	298	8953
1655	9157	293	8864
1656	9089	299	8790
1657	9089	302	8787
1658	9167	300	8867
1659	9143	293	8850
1660	9079	299	8780
1661	8888	295	8593
1662	8844	290	8554
1663	8921	292	8629
1664	8930	306	8624
1665	8810	311	8499
1666	8848	299	8549
1667	8822	299	8523
1668	8707	301	8406
1669	8619	301	8318
1670	8715	294	8421
1671	8700	295	8405
1672	8621	293	8328
1673	8621	284	8337
1674	8677	293	8384
1675	8576	296	8280
1676	8550	296	8254
1677	8516	304	8212
1678	8417	303	8114
1679	8409	297	8112
1680	8365	298	8067
1681	8422	286	8136
1682	8454	288	8166
1683	8489	293	8196
1684	8569	289	8280
1685	8524	286	8238
1686	8551	281	8270
1687	8523	295	8228
1688	8515	300	8215
1689	8527	296	8231
1690	8492	296	8196
1691	8526	292	8234
1692	8496	285	8211
1693	8454	294	8160
1694	8519	313	8206
1695	8653	307	8346
1696	8613	300	8313
1697	8544	296	8248
1698	8630	295	8335
1699	8662	289	8373
1700	8679	289	8390
1701	8720	297	8423
1702	8773	299	8474
1703	8838	300	8538
1704	8885	299	8586
1705	8947	295	8652
1706	8925	290	8635
1707	9015	286	8729
1708	9040	288	8752
1709	9123	289	8834
1710	9271	288	8983
1711	9243	291	8952
1712	9159	298	8861
1713	9148	294	8854
1714	9262	289	8973
1715	9254	299	8955
1716	9336	298	9038
1717	9397	301	9096
1718	9414	293	9121
1719	9407	291	9116
1720	9481	289	9192
1721	9557	296	9261
1722	9619	296	9323
1723	9607	295	9312
1724	9708	292	9416
1725	9772	295	9477
1726	9828	303	9525
1727	9807	301	9506
1728	9884	288	9596
1729	9907	287	9620
1730	9949	294	9655
1731	9967	293	9674
1732	9959	295	9664
1733	10182	292	9890
1734	10289	294	9995
1735	10332	298	10034
1736	10368	286	10082
1737	10406	288	10118
1738	10465	298	10167
1739	10448	296	10152
1740	10413	290	10123
1741	10462	296	10166
1742	10412	300	10112
1743	10382	298	10084
1744	10429	295	10134
1745	10398	296	10102
1746	10293	290	10003
1747	10443	287	10156
1748	10526	301	10225
1749	10443	301	10142
1750	10324	301	10023
1751	10245	302	9943
1752	10141	298	9843
1753	10109	293	9816
1754	10144	293	9851
1755	10110	293	9817
1756	10107	294	9813
1757	10062	298	9764
1758	10169	300	9869
1759	10225	298	9927
1760	10154	308	9846
1761	10075	296	9779
1762	10063	298	9765
1763	10005	306	9699
1764	9861	302	9559
1765	9810	285	9525
1766	9785	289	9496
1767	9767	297	9470
1768	9587	301	9286
1769	9568	306	9262
1770	9538	307	9231
1771	9508	297	9211
1772	9457	292	9165
1773	9468	303	9165
1774	9265	299	8966
1775	9209	293	8916
1776	9257	299	8958
1777	9194	298	8896
1778	9160	307	8853
1779	9048	293	8755
1780	8961	292	8669
1781	8920	299	8621
1782	8818	295	8523
1783	8638	292	8346
1784	8513	295	8218
1785	8488	293	8195
1786	8430	297	8133
1787	8391	302	8089
1788	8327	291	8036
1789	8257	300	7957
1790	8189	306	7883
1791	8193	299	7894
1792	8123	300	7823
1793	8001	297	7704
1794	8036	307	7729
1795	7994	302	7692
1796	7876	296	7580
1797	7805	300	7505
1798	7814	307	7507
1799	7724	301	7423
1800	7621	297	7324
1801	7568	294	7274
1802	7627	298	7329
1803	7480	299	7181
1804	7364	298	7066
1805	7363	295	7068
1806	7292	291	7001
1807	7131	300	6831
1808	7035	304	6731
1809	6864	299	6565
1810	6783	305	6478
1811	6653	303	6350
1812	6599	286	6313
1813	6565	281	6284
1814	6520	298	6222
1815	6456	302	6154
1816	6393	311	6082
1817	6277	305	5972
1818	6235	299	5936
1819	6216	298	5918
1820	6118	288	5830
1821	6080	290	5790
1822	6082	293	5789
1823	6083	294	5789
1824	6034	311	5723
1825	5963	306	5657
1826	5917	304	5613
1827	5874	293	5581
1828	5921	288	5633
1829	5904	289	5615
1830	5870	291	5579
1831	5968	294	5674
1832	5993	299	5694
1833	5951	299	5652
1834	5970	299	5671
1835	5948	300	5648
1836	5936	294	5642
1837	5865	295	5570
1838	5732	293	5439
1839	5672	300	5372
1840	5655	311	5344
1841	5596	307	5289
1842	5603	298	5305
1843	5553	300	5253
1844	5480	302	5178
1845	5413	301	5112
1846	5392	302	5090
1847	5405	307	5098
1848	5360	302	5058
1849	5244	300	4944
1850	5279	296	4983
1851	5221	295	4926
1852	5181	289	4892
1853	5148	290	4858
1854	5131	295	4836
1855	5050	294	4756
1856	5098	297	4801
1857	5074	286	4788
1858	4992	296	4696
1859	4933	308	4625
1860	4934	299	4635
1861	4938	300	4638
1862	4923	306	4617
1863	4891	295	4596
1864	4881	292	4589
1865	4886	293	4593
1866	4894	293	4601
1867	4929	293	4636
1868	4916	294	4622
1869	4813	296	4517
1870	4870	296	4574
1871	4900	297	4603
1872	4883	294	4589
1873	4889	293	4596
1874	4904	294	4610
1875	4903	294	4609
1876	4945	295	4650
1877	4964	298	4666
1878	4889	290	4599
1879	4884	295	4589
1880	4825	305	4520
1881	4744	299	4445
1882	4807	291	4516
1883	4789	292	4497
1884	4780	299	4481
1885	4767	295	4472
1886	4743	300	4443
1887	4699	293	4406
1888	4643	290	4353
1889	4625	289	4336
1890	4656	295	4361
1891	4593	297	4296
1892	4551	299	4252
1893	4624	306	4318
1894	4659	299	4360
1895	4577	304	4273
1896	4508	304	4204
1897	4526	305	4221
1898	4489	301	4188
1899	4549	299	4250
1900	4519	291	4228
1901	4452	295	4157
1902	4433	300	4133
1903	4425	293	4132
1904	4436	299	4137
1905	4430	287	4143
1906	4447	289	4158
1907	4390	295	4095
1908	4360	289	4071
1909	4354	294	4060
1910	4385	298	4087
1911	4417	299	4118
1912	4407	297	4110
1913	4372	293	4079
1914	4357	291	4066
1915	4345	290	4055
1916	4349	295	4054
1917	4382	287	4095
1918	4394	292	4102
1919	4335	299	4036
1920	4364	286	4078
1921	4350	290	4060
1922	4380	299	4081
1923	4414	301	4113
1924	4441	297	4144
1925	4460	301	4159
1926	4397	299	4098
1927	4428	291	4137
1928	4427	295	4132
1929	4429	304	4125
1930	4372	303	4069
1931	4328	300	4028
1932	4351	295	4056
1933	4316	295	4021
1934	4282	307	3975
1935	4239	301	3938
1936	4224	298	3926
1937	4145	300	3845
1938	4123	301	3822
1939	4163	291	3872
1940	4124	284	3840
1941	4037	290	3747
1942	4062	299	3763
1943	4065	308	3757
1944	4053	308	3745
1945	4029	296	3733
1946	4001	293	3708
1947	4038	298	3740
1948	4057	289	3768
1949	4048	295	3753
1950	4003	305	3698
1951	3976	300	3676
1952	3989	297	3692
1953	3969	299	3670
1954	3937	303	3634
1955	3921	301	3620
1956	3919	295	3624
1957	3879	290	3589
1958	3868	294	3574
1959	3895	296	3599
1960	3936	286	3650
1961	3862	291	3571
1962	3814	299	3515
1963	3809	293	3516
1964	3737	294	3443
1965	3637	289	3348
1966	3713	292	3421
1967	3786	297	3489
1968	3768	300	3468
1969	3688	298	3390
1970	3630	294	3336
1971	3658	293	3365
1972	3617	287	3330
1973	3583	286	3297
1974	3552	291	3261
1975	3581	306	3275
1976	3610	303	3307
1977	3543	291	3252
1978	3571	296	3275
1979	3537	304	3233
1980	3449	308	3141
1981	3418	303	3115
1982	3466	298	3168
1983	3443	293	3150
1984	3430	285	3145
1985	3391	291	3100
1986	3303	304	2999
1987	3283	304	2979
1988	3269	296	2973
1989	3243	299	2944
1990	3182	299	2883
1991	3140	300	2840
1992	3115	298	2817
1993	3078	289	2789
1994	3016	298	2718
1995	2999	298	2701
1996	2959	299	2660
1997	2945	293	2652
1998	2882	287	2595
1999	2901	292	2609
2000	2899	292	2607
2001	2802	302	2500
2002	2835	306	2529
2003	2818	297	2521
2004	2774	295	2479
2005	2775	300	2475
2006	2756	295	2461
2007	2750	288	2462
2008	2684	294	2390
2009	2659	297	2362
2010	2622	300	2322
2011	2608	300	2308
2012	2578	295	2283
2013	2554	297	2257
2014	2546	305	2241
2015	2576	306	2270
2016	2591	302	2289
2017	2504	293	2211
2018	2524	301	2223
2019	2536	299	2237
2020	2471	283	2188
2021	2403	286	2117
2022	2394	290	2104
2023	2418	287	2131
2024	2443	292	2151
2025	2407	305	2102
2026	2432	295	2137
2027	2382	291	2091
2028	2374	294	2080
2029	2362	298	2064
2030	2359	298	2061
2031	2375	292	2083
2032	2358	290	2068
2033	2321	289	2032
2034	2334	303	2031
2035	2308	297	2011
2036	2318	297	2021
2037	2330	296	2034
2038	2319	303	2016
2039	2276	300	1976
2040	2264	287	1977
2041	2265	293	1972
2042	2345	290	2055
2043	2331	289	2042
2044	2289	300	1989
2045	2310	299	2011
2046	2312	296	2016
2047	2329	294	2035
2048	2296	291	2005
2049	2253	296	1957
2050	2268	296	1972
2051	2243	297	1946
2052	2193	297	1896
2053	2201	294	1907
2054	2224	296	1928
2055	2214	293	1921
2056	2204	294	1910
2057	2234	299	1935
2058	2230	294	1936
2059	2263	298	1965
2060	2282	299	1983
2061	2256	291	1965
2062	2227	295	1932
2063	2203	293	1910
2064	2247	300	1947
2065	2231	302	1929
2066	2202	299	1903
2067	2176	294	1882
2068	2164	298	1866
2069	2179	306	1873
2070	2145	300	1845
2071	2147	293	1854
2072	2155	296	1859
2073	2108	292	1816
2074	2104	290	1814
2075	2132	288	1844
2076	2166	293	1873
2077	2175	296	1879
2078	2156	297	1859
2079	2114	304	1810
2080	2116	301	1815
2081	2105	296	1809
2082	2162	299	1863
2083	2159	288	1871
2084	2184	285	1899
2085	2180	281	1899
2086	2197	293	1904
2087	2190	293	1897
2088	2193	291	1902
2089	2240	289	1951
2090	2236	293	1943
2091	2196	303	1893
2092	2199	301	1898
2093	2175	298	1877
2094	2208	293	1915
2095	2232	293	1939
2096	2259	299	1960
2097	2320	295	2025
2098	2289	298	1991
2099	2260	293	1967
2100	2321	294	2027
2101	2328	300	2028
2102	2394	293	2101
2103	2413	291	2122
2104	2457	299	2158
2105	2450	297	2153
2106	2486	296	2190
2107	2509	295	2214
2108	2533	298	2235
2109	2586	311	2275
2110	2577	307	2270
2111	2580	301	2279
2112	2608	293	2315
2113	2650	282	2368
2114	2702	291	2411
2115	2681	300	2381
2116	2660	295	2365
2117	2721	290	2431
2118	2690	290	2400
2119	2669	289	2380
2120	2714	294	2420
2121	2743	295	2448
2122	2778	304	2474
2123	2851	306	2545
2124	2872	302	2570
2125	2837	296	2541
2126	2815	296	2519
2127	2861	298	2563
2128	2980	292	2688
2129	3004	292	2712
2130	3063	283	2780
2131	3132	289	2843
2132	3207	296	2911
2133	3289	296	2993
2134	3319	290	3029
2135	3315	290	3025
2136	3374	292	3082
2137	3409	293	3116
2138	3432	303	3129
2139	3457	295	3162
2140	3504	293	3211
2141	3535	299	3236
2142	3611	298	3313
2143	3675	292	3383
2144	3752	293	3459
2145	3818	296	3522
2146	3824	295	3529
2147	3860	294	3566
2148	3940	293	3647
2149	3995	296	3699
2150	4031	292	3739
2151	4045	295	3750
2152	4222	296	3926
2153	4278	293	3985
2154	4316	300	4016
2155	4359	296	4063
2156	4379	296	4083
2157	4530	298	4232
2158	4559	291	4268
2159	4560	290	4270
2160	4667	305	4362
2161	4724	299	4425
2162	4718	298	4420
2163	4822	295	4527
2164	4869	291	4578
2165	4984	300	4684
2166	5093	297	4796
2167	5155	294	4861
2168	5217	306	4911
2169	5263	304	4959
2170	5328	298	5030
2171	5329	295	5034
2172	5424	292	5132
2173	5497	286	5211
2174	5542	295	5247
2175	5588	295	5293
2176	5618	294	5324
2177	5653	296	5357
2178	5678	295	5383
2179	5668	289	5379
2180	5675	288	5387
2181	5756	290	5466
2182	5823	293	5530
2183	5859	291	5568
2184	5939	298	5641
2185	6013	294	5719
2186	6198	296	5902
2187	6350	296	6054
2188	6544	295	6249
2189	6656	295	6361
2190	6775	299	6476
2191	6767	298	6469
2192	6786	305	6481
2193	6794	304	6490
2194	6826	295	6531
2195	6883	296	6587
2196	6818	300	6518
2197	6818	292	6526
2198	6897	294	6603
2199	6894	298	6596
2200	6942	301	6641
2201	6993	298	6695
2202	7102	292	6810
2203	7146	291	6855
2204	7157	302	6855
2205	7267	306	6961
2206	7356	305	7051
2207	7367	298	7069
2208	7356	300	7056
2209	7336	297	7039
2210	7423	299	7124
2211	7407	297	7110
2212	7340	290	7050
2213	7355	294	7061
2214	7445	304	7141
2215	7452	292	7160
2216	7483	293	7190
2217	7503	300	7203
2218	7523	295	7228
2219	7477	289	7188
2220	7426	292	7134
2221	7491	294	7197
2222	7584	304	7280
2223	7501	300	7201
2224	7623	301	7322
2225	7721	295	7426
2226	7737	287	7450
2227	7815	293	7522
2228	7699	303	7396
2229	7545	301	7244
2230	7589	293	7296
2231	7588	296	7292
2232	7631	291	7340
2233	7629	297	7332
2234	7564	297	7267
2235	7524	298	7226
2236	7495	293	7202
2237	7497	291	7206
2238	7447	295	7152
2239	7431	291	7140
2240	7433	295	7138
2241	7440	295	7145
2242	7465	295	7170
2243	7512	300	7212
2244	7521	295	7226
2245	7451	293	7158
2246	7475	298	7177
2247	7456	300	7156
2248	7368	299	7069
2249	7413	297	7116
2250	7481	302	7179
2251	7535	299	7236
2252	7403	295	7108
2253	7296	287	7009
2254	7261	295	6966
2255	7330	299	7031
2256	7372	288	7084
2257	7391	286	7105
2258	7407	291	7116
2259	7373	293	7080
2260	7330	298	7032
2261	7274	296	6978
2262	7230	297	6933
2263	7205	291	6914
2264	7215	298	6917
2265	7257	299	6958
2266	7368	296	7072
2267	7281	301	6980
2268	7339	305	7034
2269	7259	297	6962
2270	7270	298	6972
2271	7240	292	6948
2272	7245	296	6949
2273	7310	295	7015
2274	7246	305	6941
2275	7168	314	6854
2276	7241	301	6940
2277	7307	298	7009
2278	7245	299	6946
2279	7221	296	6925
2280	7194	299	6895
2281	7188	301	6887
2282	7146	303	6843
2283	7157	294	6863
2284	7108	304	6804
2285	7093	297	6796
2286	7074	301	6773
2287	7088	303	6785
2288	7150	291	6859
2289	7221	296	6925
2290	7218	307	6911
2291	7137	299	6838
2292	7108	294	6814
2293	7215	301	6914
2294	7272	300	6972
2295	7135	293	6842
2296	7087	294	6793
2297	7151	295	6856
2298	7133	293	6840
2299	7114	305	6809
2300	7119	303	6816
2301	7112	301	6811
2302	7097	300	6797
2303	7028	302	6726
2304	7040	302	6738
2305	7104	301	6803
2306	7162	298	6864
2307	7153	298	6855
2308	7223	300	6923
2309	7282	292	6990
2310	7264	286	6978
2311	7241	295	6946
2312	7281	298	6983
2313	7293	308	6985
2314	7321	310	7011
2315	7258	297	6961
2316	7258	295	6963
2317	7361	294	7067
2318	7394	294	7100
2319	7355	296	7059
2320	7358	300	7058
2321	7407	297	7110
2322	7447	299	7148
2323	7509	296	7213
2324	7616	302	7314
2325	7623	297	7326
2326	7451	297	7154
2327	7462	305	7157
2328	7506	312	7194
2329	7477	299	7178
2330	7427	289	7138
2331	7469	306	7163
2332	7488	295	7193
2333	7528	298	7230
2334	7557	296	7261
2335	7633	294	7339
2336	7582	290	7292
2337	7560	300	7260
2338	7543	299	7244
2339	7501	295	7206
2340	7388	305	7083
2341	7374	305	7069
2342	7454	304	7150
2343	7479	301	7178
2344	7426	292	7134
2345	7471	290	7181
2346	7459	295	7164
2347	7543	295	7248
2348	7570	291	7279
2349	7525	297	7228
2350	7570	303	7267
2351	7645	301	7344
2352	7724	296	7428
2353	7826	292	7534
2354	7776	290	7486
2355	7760	284	7476
2356	7890	288	7602
2357	7914	286	7628
2358	7959	296	7663
2359	8030	295	7735
2360	8109	296	7813
2361	8113	289	7824
2362	8146	300	7846
2363	8239	296	7943
2364	8306	305	8001
2365	8253	303	7950
2366	8300	292	8008
2367	8429	293	8136
2368	8507	293	8214
2369	8561	295	8266
2370	8520	293	8227
2371	8592	290	8302
2372	8638	289	8349
2373	8489	290	8199
2374	8554	299	8255
2375	8556	300	8256
2376	8578	297	8281
2377	8596	290	8306
2378	8598	288	8310
2379	8584	294	8290
2380	8607	306	8301
2381	8577	302	8275
2382	8580	296	8284
2383	8632	287	8345
2384	8687	295	8392
2385	8670	302	8368
2386	8741	306	8435
2387	8756	298	8458
2388	8818	301	8517
2389	8732	295	8437
2390	8705	300	8405
2391	8672	295	8377
2392	8735	289	8446
2393	8658	293	8365
2394	8559	290	8269
2395	8542	293	8249
2396	8611	296	8315
2397	8644	298	8346
2398	8555	298	8257
2399	8592	296	8296
2400	8572	290	8282
2401	8595	296	8299
2402	8567	295	8272
2403	8521	281	8240
2404	8461	289	8172
2405	8436	296	8140
2406	8517	298	8219
2407	8430	296	8134
2408	8353	299	8054
2409	8459	297	8162
2410	8392	295	8097
2411	8375	298	8077
2412	8372	300	8072
2413	8271	296	7975
2414	8283	296	7987
2415	8275	295	7980
2416	8200	304	7896
2417	8171	298	7873
2418	8241	303	7938
2419	8235	307	7928
2420	8212	298	7914
2421	8340	294	8046
2422	8340	293	8047
2423	8265	297	7968
2424	8338	293	8045
2425	8294	293	8001
2426	8278	302	7976
2427	8216	296	7920
2428	8237	293	7944
2429	8246	291	7955
2430	8251	298	7953
2431	8161	297	7864
2432	8021	300	7721
2433	8049	294	7755
2434	8149	296	7853
2435	8172	290	7882
2436	8191	287	7904
2437	8272	295	7977
2438	8293	295	7998
2439	8303	303	8000
2440	8304	294	8010
2441	8303	283	8020
2442	8236	291	7945
2443	8191	293	7898
2444	8208	291	7917
2445	8180	288	7892
2446	8166	290	7876
2447	8126	301	7825
2448	8135	303	7832
2449	8174	298	7876
2450	8119	302	7817
2451	8051	292	7759
2452	8040	295	7745
2453	8045	291	7754
2454	8019	290	7729
2455	8015	304	7711
2456	7962	296	7666
2457	7913	289	7624
2458	7909	294	7615
2459	7941	290	7651
2460	7977	292	7685
2461	7980	285	7695
2462	7984	290	7694
2463	7948	285	7663
2464	7930	295	7635
2465	7951	294	7657
2466	7906	286	7620
2467	7871	292	7579
2468	7818	283	7535
2469	7895	304	7591
2470	7879	296	7583
2471	7785	292	7493
2472	7801	301	7500
2473	7790	296	7494
2474	7737	301	7436
2475	7799	303	7496
2476	7829	296	7533
2477	7805	291	7514
2478	7761	290	7471
2479	7768	292	7476
2480	7759	300	7459
2481	7730	298	7432
2482	7722	299	7423
2483	7802	309	7493
2484	7840	297	7543
2485	7868	295	7573
2486	7874	298	7576
2487	7938	298	7640
2488	7880	293	7587
2489	7778	286	7492
2490	7683	291	7392
2491	7779	285	7494
2492	7774	295	7479
2493	7744	297	7447
2494	7746	291	7455
2495	7628	297	7331
2496	7652	302	7350
2497	7681	304	7377
2498	7652	301	7351
2499	7637	295	7342
2500	7664	303	7361
2501	7730	307	7423
2502	7702	299	7403
2503	7638	298	7340
2504	7585	296	7289
2505	7579	292	7287
2506	7665	294	7371
2507	7753	284	7469
2508	7762	288	7474
2509	7773	295	7478
2510	7785	282	7503
2511	7794	289	7505
2512	7836	303	7533
2513	7798	302	7496
2514	7986	299	7687
2515	8543	299	8244
2516	9160	296	8864
2517	9689	291	9398
2518	10417	296	10121
2519	11093	298	10795
2520	11321	301	11020
2521	10987	302	10685
2522	10627	296	10331
2523	10203	292	9911
2524	10108	292	9816
2525	10067	286	9781
2526	9903	293	9610
2527	9878	299	9579
2528	9835	298	9537
2529	9870	294	9576
2530	9963	298	9665
2531	10009	299	9710
2532	9923	301	9622
2533	9754	301	9453
2534	9682	299	9383
2535	9554	291	9263
2536	9323	290	9033
2537	9130	301	8829
2538	9261	292	8969
2539	9213	293	8920
2540	9237	298	8939
2541	9162	293	8869
2542	9178	294	8884
2543	9121	301	8820
2544	8943	304	8639
2545	8732	303	8429
2546	8698	295	8403
2547	8530	291	8239
2548	8376	290	8086
2549	8433	289	8144
2550	8393	296	8097
2551	8249	288	7961
2552	8203	289	7914
2553	8134	300	7834
2554	8069	305	7764
2555	7930	300	7630
2556	7866	305	7561
2557	7817	292	7525
2558	7779	289	7490
2559	7670	298	7372
2560	7584	299	7285
2561	7480	293	7187
2562	7491	300	7191
2563	7417	301	7116
2564	7291	294	6997
2565	7378	296	7082
2566	7377	294	7083
2567	7217	295	6922
2568	7156	305	6851
2569	7240	306	6934
2570	7218	300	6918
2571	7160	294	6866
2572	7019	294	6725
2573	6937	290	6647
2574	6889	299	6590
2575	6867	301	6566
2576	6837	301	6536
2577	6801	286	6515
2578	6765	284	6481
2579	6641	301	6340
2580	6571	303	6268
2581	6559	297	6262
2582	6522	298	6224
2583	6534	292	6242
2584	6460	293	6167
2585	6391	301	6090
2586	6419	301	6118
2587	6417	292	6125
2588	6421	296	6125
2589	6364	299	6065
2590	6341	296	6045
2591	6228	290	5938
2592	6232	290	5942
2593	6237	303	5934
2594	6230	302	5928
2595	6184	294	5890
2596	6260	289	5971
2597	6272	284	5988
2598	6273	292	5981
2599	6245	297	5948
2600	6202	307	5895
2601	6102	301	5801
2602	6041	283	5758
2603	6020	288	5732
2604	6003	293	5710
2605	6016	293	5723
2606	5996	302	5694
2607	5962	301	5661
2608	6013	293	5720
2609	5998	297	5701
2610	5936	291	5645
2611	5945	288	5657
2612	5982	301	5681
2613	6014	306	5708
2614	6033	302	5731
2615	6033	296	5737
2616	5980	302	5678
2617	5950	304	5646
2618	6010	297	5713
2619	6052	292	5760
2620	6043	295	5748
2621	5977	306	5671
2622	5944	305	5639
2623	6036	298	5738
2624	6085	292	5793
2625	6079	295	5784
2626	6053	296	5757
2627	5956	299	5657
2628	5955	305	5650
2629	6085	298	5787
2630	6072	296	5776
2631	6073	308	5765
2632	6055	295	5760
2633	6045	291	5754
2634	6070	293	5777
2635	6185	290	5895
2636	6210	292	5918
2637	6200	285	5915
2638	6152	291	5861
2639	6165	287	5878
2640	6216	291	5925
2641	6181	298	5883
2642	6217	291	5926
2643	6258	294	5964
2644	6304	297	6007
2645	6281	291	5990
2646	6290	296	5994
2647	6346	296	6050
2648	6372	296	6076
2649	6408	299	6109
2650	6391	300	6091
2651	6457	293	6164
2652	6502	297	6205
2653	6472	296	6176
2654	6458	302	6156
2655	6437	303	6134
2656	6361	293	6068
2657	6387	294	6093
2658	6420	302	6118
2659	6469	304	6165
2660	6517	295	6222
2661	6483	290	6193
2662	6489	293	6196
2663	6506	288	6218
2664	6501	293	6208
2665	6539	288	6251
2666	6590	292	6298
2667	6652	294	6358
2668	6714	302	6412
2669	6698	305	6393
2670	6614	305	6309
2671	6584	296	6288
2672	6716	290	6426
2673	6768	292	6476
2674	6715	291	6424
2675	6755	299	6456
2676	6741	307	6434
2677	6679	297	6382
2678	6647	292	6355
2679	6677	302	6375
2680	6689	302	6387
2681	6693	294	6399
2682	6711	291	6420
2683	6678	301	6377
2684	6679	308	6371
2685	6669	298	6371
2686	6691	290	6401
2687	6670	293	6377
2688	6641	300	6341
2689	6692	297	6395
2690	6682	292	6390
2691	6626	297	6329
2692	6640	295	6345
2693	6682	287	6395
2694	6645	293	6352
2695	6650	297	6353
2696	6562	303	6259
2697	6532	297	6235
2698	6556	300	6256
2699	6495	291	6204
2700	6475	292	6183
2701	6452	296	6156
2702	6478	297	6181
2703	6498	290	6208
2704	6499	286	6213
2705	6402	296	6106
2706	6312	298	6014
2707	6301	294	6007
2708	6333	302	6031
2709	6269	297	5972
2710	6258	298	5960
2711	6271	301	5970
2712	6366	304	6062
2713	6274	298	5976
2714	6271	301	5970
2715	6279	297	5982
2716	6249	294	5955
2717	6231	291	5940
2718	6169	295	5874
2719	6164	297	5867
2720	6170	295	5875
2721	6138	288	5850
2722	6100	298	5802
2723	6068	301	5767
2724	6065	294	5771
2725	6019	291	5728
2726	6066	294	5772
2727	6073	290	5783
2728	5999	284	5715
2729	6035	288	5747
2730	5989	283	5706
2731	5975	296	5679
2732	5947	292	5655
2733	5936	296	5640
2734	5959	297	5662
2735	5921	298	5623
2736	5837	298	5539
2737	5844	294	5550
2738	5897	295	5602
2739	5906	302	5604
2740	5805	307	5498
2741	5811	302	5509
2742	5834	296	5538
2743	5733	286	5447
2744	5712	284	5428
2745	5713	294	5419
2746	5765	294	5471
2747	5766	297	5469
2748	5777	293	5484
2749	5752	287	5465
2750	5645	298	5347
2751	5665	300	5365
2752	5695	299	5396
2753	5675	293	5382
2754	5696	295	5401
2755	5700	291	5409
2756	5649	295	5354
2757	5617	290	5327
2758	5585	299	5286
2759	5581	297	5284
2760	5555	292	5263
2761	5503	285	5218
2762	5511	289	5222
2763	5529	294	5235
2764	5554	292	5262
2765	5508	290	5218
2766	5486	293	5193
2767	5544	300	5244
2768	5586	294	5292
2769	5550	294	5256
2770	5492	296	5196
2771	5522	294	5228
2772	5567	290	5277
2773	5456	288	5168
2774	5495	293	5202
2775	5445	298	5147
2776	5446	301	5145
2777	5422	301	5121
2778	5428	296	5132
2779	5388	301	5087
2780	5423	303	5120
2781	5439	299	5140
2782	5412	298	5114
2783	5443	291	5152
2784	5453	293	5160
2785	5356	291	5065
2786	5336	299	5037
2787	5297	297	5000
2788	5303	301	5002
2789	5283	294	4989
2790	5345	280	5065
2791	5343	287	5056
2792	5334	300	5034
2793	5298	297	5001
2794	5312	302	5010
2795	5294	306	4988
2796	5267	304	4963
2797	5306	289	5017
2798	5302	290	5012
2799	5277	294	4983
2800	5337	300	5037
2801	5337	290	5047
2802	5258	288	4970
2803	5286	301	4985
2804	5279	306	4973
2805	5301	297	5004
2806	5307	298	5009
2807	5234	296	4938
2808	5224	292	4932
2809	5246	282	4964
2810	5256	293	4963
2811	5230	297	4933
2812	5277	297	4980
2813	5202	294	4908
2814	5159	293	4866
2815	5179	306	4873
2816	5171	301	4870
2817	5181	301	4880
2818	5207	306	4901
2819	5215	298	4917
2820	5190	302	4888
2821	5163	305	4858
2822	5175	300	4875
2823	5147	301	4846
2824	5167	297	4870
2825	5085	295	4790
2826	5045	300	4745
2827	5077	296	4781
2828	5130	301	4829
2829	5104	299	4805
2830	5071	296	4775
2831	5007	288	4719
2832	5028	287	4741
2833	5024	291	4733
2834	4997	290	4707
2835	5060	282	4778
2836	5045	290	4755
2837	4987	302	4685
2838	4962	293	4669
2839	4944	293	4651
2840	4933	294	4639
2841	4924	289	4635
2842	4992	296	4696
2843	4984	293	4691
2844	4926	293	4633
2845	4875	297	4578
2846	4896	288	4608
2847	4910	285	4625
2848	4868	293	4575
2849	4822	306	4516
2850	4874	299	4575
2851	4803	292	4511
2852	4758	292	4466
2853	4779	292	4487
2854	4779	291	4488
2855	4687	289	4398
2856	4635	301	4334
2857	4644	301	4343
2858	4638	296	4342
2859	4675	297	4378
2860	4632	289	4343
2861	4572	290	4282
2862	4519	290	4229
2863	4529	290	4239
2864	4533	289	4244
2865	4536	292	4244
2866	4521	306	4215
2867	4479	303	4176
2868	4474	301	4173
2869	4371	292	4079
2870	4339	297	4042
2871	4330	299	4031
2872	4337	293	4044
2873	4272	301	3971
2874	4297	286	4011
2875	4356	291	4065
2876	4362	300	4062
2877	4325	297	4028
2878	4239	288	3951
2879	4247	294	3953
2880	4213	295	3918
2881	4229	296	3933
2882	4242	295	3947
2883	4216	293	3923
2884	4231	295	3936
2885	4207	291	3916
2886	4117	289	3828
2887	4129	301	3828
2888	4186	298	3888
2889	4199	300	3899
2890	4182	291	3891
2891	4108	286	3822
2892	4075	299	3776
2893	4096	300	3796
2894	4101	292	3809
2895	4089	294	3795
2896	4076	295	3781
2897	4079	296	3783
2898	4093	294	3799
2899	4053	293	3760
2900	4018	296	3722
2901	4012	290	3722
2902	3973	291	3682
2903	3912	285	3627
2904	3937	286	3651
2905	3869	291	3578
2906	3911	294	3617
2907	3957	301	3656
2908	3936	304	3632
2909	3919	292	3627
2910	3879	289	3590
2911	3832	292	3540
2912	3836	299	3537
2913	3850	300	3550
2914	3864	295	3569
2915	3840	291	3549
2916	3857	298	3559
2917	3866	291	3575
2918	3880	286	3594
2919	3860	292	3568
2920	3845	298	3547
2921	3800	304	3496
2922	3815	302	3513
2923	3836	291	3545
2924	3908	291	3617
2925	3822	294	3528
2926	3797	300	3497
2927	3779	295	3484
2928	3805	294	3511
2929	3755	296	3459
2930	3797	289	3508
2931	3810	299	3511
2932	3790	305	3485
2933	3747	304	3443
2934	3756	299	3457
2935	3760	293	3467
2936	3832	292	3540
2937	3777	298	3479
2938	3717	293	3424
2939	3775	297	3478
2940	3786	298	3488
2941	3753	302	3451
2942	3718	304	3414
2943	3734	304	3430
2944	3760	298	3462
2945	3876	300	3576
2946	3853	294	3559
2947	3770	294	3476
2948	3804	304	3500
2949	3787	301	3486
2950	3836	298	3538
2951	3797	290	3507
2952	3775	291	3484
2953	3821	286	3535
2954	3851	297	3554
2955	3859	299	3560
2956	3897	302	3595
2957	3878	295	3583
2958	3868	289	3579
2959	3846	289	3557
2960	3869	301	3568
2961	3881	297	3584
2962	3884	293	3591
2963	3876	285	3591
2964	3910	295	3615
2965	3984	309	3675
2966	3917	301	3616
2967	3912	298	3614
2968	3924	297	3627
2969	3922	295	3627
2970	3890	293	3597
2971	3883	298	3585
2972	3934	302	3632
2973	3893	301	3592
2974	3846	297	3549
2975	3848	299	3549
2976	3911	297	3614
2977	3851	287	3564
2978	3862	292	3570
2979	3919	294	3625
2980	3950	301	3649
2981	3904	300	3604
2982	3905	297	3608
2983	3992	296	3696
2984	3971	292	3679
2985	3929	296	3633
2986	3939	299	3640
2987	4025	300	3725
2988	4047	290	3757
2989	4006	298	3708
2990	4004	297	3707
2991	4051	293	3758
2992	4061	300	3761
2993	4037	296	3741
2994	4061	293	3768
2995	4047	293	3754
2996	4026	297	3729
2997	4036	294	3742
2998	4076	291	3785
2999	4051	286	3765
3000	4075	286	3789
3001	4024	287	3737
3002	3999	292	3707
3003	4028	307	3721
3004	4097	298	3799
3005	4107	294	3813
3006	4122	303	3819
3007	4111	300	3811
3008	4049	295	3754
3009	4028	294	3734
3010	3980	304	3676
3011	3983	298	3685
3012	3996	289	3707
3013	4064	287	3777
3014	4067	301	3766
3015	4008	306	3702
3016	4027	306	3721
3017	3975	298	3677
3018	3927	295	3632
3019	3990	296	3694
3020	4038	296	3742
3021	4024	297	3727
3022	3999	289	3710
3023	3948	288	3660
3024	3983	288	3695
3025	4071	294	3777
3026	4028	295	3733
3027	3970	288	3682
3028	4023	296	3727
3029	3974	299	3675
3030	3976	298	3678
3031	3973	295	3678
3032	3981	287	3694
3033	3967	298	3669
3034	3953	304	3649
3035	3928	292	3636
3036	3937	284	3653
3037	3932	295	3637
3038	3889	295	3594
3039	3888	296	3592
3040	3879	294	3585
3041	3948	295	3653
3042	3935	282	3653
3043	3910	290	3620
3044	3910	291	3619
3045	3855	304	3551
3046	3772	307	3465
3047	3846	296	3550
3048	3905	291	3614
3049	3852	296	3556
3050	3825	295	3530
3051	3831	291	3540
3052	3847	295	3552
3053	3847	302	3545
3054	3845	300	3545
3055	3856	290	3566
3056	3879	295	3584
3057	3853	298	3555
3058	3830	291	3539
3059	3809	286	3523
3060	3795	291	3504
3061	3771	296	3475
3062	3762	298	3464
3063	3756	291	3465
3064	3760	288	3472
3065	3731	288	3443
3066	3744	287	3457
3067	3738	302	3436
3068	3703	300	3403
3069	3707	293	3414
3070	3753	301	3452
3071	3729	292	3437
3072	3719	289	3430
3073	3700	292	3408
3074	3718	287	3431
3075	3694	294	3400
3076	3678	295	3383
3077	3683	286	3397
3078	3636	288	3348
3079	3602	289	3313
3080	3602	281	3321
3081	3596	290	3306
3082	3646	296	3350
3083	3647	293	3354
3084	3666	285	3381
3085	3633	295	3338
3086	3623	300	3323
3087	3651	295	3356
3088	3664	291	3373
3089	3613	286	3327
3090	3670	295	3375
3091	3724	297	3427
3092	3728	297	3431
3093	3717	303	3414
3094	3708	292	3416
3095	3680	290	3390
3096	3734	288	3446
3097	3713	287	3426
3098	3689	286	3403
3099	3701	304	3397
3100	3746	308	3438
3101	3800	299	3501
3102	3738	300	3438
3103	3732	296	3436
3104	3651	286	3365
3105	3732	290	3442
3106	3767	303	3464
3107	3704	301	3403
3108	3717	296	3421
3109	3778	292	3486
3110	3818	297	3521
3111	3772	293	3479
3112	3754	287	3467
3113	3775	282	3493
3114	3748	292	3456
3115	3741	293	3448
3116	3789	290	3499
3117	3842	292	3550
3118	3842	291	3551
3119	3859	297	3562
3120	3861	295	3566
3121	3855	285	3570
3122	3876	292	3584
3123	3812	297	3515
3124	3832	299	3533
3125	3845	294	3551
3126	3833	291	3542
3127	3858	288	3570
3128	3914	294	3620
3129	3914	297	3617
3130	3876	294	3582
3131	3864	296	3568
3132	3869	290	3579
3133	3861	285	3576
3134	3832	288	3544
3135	3855	292	3563
3136	3840	297	3543
3137	3819	295	3524
3138	3909	294	3615
3139	3954	296	3658
3140	3916	296	3620
3141	3938	294	3644
3142	3930	295	3635
3143	3902	292	3610
3144	3984	285	3699
3145	4002	294	3708
3146	4014	309	3705
3147	4079	306	3773
3148	4164	302	3862
3149	4105	295	3810
3150	4125	292	3833
3151	4164	297	3867
3152	4206	287	3919
3153	4235	298	3937
3154	4264	297	3967
3155	4348	284	4064
3156	4324	287	4037
3157	4399	288	4111
3158	4430	296	4134
3159	4458	301	4157
3160	4529	293	4236
3161	4572	285	4287
3162	4701	294	4407
3163	4762	290	4472
3164	4851	293	4558
3165	4921	298	4623
3166	5037	301	4736
3167	5151	302	4849
3168	5174	291	4883
3169	5224	294	4930
3170	5256	296	4960
3171	5353	294	5059
3172	5429	298	5131
3173	5531	298	5233
3174	5495	292	5203
3175	5605	300	5305
3176	5733	297	5436
3177	5801	297	5504
3178	5934	305	5629
3179	6002	302	5700
3180	6084	291	5793
3181	6193	297	5896
3182	6217	298	5919
3183	6347	292	6055
3184	6459	302	6157
3185	6572	295	6277
3186	6601	287	6314
3187	6637	294	6343
3188	6735	297	6438
3189	6690	293	6397
3190	6667	290	6377
3191	6684	295	6389
3192	6739	289	6450
3193	6855	291	6564
3194	6983	304	6679
3195	7090	293	6797
3196	7202	289	6913
3197	7329	298	7031
3198	7457	290	7167
3199	7595	294	7301
3200	7651	297	7354
3201	7702	289	7413
3202	7856	289	7567
3203	7934	306	7628
3204	8012	306	7706
3205	8097	298	7799
3206	8194	300	7894
3207	8175	298	7877
3208	8194	302	7892
3209	8269	309	7960
3210	8394	303	8091
3211	8414	298	8116
3212	8493	302	8191
3213	8624	300	8324
3214	8677	304	8373
3215	8571	299	8272
3216	8593	304	8289
3217	8636	303	8333
3218	8593	290	8303
3219	8592	299	8293
3220	8624	302	8322
3221	8662	298	8364
3222	8780	301	8479
3223	8912	303	8609
3224	9025	297	8728
3225	9014	280	8734
3226	9104	285	8819
3227	9143	303	8840
3228	9218	304	8914
3229	9343	292	9051
3230	9373	292	9081
3231	9482	302	9180
3232	9709	304	9405
3233	9820	296	9524
3234	10028	291	9737
3235	10157	292	9865
3236	10301	294	10007
3237	10306	294	10012
3238	10278	292	9986
3239	10239	300	9939
3240	10195	296	9899
3241	10176	298	9878
3242	10100	305	9795
3243	10150	297	9853
3244	10120	281	9839
3245	9994	280	9714
3246	10042	294	9748
3247	10004	302	9702
3248	10019	304	9715
3249	10056	294	9762
3250	10093	292	9801
3251	10108	300	9808
3252	10216	294	9922
3253	10131	290	9841
3254	10038	292	9746
3255	10002	297	9705
3256	10069	298	9771
3257	10096	292	9804
3258	10058	293	9765
3259	10090	299	9791
3260	9963	303	9660
3261	9969	297	9672
3262	10094	298	9796
3263	10229	294	9935
3264	10469	292	10177
3265	10759	294	10465
3266	10979	290	10689
3267	11102	298	10804
3268	11306	296	11010
3269	11341	305	11036
3270	11211	301	10910
3271	11087	292	10795
3272	11086	284	10802
3273	11057	294	10763
3274	11201	300	10901
3275	11143	292	10851
3276	11066	301	10765
3277	11008	304	10704
3278	10766	300	10466
3279	10586	301	10285
3280	10513	293	10220
3281	10373	290	10083
3282	10245	295	9950
3283	9987	302	9685
3284	9847	298	9549
3285	9891	294	9597
3286	9724	300	9424
3287	9649	295	9354
3288	9577	297	9280
3289	9631	293	9338
3290	9708	294	9414
3291	9763	298	9465
3292	9792	301	9491
3293	9746	294	9452
3294	9701	289	9412
3295	9649	291	9358
3296	9671	292	9379
3297	9684	300	9384
3298	9824	303	9521
3299	9859	298	9561
3300	9754	297	9457
3301	9633	299	9334
3302	9697	295	9402
3303	9713	292	9421
3304	9704	293	9411
3305	9626	282	9344
3306	9481	281	9200
3307	9373	296	9077
3308	9328	302	9026
3309	9065	305	8760
3310	8917	305	8612
3311	8897	300	8597
3312	8880	288	8592
3313	8845	283	8562
3314	8759	294	8465
3315	8713	295	8418
3316	8765	297	8468
3317	8829	295	8534
3318	8773	281	8492
3319	8812	279	8533
3320	8851	298	8553
3321	8788	295	8493
3322	8669	281	8388
3323	8692	291	8401
3324	8687	289	8398
3325	8639	297	8342
3326	8562	302	8260
3327	8472	299	8173
3328	8450	298	8152
3329	8344	302	8042
3330	8222	305	7917
3331	8219	300	7919
3332	8082	300	7782
3333	7949	298	7651
3334	7821	290	7531
3335	7708	290	7418
3336	7586	299	7287
3337	7410	294	7116
3338	7389	283	7106
3339	7349	286	7063
3340	7374	282	7092
3341	7308	288	7020
3342	7190	308	6882
3343	7088	303	6785
3344	7038	297	6741
3345	6920	294	6626
3346	6818	294	6524
3347	6688	288	6400
3348	6699	287	6412
3349	6698	287	6411
3350	6673	300	6373
3351	6535	301	6234
3352	6422	296	6126
3353	6361	295	6066
3354	6297	294	6003
3355	6222	289	5933
3356	6166	301	5865
3357	6163	293	5870
3358	6087	300	5787
3359	5966	295	5671
3360	5895	290	5605
3361	5822	295	5527
3362	5843	300	5543
3363	5823	298	5525
3364	5816	290	5526
3365	5848	282	5566
3366	6024	292	5732
3367	6174	301	5873
3368	6202	293	5909
3369	6235	282	5953
3370	6281	303	5978
3371	6220	304	5916
3372	6199	293	5906
3373	6090	289	5801
3374	6058	302	5756
3375	6040	308	5732
3376	6012	307	5705
3377	5933	306	5627
3378	5813	291	5522
3379	5757	288	5469
3380	5738	299	5439
3381	5797	299	5498
3382	5740	287	5453
3383	5635	297	5338
3384	5590	295	5295
3385	5632	288	5344
3386	5711	290	5421
3387	5736	289	5447
3388	5809	297	5512
3389	5831	295	5536
3390	5809	297	5512
3391	5707	308	5399
3392	5541	301	5240
3393	5508	293	5215
3394	5490	306	5184
3395	5363	298	5065
3396	5348	294	5054
3397	5374	298	5076
3398	5371	296	5075
3399	5316	286	5030
3400	5140	289	4851
3401	5012	286	4726
3402	5043	287	4756
3403	4997	302	4695
3404	4913	308	4605
3405	4936	296	4640
3406	4923	286	4637
3407	4852	296	4556
3408	4831	298	4533
3409	4752	298	4454
3410	4762	298	4464
3411	4749	297	4452
3412	4757	288	4469
3413	4696	287	4409
3414	4645	299	4346
3415	4602	301	4301
3416	4629	294	4335
3417	4682	296	4386
3418	4613	303	4310
3419	4592	301	4291
3420	4651	302	4349
3421	4691	287	4404
3422	4792	284	4508
3423	4865	300	4565
3424	4835	295	4540
3425	4825	299	4526
3426	4783	294	4489
3427	4723	297	4426
3428	4675	290	4385
3429	4575	294	4281
3430	4585	296	4289
3431	4608	297	4311
3432	4629	299	4330
3433	4643	292	4351
3434	4685	296	4389
3435	4718	300	4418
3436	4645	305	4340
3437	4608	298	4310
3438	4586	286	4300
3439	4571	290	4281
3440	4613	297	4316
3441	4528	303	4225
3442	4498	295	4203
3443	4544	294	4250
3444	4501	290	4211
3445	4496	285	4211
3446	4508	292	4216
3447	4483	296	4187
3448	4433	289	4144
3449	4309	294	4015
3450	4228	300	3928
3451	4294	291	4003
3452	4267	298	3969
3453	4239	307	3932
3454	4249	300	3949
3455	4254	297	3957
3456	4198	300	3898
3457	4171	299	3872
3458	4207	299	3908
3459	4213	296	3917
3460	4234	290	3944
3461	4264	305	3959
3462	4290	305	3985
3463	4297	304	3993
3464	4307	300	4007
3465	4284	305	3979
3466	4335	299	4036
3467	4362	288	4074
3468	4298	290	4008
3469	4261	292	3969
3470	4191	291	3900
3471	4136	297	3839
3472	4055	297	3758
3473	4006	284	3722
3474	3968	290	3678
3475	3944	291	3653
3476	3974	289	3685
3477	3928	294	3634
3478	3833	306	3527
3479	3812	296	3516
3480	3822	280	3542
3481	3761	282	3479
3482	3743	287	3456
3483	3755	286	3469
3484	3771	288	3483
3485	3801	292	3509
3486	3855	297	3558
3487	3811	296	3515
3488	3752	296	3456
3489	3803	292	3511
3490	3722	288	3434
3491	3715	290	3425
3492	3718	298	3420
3493	3691	302	3389
3494	3648	301	3347
3495	3538	286	3252
3496	3510	286	3224
3497	3501	292	3209
3498	3471	297	3174
3499	3503	292	3211
3500	3514	291	3223
3501	3515	291	3224
3502	3497	289	3208
3503	3460	296	3164
3504	3437	291	3146
3505	3393	287	3106
3506	3394	297	3097
3507	3369	292	3077
3508	3285	284	3001
3509	3248	288	2960
3510	3258	293	2965
3511	3285	303	2982
3512	3184	305	2879
3513	3148	300	2848
3514	3166	297	2869
3515	3129	284	2845
3516	3095	287	2808
3517	3137	288	2849
3518	3124	296	2828
3519	3077	293	2784
3520	3077	299	2778
3521	3036	304	2732
3522	2984	301	2683
3523	2988	293	2695
3524	3041	283	2758
3525	3030	285	2745
3526	2978	296	2682
3527	2982	302	2680
3528	3067	292	2775
3529	3063	292	2771
3530	3092	291	2801
3531	3040	287	2753
3532	3058	299	2759
3533	3015	296	2719
3534	2908	303	2605
3535	2844	300	2544
3536	2842	294	2548
3537	2790	294	2496
3538	2805	304	2501
3539	2852	305	2547
3540	2827	303	2524
3541	2776	305	2471
3542	2756	303	2453
3543	2729	297	2432
3544	2752	286	2466
3545	2756	294	2462
3546	2754	290	2464
3547	2753	289	2464
3548	2769	296	2473
3549	2663	289	2374
3550	2630	296	2334
3551	2601	293	2308
3552	2555	299	2256
3553	2566	297	2269
3554	2579	292	2287
3555	2588	301	2287
3556	2586	296	2290
3557	2601	292	2309
3558	2574	293	2281
3559	2575	299	2276
3560	2565	298	2267
3561	2539	301	2238
3562	2450	295	2155
3563	2397	304	2093
3564	2440	308	2132
3565	2443	289	2154
3566	2433	293	2140
3567	2401	294	2107
3568	2441	291	2150
3569	2380	304	2076
3570	2378	303	2075
3571	2399	294	2105
3572	2364	288	2076
3573	2353	282	2071
3574	2370	295	2075
3575	2298	296	2002
3576	2295	286	2009
3577	2325	293	2032
3578	2284	298	1986
3579	2281	292	1989
3580	2298	293	2005
3581	2275	299	1976
3582	2252	296	1956
3583	2256	292	1964
3584	2252	302	1950
3585	2238	296	1942
3586	2203	297	1906
3587	2161	296	1865
3588	2137	288	1849
3589	2069	292	1777
3590	2040	293	1747
3591	2036	294	1742
3592	2121	295	1826
3593	2110	294	1816
3594	2074	295	1779
3595	2057	298	1759
3596	2042	292	1750
3597	2084	287	1797
3598	2058	289	1769
3599	1977	295	1682
3600	1978	295	1683
3601	2018	290	1728
3602	2009	289	1720
3603	1976	302	1674
3604	1966	302	1664
3605	1920	298	1622
3606	1958	303	1655
3607	1922	300	1622
3608	1917	305	1612
3609	1919	296	1623
3610	1895	296	1599
3611	1871	304	1567
3612	1836	303	1533
3613	1797	295	1502
3614	1771	295	1476
3615	1706	294	1412
3616	1768	291	1477
3617	1769	287	1482
3618	1753	293	1460
3619	1755	289	1466
3620	1714	285	1429
3621	1678	295	1383
3622	1712	299	1413
3623	1687	290	1397
3624	1651	284	1367
3625	1656	296	1360
3626	1707	303	1404
3627	1706	305	1401
3628	1711	301	1410
3629	1705	296	1409
3630	1703	296	1407
3631	1703	292	1411
3632	1647	296	1351
3633	1634	292	1342
3634	1595	284	1311
3635	1543	289	1254
3636	1531	294	1237
3637	1541	295	1246
3638	1547	301	1246
3639	1479	301	1178
3640	1461	292	1169
3641	1478	292	1186
3642	1516	298	1218
3643	1501	298	1203
3644	1536	301	1235
3645	1514	294	1220
3646	1501	291	1210
3647	1520	295	1225
3648	1509	296	1213
