index	original	background	difference
-----------------------------------------------------
1	302	237	65
2	310	244	66
3	303	241	62
4	331	236	95
5	304	239	65
6	290	238	52
7	287	251	36
8	295	249	46
9	325	246	79
10	303	256	47
11	287	260	27
12	301	245	56
13	319	245	74
14	315	247	68
15	314	248	66
16	354	239	115
17	328	236	92
18	311	237	74
19	302	246	56
20	316	245	71
21	327	249	78
22	327	252	75
23	314	249	65
24	331	247	84
25	341	256	85
26	347	251	96
27	327	256	71
28	301	254	47
29	306	251	55
30	333	247	86
31	319	251	68
32	310	249	61
33	317	260	57
34	339	259	80
35	343	261	82
36	358	255	103
37	349	255	94
38	331	249	82
39	348	254	94
40	338	254	84
41	314	261	53
42	311	265	46
43	316	264	52
44	337	254	83
45	327	255	72
46	336	262	74
47	335	260	75
48	342	259	83
49	340	268	72
50	361	256	105
51	346	259	87
52	327	259	68
53	319	257	62
54	346	255	91
55	337	260	77
56	333	251	82
57	340	256	84
58	343	271	72
59	362	267	95
60	342	261	81
61	305	273	32
62	329	265	64
63	337	270	67
64	340	265	75
65	340	264	76
66	341	266	75
67	325	273	52
68	355	258	97
69	353	262	91
70	341	262	79
71	344	260	84
72	342	260	82
73	334	261	73
74	321	260	61
75	325	265	60
76	329	251	78
77	316	263	53
78	319	264	55
79	336	266	70
80	336	265	71
81	363	264	99
82	367	258	109
83	335	266	69
84	348	271	77
85	333	266	67
86	331	253	78
87	336	259	77
88	336	257	79
89	316	267	49
90	325	270	55
91	320	275	45
92	323	260	63
93	351	258	93
94	341	264	77
95	341	279	62
96	360	272	88
97	352	270	82
98	350	272	78
99	350	274	76
100	357	266	91
101	317	270	47
102	339	258	81
103	336	260	76
104	347	264	83
105	342	263	79
106	346	266	80
107	340	266	74
108	309	273	36
109	308	279	29
110	329	263	66
111	334	260	74
112	354	267	87
113	338	275	63
114	356	270	86
115	340	265	75
116	357	269	88
117	356	271	85
118	354	264	90
119	324	269	55
120	323	282	41
121	314	278	36
122	329	262	67
123	342	271	71
124	340	261	79
125	345	272	73
126	364	260	104
127	351	259	92
128	342	264	78
129	331	272	59
130	314	272	42
131	334	272	62
132	349	263	86
133	321	270	51
134	319	271	48
135	346	270	76
136	356	271	85
137	335	277	58
138	351	273	78
139	343	270	73
140	337	269	68
141	348	270	78
142	372	266	106
143	325	283	42
144	325	282	43
145	337	279	58
146	347	277	70
147	319	274	45
148	324	262	62
149	356	259	97
150	367	268	99
151	340	280	60
152	332	277	55
153	343	272	71
154	335	272	63
155	345	288	57
156	349	270	79
157	338	263	75
158	353	269	84
159	346	272	74
160	324	267	57
161	329	276	53
162	334	274	60
163	309	269	40
164	312	261	51
165	334	266	68
166	346	264	82
167	334	268	66
168	330	265	65
169	313	275	38
170	332	270	62
171	329	268	61
172	321	264	57
173	333	275	58
174	335	271	64
175	339	271	68
176	323	268	55
177	309	271	38
178	308	262	46
179	318	278	40
180	344	276	68
181	345	280	65
182	341	272	69
183	322	270	52
184	339	270	69
185	343	278	65
186	337	275	62
187	333	274	59
188	317	272	45
189	331	273	58
190	324	272	52
191	312	267	45
192	333	260	73
193	320	263	57
194	319	267	52
195	328	280	48
196	335	260	75
197	348	265	83
198	346	276	70
199	336	280	56
200	331	273	58
201	343	271	72
202	337	257	80
203	334	269	65
204	351	265	86
205	340	267	73
206	320	265	55
207	339	269	70
208	340	269	71
209	315	269	46
210	335	274	61
211	353	282	71
212	337	268	69
213	322	275	47
214	334	270	64
215	328	275	53
216	360	273	87
217	359	271	88
218	345	271	74
219	336	269	67
220	337	273	64
221	337	283	54
222	349	276	73
223	322	280	42
224	325	281	44
225	334	281	53
226	345	272	73
227	344	274	70
228	340	265	75
229	337	276	61
230	344	269	75
231	347	272	75
232	358	275	83
233	370	275	95
234	354	273	81
235	326	268	58
236	342	267	75
237	349	274	75
238	333	269	64
239	336	273	63
240	346	272	74
241	342	280	62
242	321	283	38
243	306	271	35
244	325	267	58
245	330	271	59
246	345	265	80
247	359	266	93
248	342	264	78
249	347	276	71
250	346	267	79
251	321	270	51
252	320	267	53
253	329	269	60
254	340	260	80
255	321	270	51
256	346	267	79
257	359	274	85
258	345	276	69
259	330	277	53
260	329	265	64
261	336	263	73
262	342	262	80
263	332	269	63
264	361	265	96
265	345	279	66
266	318	266	52
267	339	274	65
268	367	277	90
269	342	277	65
270	327	273	54
271	316	275	41
272	316	271	45
273	326	272	54
274	336	267	69
275	329	269	60
276	326	273	53
277	336	280	56
278	344	279	65
279	356	277	79
280	327	269	58
281	312	274	38
282	337	269	68
283	330	269	61
284	332	264	68
285	341	264	77
286	330	260	70
287	333	270	63
288	326	262	64
289	316	264	52
290	324	272	52
291	315	281	34
292	324	273	51
293	333	270	63
294	346	261	85
295	366	263	103
296	354	264	90
297	316	270	46
298	333	278	55
299	346	286	60
300	330	270	60
301	342	271	71
302	344	273	71
303	333	271	62
304	339	261	78
305	350	260	90
306	342	265	77
307	302	279	23
308	301	264	37
309	337	259	78
310	348	271	77
311	333	268	65
312	327	262	65
313	318	273	45
314	323	268	55
315	326	269	57
316	347	262	85
317	369	271	98
318	362	268	94
319	358	269	89
320	341	264	77
321	342	271	71
322	339	259	80
323	315	264	51
324	338	260	78
325	346	259	87
326	331	262	69
327	322	277	45
328	349	278	71
329	351	278	73
330	334	280	54
331	307	279	28
332	323	271	52
333	335	282	53
334	349	280	69
335	350	277	73
336	343	274	69
337	351	276	75
338	348	264	84
339	314	268	46
340	336	275	61
341	350	269	81
342	365	271	94
343	359	283	76
344	362	267	95
345	347	270	77
346	336	272	64
347	333	272	61
348	341	272	69
349	346	278	68
350	355	275	80
351	309	275	34
352	326	274	52
353	353	269	84
354	358	264	94
355	343	275	68
356	340	278	62
357	344	278	66
358	338	277	61
359	319	282	37
360	331	277	54
361	334	288	46
362	342	275	67
363	345	269	76
364	346	266	80
365	354	271	83
366	355	276	79
367	349	273	76
368	344	266	78
369	351	284	67
370	353	281	72
371	356	278	78
372	349	270	79
373	337	278	59
374	341	284	57
375	350	279	71
376	327	274	53
377	335	274	61
378	341	272	69
379	345	276	69
380	359	275	84
381	343	279	64
382	343	273	70
383	344	271	73
384	349	272	77
385	332	276	56
386	311	267	44
387	329	275	54
388	347	275	72
389	330	275	55
390	344	268	76
391	356	271	85
392	338	272	66
393	344	267	77
394	350	274	76
395	325	272	53
396	344	277	67
397	353	281	72
398	349	276	73
399	340	280	60
400	342	278	64
401	349	274	75
402	348	268	80
403	338	274	64
404	329	279	50
405	330	283	47
406	348	269	79
407	334	270	64
408	343	264	79
409	322	267	55
410	325	257	68
411	318	269	49
412	303	274	29
413	303	273	30
414	300	267	33
415	318	282	36
416	332	281	51
417	342	275	67
418	333	270	63
419	322	266	56
420	329	263	66
421	327	264	63
422	323	263	60
423	324	264	60
424	335	259	76
425	345	269	76
426	345	275	70
427	333	272	61
428	340	271	69
429	350	274	76
430	336	270	66
431	346	273	73
432	356	267	89
433	324	268	56
434	359	262	97
435	368	271	97
436	345	272	73
437	335	266	69
438	345	264	81
439	347	270	77
440	357	267	90
441	321	274	47
442	317	267	50
443	330	261	69
444	338	272	66
445	353	279	74
446	373	271	102
447	336	271	65
448	327	273	54
449	337	277	60
450	347	273	74
451	337	269	68
452	320	271	49
453	310	269	41
454	333	265	68
455	337	267	70
456	318	274	44
457	315	277	38
458	335	266	69
459	337	264	73
460	341	262	79
461	330	279	51
462	333	283	50
463	345	275	70
464	337	261	76
465	325	268	57
466	312	261	51
467	334	266	68
468	345	268	77
469	333	279	54
470	334	273	61
471	340	276	64
472	345	270	75
473	321	258	63
474	340	264	76
475	351	271	80
476	346	264	82
477	334	261	73
478	315	264	51
479	328	271	57
480	349	271	78
481	344	275	69
482	352	263	89
483	337	255	82
484	341	261	80
485	342	274	68
486	350	268	82
487	342	271	71
488	337	268	69
489	367	263	104
490	380	253	127
491	353	269	84
492	331	275	56
493	318	268	50
494	333	262	71
495	329	265	64
496	331	266	65
497	351	273	78
498	347	267	80
499	336	267	69
500	336	269	67
501	337	265	72
502	328	261	67
503	331	265	66
504	328	270	58
505	313	277	36
506	343	276	67
507	329	272	57
508	324	262	62
509	338	265	73
510	340	276	64
511	324	275	49
512	313	269	44
513	309	278	31
514	338	277	61
515	350	265	85
516	339	265	74
517	336	270	66
518	335	268	67
519	322	279	43
520	354	272	82
521	346	273	73
522	320	269	51
523	306	270	36
524	339	270	69
525	352	274	78
526	331	262	69
527	293	259	34
528	329	265	64
529	332	267	65
530	330	265	65
531	342	270	72
532	355	268	87
533	344	282	62
534	358	276	82
535	346	279	67
536	337	273	64
537	334	264	70
538	340	258	82
539	335	269	66
540	353	274	79
541	359	276	83
542	363	273	90
543	335	281	54
544	338	279	59
545	358	273	85
546	354	272	82
547	343	281	62
548	347	275	72
549	346	275	71
550	348	268	80
551	325	275	50
552	338	270	68
553	334	271	63
554	338	271	67
555	365	276	89
556	367	265	102
557	333	273	60
558	319	269	50
559	326	268	58
560	336	270	66
561	337	277	60
562	332	269	63
563	323	272	51
564	342	278	64
565	345	277	68
566	327	266	61
567	334	279	55
568	345	276	69
569	331	264	67
570	340	265	75
571	345	272	73
572	346	272	74
573	343	284	59
574	354	276	78
575	342	274	68
576	318	275	43
577	316	270	46
578	328	264	64
579	346	271	75
580	359	270	89
581	350	274	76
582	323	267	56
583	331	267	64
584	338	270	68
585	352	282	70
586	347	281	66
587	349	279	70
588	359	275	84
589	346	275	71
590	345	269	76
591	331	270	61
592	347	259	88
593	345	260	85
594	360	270	90
595	340	279	61
596	353	275	78
597	362	279	83
598	346	270	76
599	337	277	60
600	338	273	65
601	330	272	58
602	348	265	83
603	334	263	71
604	345	260	85
605	344	272	72
606	339	269	70
607	345	268	77
608	354	274	80
609	320	273	47
610	336	274	62
611	344	275	69
612	347	269	78
613	335	275	60
614	350	275	75
615	345	276	69
616	363	271	92
617	375	269	106
618	359	261	98
619	337	270	67
620	340	279	61
621	325	278	47
622	344	263	81
623	356	265	91
624	344	266	78
625	326	273	53
626	321	272	49
627	320	271	49
628	321	273	48
629	334	270	64
630	348	262	86
631	351	269	82
632	339	273	66
633	339	278	61
634	343	265	78
635	334	267	67
636	357	266	91
637	369	274	95
638	381	271	110
639	356	266	90
640	366	272	94
641	371	277	94
642	356	272	84
643	329	283	46
644	343	277	66
645	355	279	76
646	372	278	94
647	360	278	82
648	336	267	69
649	341	275	66
650	348	262	86
651	346	261	85
652	344	268	76
653	350	269	81
654	342	270	72
655	347	284	63
656	336	273	63
657	338	272	66
658	343	275	68
659	351	272	79
660	352	272	80
661	339	271	68
662	343	270	73
663	323	275	48
664	326	277	49
665	344	272	72
666	360	261	99
667	349	269	80
668	326	268	58
669	337	276	61
670	345	275	70
671	343	270	73
672	349	259	90
673	338	262	76
674	342	275	67
675	305	267	38
676	333	271	62
677	340	278	62
678	335	269	66
679	342	274	68
680	338	267	71
681	337	274	63
682	348	268	80
683	340	268	72
684	361	280	81
685	371	281	90
686	338	270	68
687	346	269	77
688	346	275	71
689	345	272	73
690	370	266	104
691	362	275	87
692	347	274	73
693	363	264	99
694	346	265	81
695	334	268	66
696	349	275	74
697	357	275	82
698	367	255	112
699	352	267	85
700	343	265	78
701	352	271	81
702	356	270	86
703	361	275	86
704	358	273	85
705	349	272	77
706	355	263	92
707	354	270	84
708	355	270	85
709	363	268	95
710	357	267	90
711	347	275	72
712	357	271	86
713	348	268	80
714	357	266	91
715	349	276	73
716	369	264	105
717	362	261	101
718	331	259	72
719	355	279	76
720	326	270	56
721	332	278	54
722	348	269	79
723	334	266	68
724	357	268	89
725	380	256	124
726	387	262	125
727	366	270	96
728	361	262	99
729	344	265	79
730	340	268	72
731	340	276	64
732	351	270	81
733	355	270	85
734	372	264	108
735	354	268	86
736	342	265	77
737	335	268	67
738	351	273	78
739	359	268	91
740	363	267	96
741	359	268	91
742	366	266	100
743	352	271	81
744	324	269	55
745	341	275	66
746	362	272	90
747	360	278	82
748	360	272	88
749	380	265	115
750	373	265	108
751	339	263	76
752	366	263	103
753	363	281	82
754	354	271	83
755	349	268	81
756	346	266	80
757	347	277	70
758	367	279	88
759	362	269	93
760	373	265	108
761	380	276	104
762	384	271	113
763	355	271	84
764	341	264	77
765	352	277	75
766	355	272	83
767	356	273	83
768	383	267	116
769	362	271	91
770	364	267	97
771	379	276	103
772	387	271	116
773	375	267	108
774	373	268	105
775	365	270	95
776	382	265	117
777	376	280	96
778	374	276	98
779	380	264	116
780	387	266	121
781	383	276	107
782	388	272	116
783	408	280	128
784	376	275	101
785	387	277	110
786	407	280	127
787	393	281	112
788	395	261	134
789	378	268	110
790	376	272	104
791	366	281	85
792	396	283	113
793	397	281	116
794	396	272	124
795	392	272	120
796	381	275	106
797	386	283	103
798	411	280	131
799	399	271	128
800	374	262	112
801	382	269	113
802	397	272	125
803	380	279	101
804	399	272	127
805	423	269	154
806	413	264	149
807	404	262	142
808	396	266	130
809	402	276	126
810	395	270	125
811	398	259	139
812	402	265	137
813	376	283	93
814	386	278	108
815	393	272	121
816	396	269	127
817	415	272	143
818	404	264	140
819	426	267	159
820	414	272	142
821	385	272	113
822	383	271	112
823	399	270	129
824	391	269	122
825	380	282	98
826	382	281	101
827	383	278	105
828	414	264	150
829	400	269	131
830	397	266	131
831	400	266	134
832	411	268	143
833	396	277	119
834	389	277	112
835	386	279	107
836	393	269	124
837	402	273	129
838	400	273	127
839	378	271	107
840	374	259	115
841	385	262	123
842	393	268	125
843	400	274	126
844	416	262	154
845	437	266	171
846	426	271	155
847	399	272	127
848	417	268	149
849	428	263	165
850	397	263	134
851	406	274	132
852	418	274	144
853	424	272	152
854	416	267	149
855	406	268	138
856	421	270	151
857	422	264	158
858	412	269	143
859	415	275	140
860	411	267	144
861	419	278	141
862	424	272	152
863	419	273	146
864	438	272	166
865	432	278	154
866	417	274	143
867	405	272	133
868	412	272	140
869	433	272	161
870	429	264	165
871	424	266	158
872	437	264	173
873	433	274	159
874	430	268	162
875	412	273	139
876	417	271	146
877	420	278	142
878	445	265	180
879	441	264	177
880	443	255	188
881	413	268	145
882	391	270	121
883	403	276	127
884	436	278	158
885	425	274	151
886	425	263	162
887	426	264	162
888	426	265	161
889	443	273	170
890	483	271	212
891	476	266	210
892	440	264	176
893	431	272	159
894	439	270	169
895	436	278	158
896	456	271	185
897	466	274	192
898	438	265	173
899	427	272	155
900	443	270	173
901	449	262	187
902	454	273	181
903	467	283	184
904	467	269	198
905	448	279	169
906	447	276	171
907	441	280	161
908	456	274	182
909	474	277	197
910	488	274	214
911	467	272	195
912	445	262	183
913	475	269	206
914	471	273	198
915	454	268	186
916	472	262	210
917	453	274	179
918	459	269	190
919	457	265	192
920	464	263	201
921	461	274	187
922	460	271	189
923	447	279	168
924	464	271	193
925	472	265	207
926	453	269	184
927	444	264	180
928	480	265	215
929	483	279	204
930	466	266	200
931	468	267	201
932	493	276	217
933	487	277	210
934	486	271	215
935	488	275	213
936	478	269	209
937	479	273	206
938	486	266	220
939	499	272	227
940	491	269	222
941	471	272	199
942	487	267	220
943	499	269	230
944	496	273	223
945	481	280	201
946	477	264	213
947	468	277	191
948	488	274	214
949	479	273	206
950	477	271	206
951	482	271	211
952	498	261	237
953	522	272	250
954	544	273	271
955	486	276	210
956	469	273	196
957	500	272	228
958	506	277	229
959	504	280	224
960	497	276	221
961	503	275	228
962	499	268	231
963	507	281	226
964	540	271	269
965	541	267	274
966	499	267	232
967	470	273	197
968	503	263	240
969	487	269	218
970	493	270	223
971	497	276	221
972	517	282	235
973	523	281	242
974	536	278	258
975	506	276	230
976	512	271	241
977	518	272	246
978	552	273	279
979	555	282	273
980	523	271	252
981	511	271	240
982	529	280	249
983	510	284	226
984	517	272	245
985	535	276	259
986	538	271	267
987	515	268	247
988	516	257	259
989	524	262	262
990	537	263	274
991	524	276	248
992	539	270	269
993	567	274	293
994	569	280	289
995	544	271	273
996	558	260	298
997	577	272	305
998	561	265	296
999	577	269	308
1000	564	273	291
1001	543	274	269
1002	569	271	298
1003	583	274	309
1004	587	270	317
1005	579	273	306
1006	590	271	319
1007	604	269	335
1008	599	274	325
1009	578	282	296
1010	577	279	298
1011	570	279	291
1012	571	276	295
1013	572	278	294
1014	591	274	317
1015	578	269	309
1016	570	276	294
1017	572	276	296
1018	573	268	305
1019	572	271	301
1020	598	279	319
1021	582	279	303
1022	581	267	314
1023	582	278	304
1024	585	285	300
1025	600	280	320
1026	606	264	342
1027	569	268	301
1028	588	270	318
1029	608	277	331
1030	599	276	323
1031	595	274	321
1032	614	264	350
1033	619	273	346
1034	613	270	343
1035	603	266	337
1036	611	264	347
1037	605	268	337
1038	595	274	321
1039	570	280	290
1040	630	274	356
1041	639	272	367
1042	608	261	347
1043	588	263	325
1044	609	262	347
1045	635	271	364
1046	632	263	369
1047	625	275	350
1048	626	273	353
1049	628	275	353
1050	622	274	348
1051	628	273	355
1052	642	274	368
1053	608	276	332
1054	612	273	339
1055	646	276	370
1056	638	269	369
1057	622	271	351
1058	610	267	343
1059	618	269	349
1060	631	276	355
1061	621	280	341
1062	635	273	362
1063	642	278	364
1064	626	274	352
1065	630	276	354
1066	645	267	378
1067	629	286	343
1068	620	275	345
1069	633	267	366
1070	648	263	385
1071	663	265	398
1072	682	268	414
1073	632	279	353
1074	627	276	351
1075	631	270	361
1076	622	268	354
1077	652	269	383
1078	675	272	403
1079	683	271	412
1080	691	268	423
1081	649	267	382
1082	658	264	394
1083	674	271	403
1084	680	265	415
1085	669	277	392
1086	697	275	422
1087	679	271	408
1088	679	267	412
1089	659	275	384
1090	655	278	377
1091	666	283	383
1092	687	271	416
1093	712	271	441
1094	702	275	427
1095	688	279	409
1096	693	269	424
1097	683	273	410
1098	690	272	418
1099	704	276	428
1100	691	274	417
1101	682	272	410
1102	691	273	418
1103	707	273	434
1104	738	267	471
1105	728	272	456
1106	716	280	436
1107	717	273	444
1108	717	260	457
1109	728	270	458
1110	708	273	435
1111	702	274	428
1112	733	260	473
1113	758	265	493
1114	743	269	474
1115	717	283	434
1116	737	279	458
1117	756	278	478
1118	769	273	496
1119	751	271	480
1120	779	275	504
1121	756	267	489
1122	745	269	476
1123	740	277	463
1124	740	277	463
1125	765	277	488
1126	775	264	511
1127	747	272	475
1128	738	282	456
1129	779	272	507
1130	792	264	528
1131	778	276	502
1132	790	272	518
1133	777	273	504
1134	781	279	502
1135	788	275	513
1136	780	273	507
1137	774	282	492
1138	790	271	519
1139	790	269	521
1140	799	274	525
1141	790	275	515
1142	796	273	523
1143	773	278	495
1144	777	274	503
1145	773	278	495
1146	780	277	503
1147	759	275	484
1148	770	271	499
1149	819	284	535
1150	832	278	554
1151	817	272	545
1152	797	270	527
1153	815	263	552
1154	820	264	556
1155	797	277	520
1156	820	276	544
1157	792	286	506
1158	805	277	528
1159	822	272	550
1160	835	280	555
1161	819	285	534
1162	829	272	557
1163	812	270	542
1164	810	271	539
1165	812	284	528
1166	816	275	541
1167	822	268	554
1168	834	273	561
1169	838	268	570
1170	804	267	537
1171	819	276	543
1172	824	270	554
1173	813	271	542
1174	827	275	552
1175	802	274	528
1176	832	259	573
1177	869	266	603
1178	826	279	547
1179	782	283	499
1180	821	274	547
1181	815	275	540
1182	841	270	571
1183	840	271	569
1184	828	268	560
1185	803	277	526
1186	824	274	550
1187	861	272	589
1188	852	266	586
1189	860	270	590
1190	828	274	554
1191	841	270	571
1192	869	270	599
1193	852	282	570
1194	859	284	575
1195	847	277	570
1196	862	272	590
1197	832	273	559
1198	865	277	588
1199	887	278	609
1200	866	275	591
1201	864	273	591
1202	861	271	590
1203	875	278	597
1204	881	270	611
1205	872	278	594
1206	861	271	590
1207	863	263	600
1208	894	262	632
1209	872	269	603
1210	874	261	613
1211	881	276	605
1212	909	278	631
1213	894	275	619
1214	888	268	620
1215	859	274	585
1216	872	272	600
1217	879	267	612
1218	883	262	621
1219	893	273	620
1220	901	269	632
1221	912	274	638
1222	915	264	651
1223	906	265	641
1224	916	263	653
1225	919	273	646
1226	923	274	649
1227	922	270	652
1228	904	269	635
1229	920	267	653
1230	935	262	673
1231	935	274	661
1232	926	277	649
1233	916	271	645
1234	925	272	653
1235	956	283	673
1236	953	274	679
1237	934	278	656
1238	927	269	658
1239	947	278	669
1240	956	276	680
1241	935	273	662
1242	965	266	699
1243	994	262	732
1244	1002	265	737
1245	956	273	683
1246	960	268	692
1247	987	271	716
1248	981	262	719
1249	946	266	680
1250	929	265	664
1251	949	272	677
1252	968	279	689
1253	960	281	679
1254	951	271	680
1255	946	270	676
1256	989	269	720
1257	979	269	710
1258	996	271	725
1259	963	276	687
1260	971	275	696
1261	962	284	678
1262	945	274	671
1263	958	270	688
1264	982	273	709
1265	989	282	707
1266	978	267	711
1267	943	263	680
1268	976	266	710
1269	994	268	726
1270	996	261	735
1271	1008	264	744
1272	1031	264	767
1273	1019	268	751
1274	1051	270	781
1275	993	276	717
1276	985	271	714
1277	996	278	718
1278	1009	277	732
1279	1013	280	733
1280	1015	276	739
1281	1020	269	751
1282	1054	271	783
1283	1014	273	741
1284	1001	264	737
1285	1021	271	750
1286	1036	266	770
1287	1030	267	763
1288	1012	259	753
1289	989	270	719
1290	1000	268	732
1291	970	276	694
1292	961	277	684
1293	988	271	717
1294	1031	263	768
1295	1013	266	747
1296	1010	268	742
1297	983	275	708
1298	990	267	723
1299	1003	270	733
1300	1027	267	760
1301	1011	269	742
1302	1012	266	746
1303	1004	270	734
1304	990	265	725
1305	1005	281	724
1306	1020	283	737
1307	1020	267	753
1308	1055	266	789
1309	1069	270	799
1310	1030	274	756
1311	991	281	710
1312	1034	267	767
1313	1027	262	765
1314	1023	260	763
1315	1026	272	754
1316	998	267	731
1317	981	260	721
1318	1013	264	749
1319	1002	273	729
1320	1015	271	744
1321	1025	273	752
1322	1028	270	758
1323	1033	266	767
1324	1037	262	775
1325	1008	272	736
1326	980	268	712
1327	987	262	725
1328	1023	270	753
1329	1024	274	750
1330	1017	272	745
1331	997	265	732
1332	1013	267	746
1333	1048	277	771
1334	1068	277	791
1335	1048	266	782
1336	1000	261	739
1337	980	271	709
1338	986	272	714
1339	981	278	703
1340	992	265	727
1341	998	266	732
1342	1023	267	756
1343	1016	277	739
1344	1020	274	746
1345	1028	272	756
1346	1028	264	764
1347	1034	266	768
1348	1007	268	739
1349	991	274	717
1350	1013	268	745
1351	1015	265	750
1352	1030	258	772
1353	1051	270	781
1354	1057	274	783
1355	1039	266	773
1356	1025	266	759
1357	1020	265	755
1358	998	258	740
1359	1003	262	741
1360	1012	259	753
1361	1019	266	753
1362	1000	267	733
1363	995	269	726
1364	1033	260	773
1365	1034	267	767
1366	1028	265	763
1367	1042	266	776
1368	1023	265	758
1369	1001	274	727
1370	994	278	716
1371	979	281	698
1372	999	272	727
1373	1017	275	742
1374	1027	274	753
1375	1028	267	761
1376	1012	260	752
1377	980	271	709
1378	988	272	716
1379	990	271	719
1380	1013	271	742
1381	1006	273	733
1382	1005	269	736
1383	993	277	716
1384	945	268	677
1385	962	272	690
1386	1000	271	729
1387	1022	282	740
1388	998	265	733
1389	973	267	706
1390	989	264	725
1391	1014	274	740
1392	994	270	724
1393	1002	275	727
1394	1015	271	744
1395	992	270	722
1396	994	271	723
1397	973	263	710
1398	983	266	717
1399	970	273	697
1400	970	275	695
1401	1010	273	737
1402	1011	272	739
1403	954	276	678
1404	951	279	672
1405	948	279	669
1406	975	267	708
1407	984	277	707
1408	989	271	718
1409	973	282	691
1410	990	271	719
1411	1006	280	726
1412	1008	285	723
1413	978	277	701
1414	945	262	683
1415	926	264	662
1416	919	264	655
1417	930	276	654
1418	965	278	687
1419	964	269	695
1420	963	263	700
1421	958	276	682
1422	967	274	693
1423	954	276	678
1424	958	274	684
1425	942	271	671
1426	927	275	652
1427	917	275	642
1428	916	274	642
1429	908	269	639
1430	896	268	628
1431	933	275	658
1432	932	262	670
1433	878	267	611
1434	923	261	662
1435	948	273	675
1436	953	266	687
1437	929	268	661
1438	924	277	647
1439	916	270	646
1440	908	267	641
1441	902	282	620
1442	908	275	633
1443	929	274	655
1444	930	270	660
1445	907	276	631
1446	887	274	613
1447	895	269	626
1448	928	272	656
1449	929	276	653
1450	905	274	631
1451	924	279	645
1452	921	269	652
1453	838	277	561
1454	851	273	578
1455	856	273	583
1456	874	270	604
1457	904	283	621
1458	893	281	612
1459	893	273	620
1460	874	258	616
1461	859	271	588
1462	880	272	608
1463	892	271	621
1464	927	262	665
1465	878	267	611
1466	840	272	568
1467	865	270	595
1468	865	250	615
1469	865	277	588
1470	883	267	616
1471	908	277	631
1472	870	272	598
1473	861	272	589
1474	871	273	598
1475	848	280	568
1476	876	269	607
1477	898	274	624
1478	889	277	612
1479	886	276	610
1480	841	275	566
1481	847	279	568
1482	862	271	591
1483	834	276	558
1484	830	273	557
1485	845	271	574
1486	863	271	592
1487	862	275	587
1488	880	273	607
1489	873	272	601
1490	860	263	597
1491	854	281	573
1492	904	275	629
1493	878	274	604
1494	871	272	599
1495	872	275	597
1496	856	273	583
1497	862	281	581
1498	864	268	596
1499	869	267	602
1500	871	268	603
1501	862	276	586
1502	881	271	610
1503	858	271	587
1504	846	275	571
1505	861	272	589
1506	835	264	571
1507	801	268	533
1508	836	267	569
1509	864	268	596
1510	849	272	577
1511	813	286	527
1512	845	279	566
1513	836	267	569
1514	862	267	595
1515	859	272	587
1516	849	267	582
1517	843	269	574
1518	845	257	588
1519	849	271	578
1520	839	277	562
1521	817	268	549
1522	816	278	538
1523	844	285	559
1524	845	270	575
1525	837	276	561
1526	843	275	568
1527	826	280	546
1528	820	271	549
1529	827	267	560
1530	846	264	582
1531	821	277	544
1532	836	270	566
1533	860	271	589
1534	844	276	568
1535	825	272	553
1536	819	269	550
1537	818	275	543
1538	855	269	586
1539	843	275	568
1540	842	273	569
1541	821	275	546
1542	844	272	572
1543	855	275	580
1544	849	270	579
1545	847	271	576
1546	853	265	588
1547	829	267	562
1548	850	271	579
1549	828	282	546
1550	809	267	542
1551	835	270	565
1552	835	263	572
1553	846	278	568
1554	855	285	570
1555	794	275	519
1556	793	268	525
1557	822	277	545
1558	810	276	534
1559	832	264	568
1560	881	261	620
1561	875	268	607
1562	836	272	564
1563	823	274	549
1564	840	266	574
1565	848	269	579
1566	866	273	593
1567	855	274	581
1568	877	270	607
1569	884	269	615
1570	869	274	595
1571	862	275	587
1572	886	269	617
1573	891	272	619
1574	905	254	651
1575	886	270	616
1576	856	273	583
1577	889	266	623
1578	889	257	632
1579	900	269	631
1580	908	268	640
1581	882	278	604
1582	885	272	613
1583	910	264	646
1584	931	258	673
1585	925	264	661
1586	925	262	663
1587	924	260	664
1588	927	263	664
1589	917	270	647
1590	901	272	629
1591	907	268	639
1592	956	260	696
1593	950	263	687
1594	967	264	703
1595	973	270	703
1596	991	268	723
1597	978	279	699
1598	988	276	712
1599	1024	278	746
1600	1067	278	789
1601	1057	280	777
1602	1064	278	786
1603	1067	285	782
1604	1077	282	795
1605	1077	271	806
1606	1101	269	832
1607	1097	273	824
1608	1082	269	813
1609	1087	278	809
1610	1107	275	832
1611	1118	267	851
1612	1147	271	876
1613	1146	279	867
1614	1187	272	915
1615	1211	270	941
1616	1200	257	943
1617	1197	267	930
1618	1192	270	922
1619	1221	277	944
1620	1253	265	988
1621	1239	267	972
1622	1231	262	969
1623	1241	264	977
1624	1285	269	1016
1625	1326	276	1050
1626	1304	270	1034
1627	1343	271	1072
1628	1346	266	1080
1629	1351	272	1079
1630	1392	268	1124
1631	1422	273	1149
1632	1393	271	1122
1633	1400	271	1129
1634	1439	265	1174
1635	1460	270	1190
1636	1491	271	1220
1637	1449	277	1172
1638	1446	278	1168
1639	1478	275	1203
1640	1500	270	1230
1641	1518	273	1245
1642	1563	269	1294
1643	1600	281	1319
1644	1637	277	1360
1645	1600	272	1328
1646	1598	272	1326
1647	1609	276	1333
1648	1632	271	1361
1649	1647	277	1370
1650	1669	261	1408
1651	1695	265	1430
1652	1706	268	1438
1653	1710	276	1434
1654	1751	274	1477
1655	1750	272	1478
1656	1764	258	1506
1657	1774	254	1520
1658	1826	264	1562
1659	1848	280	1568
1660	1837	274	1563
1661	1874	269	1605
1662	1887	262	1625
1663	1883	273	1610
1664	1927	275	1652
1665	1968	277	1691
1666	1975	265	1710
1667	2013	267	1746
1668	2004	264	1740
1669	1988	272	1716
1670	2038	270	1768
1671	2049	280	1769
1672	2121	265	1856
1673	2161	266	1895
1674	2148	265	1883
1675	2188	267	1921
1676	2217	272	1945
1677	2232	277	1955
1678	2249	281	1968
1679	2228	278	1950
1680	2228	273	1955
1681	2238	275	1963
1682	2302	274	2028
1683	2295	286	2009
1684	2305	284	2021
1685	2379	264	2115
1686	2356	248	2108
1687	2338	259	2079
1688	2379	274	2105
1689	2432	274	2158
1690	2450	271	2179
1691	2485	279	2206
1692	2475	272	2203
1693	2482	275	2207
1694	2572	266	2306
1695	2601	273	2328
1696	2536	276	2260
1697	2574	281	2293
1698	2628	281	2347
1699	2571	286	2285
1700	2633	270	2363
1701	2640	273	2367
1702	2693	276	2417
1703	2782	275	2507
1704	2762	278	2484
1705	2733	279	2454
1706	2817	263	2554
1707	2821	273	2548
1708	2813	275	2538
1709	2830	275	2555
1710	2821	267	2554
1711	2834	268	2566
1712	2895	262	2633
1713	2895	275	2620
1714	2843	271	2572
1715	2938	271	2667
1716	3023	278	2745
1717	2994	276	2718
1718	2978	273	2705
1719	3004	271	2733
1720	3024	271	2753
1721	3108	278	2830
1722	3143	274	2869
1723	3113	269	2844
1724	3154	271	2883
1725	3178	274	2904
1726	3163	275	2888
1727	3172	270	2902
1728	3211	263	2948
1729	3267	271	2996
1730	3241	269	2972
1731	3240	264	2976
1732	3275	270	3005
1733	3264	277	2987
1734	3282	276	3006
1735	3314	284	3030
1736	3358	273	3085
1737	3367	274	3093
1738	3377	265	3112
1739	3398	277	3121
1740	3467	266	3201
1741	3467	267	3200
1742	3465	269	3196
1743	3497	279	3218
1744	3512	269	3243
1745	3536	271	3265
1746	3561	269	3292
1747	3531	276	3255
1748	3559	271	3288
1749	3653	274	3379
1750	3682	270	3412
1751	3711	274	3437
1752	3672	274	3398
1753	3619	285	3334
1754	3680	275	3405
1755	3646	277	3369
1756	3701	272	3429
1757	3760	273	3487
1758	3739	273	3466
1759	3730	272	3458
1760	3751	260	3491
1761	3702	270	3432
1762	3771	274	3497
1763	3835	281	3554
1764	3804	279	3525
1765	3842	277	3565
1766	3892	272	3620
1767	3888	275	3613
1768	3891	273	3618
1769	3884	278	3606
1770	3895	277	3618
1771	3916	280	3636
1772	3965	275	3690
1773	3971	282	3689
1774	4038	280	3758
1775	4063	282	3781
1776	4062	269	3793
1777	4096	276	3820
1778	4114	284	3830
1779	4055	280	3775
1780	4072	272	3800
1781	4084	278	3806
1782	4093	276	3817
1783	4123	277	3846
1784	4113	284	3829
1785	4109	285	3824
1786	4137	273	3864
1787	4222	278	3944
1788	4286	273	4013
1789	4268	271	3997
1790	4242	276	3966
1791	4232	280	3952
1792	4222	272	3950
1793	4278	273	4005
1794	4367	269	4098
1795	4310	276	4034
1796	4304	263	4041
1797	4390	280	4110
1798	4376	274	4102
1799	4381	275	4106
1800	4420	276	4144
1801	4410	274	4136
1802	4479	278	4201
1803	4510	282	4228
1804	4433	276	4157
1805	4456	276	4180
1806	4537	271	4266
1807	4545	270	4275
1808	4476	270	4206
1809	4476	275	4201
1810	4548	275	4273
1811	4559	275	4284
1812	4556	266	4290
1813	4590	271	4319
1814	4652	272	4380
1815	4648	277	4371
1816	4649	271	4378
1817	4656	268	4388
1818	4650	267	4383
1819	4670	276	4394
1820	4757	267	4490
1821	4764	267	4497
1822	4765	276	4489
1823	4856	277	4579
1824	4860	269	4591
1825	4840	275	4565
1826	4868	269	4599
1827	4889	274	4615
1828	4851	281	4570
1829	4893	277	4616
1830	4979	271	4708
1831	4935	284	4651
1832	4988	275	4713
1833	4983	270	4713
1834	5006	273	4733
1835	5050	267	4783
1836	5075	272	4803
1837	5123	271	4852
1838	5099	275	4824
1839	5121	273	4848
1840	5107	261	4846
1841	5098	265	4833
1842	5186	276	4910
1843	5260	287	4973
1844	5200	274	4926
1845	5224	271	4953
1846	5299	259	5040
1847	5252	279	4973
1848	5306	275	5031
1849	5235	272	4963
1850	5316	270	5046
1851	5379	271	5108
1852	5376	272	5104
1853	5387	273	5114
1854	5460	268	5192
1855	5525	285	5240
1856	5506	278	5228
1857	5454	271	5183
1858	5554	266	5288
1859	5666	267	5399
1860	5623	271	5352
1861	5620	273	5347
1862	5604	270	5334
1863	5581	271	5310
1864	5612	261	5351
1865	5685	269	5416
1866	5657	266	5391
1867	5698	275	5423
1868	5777	283	5494
1869	5733	282	5451
1870	5744	276	5468
1871	5808	275	5533
1872	5757	272	5485
1873	5741	270	5471
1874	5848	269	5579
1875	5932	277	5655
1876	5905	272	5633
1877	5916	278	5638
1878	5969	275	5694
1879	6032	281	5751
1880	6059	262	5797
1881	6020	265	5755
1882	6094	266	5828
1883	6124	276	5848
1884	6101	279	5822
1885	6115	271	5844
1886	6169	267	5902
1887	6149	263	5886
1888	6229	261	5968
1889	6271	275	5996
1890	6262	266	5996
1891	6226	271	5955
1892	6270	267	6003
1893	6294	269	6025
1894	6284	263	6021
1895	6392	269	6123
1896	6384	267	6117
1897	6297	274	6023
1898	6357	265	6092
1899	6409	271	6138
1900	6414	265	6149
1901	6382	266	6116
1902	6334	264	6070
1903	6402	283	6119
1904	6503	277	6226
1905	6498	267	6231
1906	6482	273	6209
1907	6495	279	6216
1908	6529	280	6249
1909	6549	286	6263
1910	6570	281	6289
1911	6617	280	6337
1912	6673	269	6404
1913	6698	270	6428
1914	6665	278	6387
1915	6648	287	6361
1916	6585	269	6316
1917	6638	264	6374
1918	6715	265	6450
1919	6755	281	6474
1920	6828	274	6554
1921	6811	285	6526
1922	6806	269	6537
1923	6742	266	6476
1924	6782	273	6509
1925	6846	272	6574
1926	6893	257	6636
1927	6886	267	6619
1928	6823	276	6547
1929	6835	276	6559
1930	6960	273	6687
1931	6985	272	6713
1932	6995	272	6723
1933	6950	265	6685
1934	6993	271	6722
1935	6959	272	6687
1936	6925	273	6652
1937	6903	276	6627
1938	6900	270	6630
1939	6944	276	6668
1940	7007	272	6735
1941	6970	274	6696
1942	6932	271	6661
1943	6911	273	6638
1944	7052	261	6791
1945	7079	271	6808
1946	7057	273	6784
1947	7039	271	6768
1948	6991	257	6734
1949	7002	260	6742
1950	7056	264	6792
1951	7088	274	6814
1952	7133	274	6859
1953	7076	278	6798
1954	7046	264	6782
1955	7073	270	6803
1956	7051	273	6778
1957	7065	273	6792
1958	7046	279	6767
1959	6993	288	6705
1960	7065	277	6788
1961	7097	278	6819
1962	7126	270	6856
1963	7123	272	6851
1964	7188	277	6911
1965	7115	288	6827
1966	7133	283	6850
1967	7147	285	6862
1968	7178	273	6905
1969	7211	272	6939
1970	7135	268	6867
1971	7106	271	6835
1972	7158	266	6892
1973	7165	269	6896
1974	7140	266	6874
1975	7112	271	6841
1976	7129	267	6862
1977	7222	269	6953
1978	7200	263	6937
1979	7222	270	6952
1980	7243	268	6975
1981	7170	277	6893
1982	7168	280	6888
1983	7173	278	6895
1984	7154	267	6887
1985	7107	276	6831
1986	7141	272	6869
1987	7164	278	6886
1988	7140	268	6872
1989	7109	266	6843
1990	7057	270	6787
1991	7042	268	6774
1992	7109	264	6845
1993	7093	276	6817
1994	7010	274	6736
1995	6998	274	6724
1996	7099	268	6831
1997	7133	275	6858
1998	7117	277	6840
1999	7106	284	6822
2000	7129	277	6852
2001	7061	273	6788
2002	7076	275	6801
2003	7083	274	6809
2004	7172	269	6903
2005	7118	274	6844
2006	7120	267	6853
2007	7093	270	6823
2008	7091	268	6823
2009	7116	269	6847
2010	7071	266	6805
2011	6998	259	6739
2012	7042	264	6778
2013	7122	273	6849
2014	7115	269	6846
2015	7128	269	6859
2016	7169	269	6900
2017	7103	269	6834
2018	7060	262	6798
2019	7087	275	6812
2020	7115	281	6834
2021	7179	273	6906
2022	7157	263	6894
2023	7130	280	6850
2024	7115	268	6847
2025	7170	266	6904
2026	7201	272	6929
2027	7219	270	6949
2028	7235	268	6967
2029	7323	270	7053
2030	7326	261	7065
2031	7272	280	6992
2032	7214	274	6940
2033	7249	276	6973
2034	7292	273	7019
2035	7286	275	7011
2036	7316	266	7050
2037	7340	269	7071
2038	7349	274	7075
2039	7357	274	7083
2040	7421	276	7145
2041	7371	284	7087
2042	7360	273	7087
2043	7357	278	7079
2044	7320	282	7038
2045	7430	281	7149
2046	7445	277	7168
2047	7431	278	7153
2048	7461	271	7190
2049	7498	274	7224
2050	7496	276	7220
2051	7431	282	7149
2052	7452	277	7175
2053	7505	277	7228
2054	7517	275	7242
2055	7474	273	7201
2056	7539	274	7265
2057	7549	277	7272
2058	7529	279	7250
2059	7502	273	7229
2060	7610	269	7341
2061	7595	284	7311
2062	7618	276	7342
2063	7677	277	7400
2064	7654	272	7382
2065	7678	271	7407
2066	7770	277	7493
2067	7736	278	7458
2068	7734	278	7456
2069	7764	284	7480
2070	7776	274	7502
2071	7737	275	7462
2072	7756	276	7480
2073	7700	281	7419
2074	7805	274	7531
2075	7990	277	7713
2076	7881	275	7606
2077	7796	284	7512
2078	7950	277	7673
2079	8004	278	7726
2080	7977	278	7699
2081	8002	278	7724
2082	7993	274	7719
2083	7974	278	7696
2084	8010	275	7735
2085	8083	273	7810
2086	8105	273	7832
2087	8111	274	7837
2088	8037	271	7766
2089	8042	274	7768
2090	8233	276	7957
2091	8190	278	7912
2092	8131	262	7869
2093	8151	273	7878
2094	8198	265	7933
2095	8214	264	7950
2096	8192	269	7923
2097	8260	281	7979
2098	8337	282	8055
2099	8309	273	8036
2100	8355	265	8090
2101	8429	275	8154
2102	8515	268	8247
2103	8435	271	8164
2104	8379	259	8120
2105	8469	262	8207
2106	8555	270	8285
2107	8541	272	8269
2108	8539	274	8265
2109	8580	279	8301
2110	8686	269	8417
2111	8626	270	8356
2112	8555	271	8284
2113	8588	271	8317
2114	8651	264	8387
2115	8755	273	8482
2116	8725	272	8453
2117	8755	273	8482
2118	8797	268	8529
2119	8819	271	8548
2120	8846	264	8582
2121	8859	268	8591
2122	8874	272	8602
2123	8923	270	8653
2124	8986	272	8714
2125	9036	285	8751
2126	9028	281	8747
2127	9059	275	8784
2128	9051	273	8778
2129	9048	272	8776
2130	9131	269	8862
2131	9123	275	8848
2132	9164	275	8889
2133	9164	284	8880
2134	9115	278	8837
2135	9122	269	8853
2136	9154	274	8880
2137	9230	272	8958
2138	9230	267	8963
2139	9328	276	9052
2140	9336	272	9064
2141	9293	278	9015
2142	9404	274	9130
2143	9431	282	9149
2144	9470	277	9193
2145	9465	270	9195
2146	9473	272	9201
2147	9440	271	9169
2148	9526	256	9270
2149	9653	266	9387
2150	9670	274	9396
2151	9720	278	9442
2152	9735	275	9460
2153	9722	273	9449
2154	9702	276	9426
2155	9805	275	9530
2156	9769	272	9497
2157	9786	265	9521
2158	9916	268	9648
2159	9964	281	9683
2160	9885	272	9613
2161	9915	284	9631
2162	9905	282	9623
2163	9886	267	9619
2164	9908	265	9643
2165	9944	277	9667
2166	10014	267	9747
2167	10007	264	9743
2168	9994	267	9727
2169	10056	270	9786
2170	10084	267	9817
2171	10076	274	9802
2172	10149	271	9878
2173	10212	271	9941
2174	10139	270	9869
2175	10102	281	9821
2176	10098	273	9825
2177	10219	279	9940
2178	10270	281	9989
2179	10309	269	10040
2180	10254	268	9986
2181	10280	274	10006
2182	10465	266	10199
2183	10454	261	10193
2184	10388	267	10121
2185	10468	277	10191
2186	10370	267	10103
2187	10305	274	10031
2188	10404	268	10136
2189	10520	282	10238
2190	10429	275	10154
2191	10427	266	10161
2192	10417	277	10140
2193	10478	284	10194
2194	10576	277	10299
2195	10524	271	10253
2196	10554	271	10283
2197	10518	269	10249
2198	10473	278	10195
2199	10492	281	10211
2200	10530	275	10255
2201	10537	273	10264
2202	10607	268	10339
2203	10491	277	10214
2204	10498	270	10228
2205	10592	276	10316
2206	10596	274	10322
2207	10628	277	10351
2208	10630	277	10353
2209	10645	276	10369
2210	10623	270	10353
2211	10672	275	10397
2212	10665	265	10400
2213	10607	266	10341
2214	10646	262	10384
2215	10758	269	10489
2216	10768	271	10497
2217	10671	276	10395
2218	10621	252	10369
2219	10647	282	10365
2220	10615	281	10334
2221	10608	272	10336
2222	10660	268	10392
2223	10591	273	10318
2224	10542	263	10279
2225	10560	269	10291
2226	10702	280	10422
2227	10681	281	10400
2228	10621	272	10349
2229	10661	277	10384
2230	10666	276	10390
2231	10682	270	10412
2232	10652	259	10393
2233	10642	276	10366
2234	10645	276	10369
2235	10574	272	10302
2236	10575	266	10309
2237	10643	274	10369
2238	10655	262	10393
2239	10643	274	10369
2240	10675	279	10396
2241	10584	278	10306
2242	10521	279	10242
2243	10491	280	10211
2244	10506	265	10241
2245	10473	280	10193
2246	10503	273	10230
2247	10510	279	10231
2248	10376	272	10104
2249	10334	280	10054
2250	10329	274	10055
2251	10346	272	10074
2252	10361	263	10098
2253	10319	279	10040
2254	10314	281	10033
2255	10266	269	9997
2256	10341	269	10072
2257	10354	273	10081
2258	10303	277	10026
2259	10224	279	9945
2260	10159	281	9878
2261	10236	284	9952
2262	10276	274	10002
2263	10274	279	9995
2264	10276	269	10007
2265	10210	272	9938
2266	10099	265	9834
2267	10125	274	9851
2268	10146	280	9866
2269	10194	284	9910
2270	10160	276	9884
2271	10127	276	9851
2272	10130	282	9848
2273	10038	280	9758
2274	9997	272	9725
2275	10114	270	9844
2276	10095	264	9831
2277	10048	282	9766
2278	10034	275	9759
2279	10113	267	9846
2280	10137	279	9858
2281	10027	280	9747
2282	10105	273	9832
2283	10168	274	9894
2284	10158	262	9896
2285	10144	266	9878
2286	10087	274	9813
2287	9931	281	9650
2288	9934	271	9663
2289	10045	273	9772
2290	10060	277	9783
2291	10062	273	9789
2292	10050	263	9787
2293	9985	275	9710
2294	9947	270	9677
2295	9927	282	9645
2296	9934	281	9653
2297	9948	284	9664
2298	9991	289	9702
2299	9962	291	9671
2300	9960	265	9695
2301	9956	266	9690
2302	10014	275	9739
2303	9979	279	9700
2304	10006	278	9728
2305	10008	279	9729
2306	10017	268	9749
2307	9977	278	9699
2308	9945	283	9662
2309	10003	279	9724
2310	10008	275	9733
2311	10006	286	9720
2312	9927	284	9643
2313	10000	279	9721
2314	9974	279	9695
2315	9921	285	9636
2316	9924	276	9648
2317	9974	273	9701
2318	10064	269	9795
2319	10010	275	9735
2320	9942	267	9675
2321	9927	277	9650
2322	9970	269	9701
2323	10043	260	9783
2324	9985	270	9715
2325	10004	282	9722
2326	10025	279	9746
2327	9967	271	9696
2328	9939	275	9664
2329	10032	280	9752
2330	10069	273	9796
2331	10089	282	9807
2332	10133	275	9858
2333	10136	276	9860
2334	10198	275	9923
2335	10205	271	9934
2336	10147	280	9867
2337	10133	287	9846
2338	10147	275	9872
2339	10202	272	9930
2340	10237	273	9964
2341	10222	273	9949
2342	10208	264	9944
2343	10171	266	9905
2344	10165	271	9894
2345	10116	282	9834
2346	10210	278	9932
2347	10224	281	9943
2348	10143	276	9867
2349	10089	285	9804
2350	10267	281	9986
2351	10248	280	9968
2352	10306	269	10037
2353	10303	271	10032
2354	10402	270	10132
2355	10306	281	10025
2356	10259	270	9989
2357	10337	276	10061
2358	10389	282	10107
2359	10381	291	10090
2360	10452	277	10175
2361	10471	275	10196
2362	10449	277	10172
2363	10460	280	10180
2364	10503	266	10237
2365	10432	269	10163
2366	10413	277	10136
2367	10467	281	10186
2368	10480	275	10205
2369	10536	278	10258
2370	10522	281	10241
2371	10583	282	10301
2372	10555	271	10284
2373	10568	269	10299
2374	10634	269	10365
2375	10579	280	10299
2376	10549	274	10275
2377	10701	275	10426
2378	10697	269	10428
2379	10702	270	10432
2380	10728	272	10456
2381	10711	276	10435
2382	10617	264	10353
2383	10662	263	10399
2384	10734	270	10464
2385	10792	271	10521
2386	10859	261	10598
2387	10855	264	10591
2388	10781	267	10514
2389	10794	280	10514
2390	10896	274	10622
2391	10953	280	10673
2392	10978	270	10708
2393	10983	272	10711
2394	10991	269	10722
2395	11064	276	10788
2396	11076	272	10804
2397	11065	275	10790
2398	11070	275	10795
2399	11069	279	10790
2400	11052	279	10773
2401	11050	277	10773
2402	11078	275	10803
2403	11073	281	10792
2404	11100	282	10818
2405	11200	280	10920
2406	11223	271	10952
2407	11220	275	10945
2408	11219	269	10950
2409	11286	265	11021
2410	11334	268	11066
2411	11303	276	11027
2412	11317	274	11043
2413	11440	272	11168
2414	11504	269	11235
2415	11462	277	11185
2416	11497	268	11229
2417	11466	275	11191
2418	11489	278	11211
2419	11491	276	11215
2420	11512	273	11239
2421	11498	267	11231
2422	11585	272	11313
2423	11637	278	11359
2424	11570	271	11299
2425	11614	273	11341
2426	11710	273	11437
2427	11742	268	11474
2428	11791	266	11525
2429	11742	279	11463
2430	11712	277	11435
2431	11675	271	11404
2432	11778	265	11513
2433	11820	268	11552
2434	11892	262	11630
2435	11923	270	11653
2436	11955	268	11687
2437	11997	273	11724
2438	12102	268	11834
2439	12148	274	11874
2440	12132	267	11865
2441	12165	267	11898
2442	12145	275	11870
2443	12140	275	11865
2444	12162	267	11895
2445	12143	279	11864
2446	12270	267	12003
2447	12266	267	11999
2448	12206	266	11940
2449	12166	272	11894
2450	12312	274	12038
2451	12312	268	12044
2452	12269	251	12018
2453	12334	266	12068
2454	12397	274	12123
2455	12417	270	12147
2456	12473	263	12210
2457	12428	272	12156
2458	12342	267	12075
2459	12394	267	12127
2460	12443	272	12171
2461	12511	278	12233
2462	12618	266	12352
2463	12613	273	12340
2464	12670	277	12393
2465	12705	281	12424
2466	12704	280	12424
2467	12576	278	12298
2468	12645	274	12371
2469	12594	272	12322
2470	12608	257	12351
2471	12710	272	12438
2472	12738	276	12462
2473	12834	276	12558
2474	12859	272	12587
2475	12884	280	12604
2476	12886	265	12621
2477	12921	263	12658
2478	12892	267	12625
2479	12868	273	12595
2480	13021	270	12751
2481	12983	264	12719
2482	12930	267	12663
2483	12928	286	12642
2484	13004	277	12727
2485	13045	273	12772
2486	12943	265	12678
2487	13001	275	12726
2488	13018	274	12744
2489	12986	272	12714
2490	12987	269	12718
2491	13064	283	12781
2492	12986	281	12705
2493	12968	272	12696
2494	13059	270	12789
2495	13070	269	12801
2496	13117	262	12855
2497	13171	263	12908
2498	13163	274	12889
2499	13109	277	12832
2500	13166	273	12893
2501	13101	273	12828
2502	13121	267	12854
2503	13088	261	12827
2504	13170	272	12898
2505	13226	279	12947
2506	13146	269	12877
2507	13175	277	12898
2508	13207	281	12926
2509	13199	280	12919
2510	13201	277	12924
2511	13224	274	12950
2512	13203	268	12935
2513	13232	270	12962
2514	13202	262	12940
2515	13250	264	12986
2516	13271	268	13003
2517	13249	267	12982
2518	13282	273	13009
2519	13155	279	12876
2520	13152	276	12876
2521	13204	278	12926
2522	13195	271	12924
2523	13307	267	13040
2524	13314	262	13052
2525	13338	281	13057
2526	13265	274	12991
2527	13234	268	12966
2528	13318	274	13044
2529	13368	272	13096
2530	13287	268	13019
2531	13290	271	13019
2532	13328	272	13056
2533	13291	274	13017
2534	13294	275	13019
2535	13288	272	13016
2536	13343	263	13080
2537	13391	259	13132
2538	13317	265	13052
2539	13194	275	12919
2540	13245	265	12980
2541	13240	273	12967
2542	13321	267	13054
2543	13337	269	13068
2544	13223	268	12955
2545	13313	272	13041
2546	13244	269	12975
2547	13286	281	13005
2548	13247	276	12971
2549	13161	272	12889
2550	13190	264	12926
2551	13271	274	12997
2552	13268	272	12996
2553	13262	280	12982
2554	13130	273	12857
2555	13169	278	12891
2556	13244	274	12970
2557	13256	272	12984
2558	13239	271	12968
2559	13141	267	12874
2560	13204	261	12943
2561	13219	277	12942
2562	13189	269	12920
2563	13087	271	12816
2564	13160	276	12884
2565	13109	280	12829
2566	13039	271	12768
2567	13103	268	12835
2568	13086	272	12814
2569	13042	270	12772
2570	13081	267	12814
2571	13046	269	12777
2572	13054	277	12777
2573	13083	286	12797
2574	13061	272	12789
2575	12967	275	12692
2576	12966	273	12693
2577	12980	279	12701
2578	13046	275	12771
2579	12984	266	12718
2580	12898	265	12633
2581	12835	273	12562
2582	12879	275	12604
2583	12851	275	12576
2584	12838	272	12566
2585	12759	269	12490
2586	12805	270	12535
2587	12853	273	12580
2588	12819	277	12542
2589	12773	275	12498
2590	12733	270	12463
2591	12665	274	12391
2592	12650	276	12374
2593	12789	273	12516
2594	12860	272	12588
2595	12767	266	12501
2596	12672	265	12407
2597	12670	270	12400
2598	12733	271	12462
2599	12678	269	12409
2600	12606	271	12335
2601	12587	273	12314
2602	12638	269	12369
2603	12565	271	12294
2604	12592	276	12316
2605	12632	275	12357
2606	12578	271	12307
2607	12556	280	12276
2608	12489	276	12213
2609	12421	274	12147
2610	12402	262	12140
2611	12388	262	12126
2612	12387	277	12110
2613	12367	285	12082
2614	12409	262	12147
2615	12518	267	12251
2616	12567	271	12296
2617	12541	276	12265
2618	12371	273	12098
2619	12379	282	12097
2620	12382	270	12112
2621	12316	273	12043
2622	12362	274	12088
2623	12445	280	12165
2624	12437	264	12173
2625	12463	263	12200
2626	12404	265	12139
2627	12352	268	12084
2628	12289	267	12022
2629	12293	262	12031
2630	12313	253	12060
2631	12277	277	12000
2632	12377	274	12103
2633	12356	268	12088
2634	12345	273	12072
2635	12319	286	12033
2636	12293	278	12015
2637	12289	274	12015
2638	12259	265	11994
2639	12264	266	11998
2640	12266	263	12003
2641	12272	268	12004
2642	12282	256	12026
2643	12257	268	11989
2644	12337	266	12071
2645	12345	265	12080
2646	12401	266	12135
2647	12294	265	12029
2648	12322	265	12057
2649	12218	275	11943
2650	12160	275	11885
2651	12236	270	11966
2652	12302	267	12035
2653	12291	272	12019
2654	12294	270	12024
2655	12266	278	11988
2656	12171	273	11898
2657	12093	269	11824
2658	12163	264	11899
2659	12290	265	12025
2660	12242	270	11972
2661	12138	278	11860
2662	12173	269	11904
2663	12261	263	11998
2664	12203	263	11940
2665	12114	274	11840
2666	12160	276	11884
2667	12262	266	11996
2668	12160	265	11895
2669	12084	275	11809
2670	12163	267	11896
2671	12283	271	12012
2672	12323	266	12057
2673	12222	272	11950
2674	12250	268	11982
2675	12293	273	12020
2676	12218	262	11956
2677	12169	269	11900
2678	12287	276	12011
2679	12204	278	11926
2680	12270	283	11987
2681	12221	287	11934
2682	12214	272	11942
2683	12249	271	11978
2684	12305	271	12034
2685	12240	278	11962
2686	12205	267	11938
2687	12275	273	12002
2688	12243	269	11974
2689	12192	278	11914
2690	12214	272	11942
2691	12244	269	11975
2692	12260	263	11997
2693	12264	277	11987
2694	12220	276	11944
2695	12283	280	12003
2696	12353	266	12087
2697	12427	277	12150
2698	12315	276	12039
2699	12217	276	11941
2700	12254	269	11985
2701	12247	275	11972
2702	12222	270	11952
2703	12238	277	11961
2704	12248	271	11977
2705	12221	271	11950
2706	12318	275	12043
2707	12338	272	12066
2708	12275	263	12012
2709	12312	269	12043
2710	12400	271	12129
2711	12405	274	12131
2712	12448	272	12176
2713	12423	274	12149
2714	12382	268	12114
2715	12423	280	12143
2716	12419	284	12135
2717	12429	281	12148
2718	12412	268	12144
2719	12454	270	12184
2720	12496	266	12230
2721	12503	269	12234
2722	12497	277	12220
2723	12415	278	12137
2724	12469	275	12194
2725	12509	278	12231
2726	12504	279	12225
2727	12497	278	12219
2728	12536	262	12274
2729	12509	273	12236
2730	12484	269	12215
2731	12575	267	12308
2732	12517	271	12246
2733	12502	274	12228
2734	12471	274	12197
2735	12495	274	12221
2736	12549	265	12284
2737	12578	265	12313
2738	12600	258	12342
2739	12636	268	12368
2740	12659	271	12388
2741	12616	279	12337
2742	12662	273	12389
2743	12668	274	12394
2744	12666	263	12403
2745	12650	268	12382
2746	12651	276	12375
2747	12707	279	12428
2748	12719	270	12449
2749	12703	272	12431
2750	12711	277	12434
2751	12745	278	12467
2752	12681	272	12409
2753	12818	273	12545
2754	12761	269	12492
2755	12804	267	12537
2756	12829	278	12551
2757	12824	280	12544
2758	12922	267	12655
2759	12887	274	12613
2760	12843	274	12569
2761	12860	275	12585
2762	12891	270	12621
2763	12949	274	12675
2764	12911	265	12646
2765	12967	268	12699
2766	12973	274	12699
2767	13041	276	12765
2768	13066	276	12790
2769	13140	277	12863
2770	13059	269	12790
2771	13083	269	12814
2772	13122	269	12853
2773	13160	268	12892
2774	13141	263	12878
2775	13084	264	12820
2776	13159	273	12886
2777	13125	277	12848
2778	13079	271	12808
2779	13171	273	12898
2780	13184	274	12910
2781	13175	272	12903
2782	13157	264	12893
2783	13245	257	12988
2784	13245	270	12975
2785	13244	280	12964
2786	13286	277	13009
2787	13329	278	13051
2788	13379	276	13103
2789	13377	282	13095
2790	13461	277	13184
2791	13428	273	13155
2792	13370	277	13093
2793	13384	264	13120
2794	13384	263	13121
2795	13405	274	13131
2796	13445	271	13174
2797	13461	274	13187
2798	13559	271	13288
2799	13575	281	13294
2800	13564	275	13289
2801	13522	275	13247
2802	13476	265	13211
2803	13559	272	13287
2804	13565	278	13287
2805	13556	271	13285
2806	13650	260	13390
2807	13765	267	13498
2808	13736	263	13473
2809	13706	271	13435
2810	13742	272	13470
2811	13719	275	13444
2812	13707	267	13440
2813	13743	268	13475
2814	13735	268	13467
2815	13867	276	13591
2816	13847	281	13566
2817	13763	283	13480
2818	13858	267	13591
2819	13802	270	13532
2820	13868	256	13612
2821	14006	260	13746
2822	13984	271	13713
2823	14002	285	13717
2824	13983	275	13708
2825	13977	278	13699
2826	13923	268	13655
2827	13984	266	13718
2828	13910	267	13643
2829	13884	275	13609
2830	14030	270	13760
2831	14110	270	13840
2832	14131	269	13862
2833	14103	277	13826
2834	14076	268	13808
2835	13994	267	13727
2836	14111	269	13842
2837	14138	263	13875
2838	14204	265	13939
2839	14150	277	13873
2840	14070	268	13802
2841	14148	271	13877
2842	14231	273	13958
2843	14192	277	13915
2844	14242	263	13979
2845	14162	260	13902
2846	14013	267	13746
2847	14005	266	13739
2848	14109	267	13842
2849	14182	266	13916
2850	14163	272	13891
2851	14187	271	13916
2852	14171	266	13905
2853	14165	273	13892
2854	14128	278	13850
2855	14249	288	13961
2856	14321	276	14045
2857	14244	272	13972
2858	14254	270	13984
2859	14297	274	14023
2860	14310	267	14043
2861	14297	277	14020
2862	14317	262	14055
2863	14345	272	14073
2864	14340	280	14060
2865	14325	272	14053
2866	14334	267	14067
2867	14281	273	14008
2868	14310	275	14035
2869	14328	274	14054
2870	14323	270	14053
2871	14438	276	14162
2872	14418	268	14150
2873	14355	270	14085
2874	14377	273	14104
2875	14302	271	14031
2876	14255	273	13982
2877	14383	278	14105
2878	14378	273	14105
2879	14315	287	14028
2880	14236	284	13952
2881	14155	275	13880
2882	14343	266	14077
2883	14347	273	14074
2884	14305	275	14030
2885	14275	277	13998
2886	14282	265	14017
2887	14390	273	14117
2888	14386	271	14115
2889	14334	273	14061
2890	14399	272	14127
2891	14374	285	14089
2892	14367	272	14095
2893	14343	273	14070
2894	14292	265	14027
2895	14250	269	13981
2896	14262	274	13988
2897	14245	271	13974
2898	14271	262	14009
2899	14264	266	13998
2900	14195	273	13922
2901	14250	276	13974
2902	14294	271	14023
2903	14325	277	14048
2904	14216	276	13940
2905	14183	275	13908
2906	14234	265	13969
2907	14236	263	13973
2908	14277	268	14009
2909	14237	279	13958
2910	14228	267	13961
2911	14295	268	14027
2912	14277	272	14005
2913	14211	280	13931
2914	14129	267	13862
2915	14106	266	13840
2916	14172	273	13899
2917	14132	281	13851
2918	14106	268	13838
2919	14082	271	13811
2920	14102	273	13829
2921	14021	271	13750
2922	14074	268	13806
2923	14012	275	13737
2924	13969	284	13685
2925	14065	277	13788
2926	13959	273	13686
2927	13965	275	13690
2928	13946	268	13678
2929	13911	276	13635
2930	13993	275	13718
2931	13864	275	13589
2932	13875	265	13610
2933	13802	270	13532
2934	13862	261	13601
2935	13853	263	13590
2936	13882	264	13618
2937	13878	275	13603
2938	13840	271	13569
2939	13903	275	13628
2940	13845	274	13571
2941	13763	280	13483
2942	13774	268	13506
2943	13768	271	13497
2944	13661	273	13388
2945	13608	269	13339
2946	13588	267	13321
2947	13591	274	13317
2948	13589	267	13322
2949	13562	273	13289
2950	13547	276	13271
2951	13434	269	13165
2952	13417	265	13152
2953	13432	281	13151
2954	13405	276	13129
2955	13465	272	13193
2956	13485	265	13220
2957	13425	268	13157
2958	13408	271	13137
2959	13413	284	13129
2960	13289	273	13016
2961	13249	269	12980
2962	13417	276	13141
2963	13383	280	13103
2964	13270	268	13002
2965	13171	261	12910
2966	13129	257	12872
2967	13119	264	12855
2968	13198	255	12943
2969	13115	285	12830
2970	13017	269	12748
2971	13142	266	12876
2972	13078	270	12808
2973	13029	274	12755
2974	13025	257	12768
2975	12906	265	12641
2976	12945	269	12676
2977	12882	265	12617
2978	12845	262	12583
2979	12893	273	12620
2980	12823	274	12549
2981	12766	279	12487
2982	12759	269	12490
2983	12760	276	12484
2984	12649	275	12374
2985	12619	279	12340
2986	12666	278	12388
2987	12678	272	12406
2988	12640	275	12365
2989	12557	269	12288
2990	12484	268	12216
2991	12495	268	12227
2992	12487	267	12220
2993	12380	280	12100
2994	12357	272	12085
2995	12415	271	12144
2996	12367	265	12102
2997	12248	264	11984
2998	12248	267	11981
2999	12171	274	11897
3000	12200	273	11927
3001	12282	275	12007
3002	12120	262	11858
3003	12069	273	11796
3004	12114	274	11840
3005	12006	276	11730
3006	11926	272	11654
3007	12004	270	11734
3008	11950	267	11683
3009	11880	280	11600
3010	11904	277	11627
3011	11898	269	11629
3012	11782	268	11514
3013	11754	282	11472
3014	11933	267	11666
3015	11884	279	11605
3016	11776	281	11495
3017	11715	274	11441
3018	11746	276	11470
3019	11738	282	11456
3020	11825	277	11548
3021	11682	280	11402
3022	11598	276	11322
3023	11602	272	11330
3024	11535	275	11260
3025	11480	287	11193
3026	11519	281	11238
3027	11572	282	11290
3028	11553	271	11282
3029	11405	269	11136
3030	11371	265	11106
3031	11374	278	11096
3032	11304	277	11027
3033	11285	270	11015
3034	11294	282	11012
3035	11232	275	10957
3036	11257	278	10979
3037	11283	273	11010
3038	11268	262	11006
3039	11185	274	10911
3040	11268	274	10994
3041	11240	268	10972
3042	11145	263	10882
3043	11159	271	10888
3044	11073	271	10802
3045	11009	266	10743
3046	11001	272	10729
3047	10964	272	10692
3048	10991	271	10720
3049	11062	268	10794
3050	11060	270	10790
3051	10861	278	10583
3052	10869	281	10588
3053	10828	281	10547
3054	10743	272	10471
3055	10783	276	10507
3056	10740	276	10464
3057	10714	282	10432
3058	10728	268	10460
3059	10699	274	10425
3060	10739	267	10472
3061	10678	256	10422
3062	10713	261	10452
3063	10683	274	10409
3064	10660	275	10385
3065	10688	286	10402
3066	10630	276	10354
3067	10576	271	10305
3068	10489	266	10223
3069	10545	263	10282
3070	10533	260	10273
3071	10467	271	10196
3072	10450	263	10187
3073	10453	279	10174
3074	10419	286	10133
3075	10504	279	10225
3076	10427	268	10159
3077	10385	266	10119
3078	10308	271	10037
3079	10248	277	9971
3080	10260	274	9986
3081	10243	285	9958
3082	10199	274	9925
3083	10206	278	9928
3084	10181	283	9898
3085	10158	277	9881
3086	10163	275	9888
3087	10160	276	9884
3088	10177	268	9909
3089	10058	272	9786
3090	10019	271	9748
3091	10053	279	9774
3092	10027	282	9745
3093	9986	284	9702
3094	9985	274	9711
3095	10036	279	9757
3096	9972	279	9693
3097	9998	283	9715
3098	9980	278	9702
3099	9922	276	9646
3100	9965	271	9694
3101	10000	274	9726
3102	9845	275	9570
3103	9826	276	9550
3104	9782	270	9512
3105	9869	278	9591
3106	9920	284	9636
3107	9809	280	9529
3108	9817	275	9542
3109	9836	280	9556
3110	9860	269	9591
3111	9815	278	9537
3112	9743	282	9461
3113	9740	283	9457
3114	9778	275	9503
3115	9723	269	9454
3116	9838	267	9571
3117	9746	269	9477
3118	9664	275	9389
3119	9680	276	9404
3120	9661	265	9396
3121	9611	272	9339
3122	9582	275	9307
3123	9501	279	9222
3124	9488	280	9208
3125	9512	285	9227
3126	9527	274	9253
3127	9535	264	9271
3128	9561	259	9302
3129	9511	270	9241
3130	9529	272	9257
3131	9515	279	9236
3132	9397	272	9125
3133	9360	275	9085
3134	9443	269	9174
3135	9415	269	9146
3136	9473	261	9212
3137	9496	272	9224
3138	9332	272	9060
3139	9309	278	9031
3140	9371	273	9098
3141	9422	266	9156
3142	9391	276	9115
3143	9344	279	9065
3144	9312	274	9038
3145	9312	276	9036
3146	9368	274	9094
3147	9231	277	8954
3148	9193	271	8922
3149	9261	276	8985
3150	9270	271	8999
3151	9314	276	9038
3152	9317	261	9056
3153	9243	271	8972
3154	9264	276	8988
3155	9193	273	8920
3156	9202	268	8934
3157	9238	277	8961
3158	9180	272	8908
3159	9200	276	8924
3160	9081	274	8807
3161	9054	276	8778
3162	9122	280	8842
3163	9048	287	8761
3164	9103	275	8828
3165	9140	275	8865
3166	9132	273	8859
3167	9159	267	8892
3168	9089	268	8821
3169	9061	272	8789
3170	9079	269	8810
3171	9017	273	8744
3172	9013	270	8743
3173	9098	283	8815
3174	9139	281	8858
3175	9075	279	8796
3176	9090	273	8817
3177	9037	280	8757
3178	8918	281	8637
3179	8964	270	8694
3180	8998	270	8728
3181	9010	280	8730
3182	9001	275	8726
3183	9043	277	8766
3184	9090	277	8813
3185	9002	279	8723
3186	9007	271	8736
3187	9014	279	8735
3188	9013	279	8734
3189	9007	269	8738
3190	9048	270	8778
3191	9029	271	8758
3192	9023	276	8747
3193	8973	286	8687
3194	8953	279	8674
3195	8914	285	8629
3196	8979	275	8704
3197	8961	264	8697
3198	8922	265	8657
3199	8906	275	8631
3200	8851	281	8570
3201	8846	282	8564
3202	8914	274	8640
3203	8934	277	8657
3204	8935	270	8665
3205	8923	279	8644
3206	8939	275	8664
3207	8925	285	8640
3208	8893	272	8621
3209	8912	270	8642
3210	8890	272	8618
3211	8834	277	8557
3212	8850	278	8572
3213	8807	285	8522
3214	8862	276	8586
3215	8911	263	8648
3216	8904	266	8638
3217	8839	275	8564
3218	8880	271	8609
3219	8804	272	8532
3220	8828	271	8557
3221	8878	276	8602
3222	8875	267	8608
3223	8836	272	8564
3224	8903	278	8625
3225	8900	275	8625
3226	8872	270	8602
3227	8834	274	8560
3228	8809	273	8536
3229	8837	278	8559
3230	8826	266	8560
3231	8835	276	8559
3232	8903	280	8623
3233	8788	281	8507
3234	8825	267	8558
3235	8831	273	8558
3236	8854	276	8578
3237	8817	275	8542
3238	8834	264	8570
3239	8870	267	8603
3240	8848	272	8576
3241	8807	278	8529
3242	8800	279	8521
3243	8843	288	8555
3244	8818	275	8543
3245	8899	268	8631
3246	8872	269	8603
3247	8835	270	8565
3248	8800	272	8528
3249	8869	274	8595
3250	8944	279	8665
3251	8919	285	8634
3252	8862	274	8588
3253	8881	262	8619
3254	8825	258	8567
3255	8838	267	8571
3256	8872	272	8600
3257	8889	270	8619
3258	8947	264	8683
3259	8927	267	8660
3260	8929	269	8660
3261	9020	271	8749
3262	9012	263	8749
3263	8907	270	8637
3264	8868	269	8599
3265	8819	278	8541
3266	8882	270	8612
3267	8902	263	8639
3268	8926	277	8649
3269	8891	280	8611
3270	8862	267	8595
3271	8944	276	8668
3272	8981	262	8719
3273	8918	269	8649
3274	8846	270	8576
3275	8883	277	8606
3276	8931	277	8654
3277	8841	280	8561
3278	8895	272	8623
3279	8922	271	8651
3280	8858	261	8597
3281	8883	266	8617
3282	8865	273	8592
3283	8851	276	8575
3284	8827	266	8561
3285	8805	263	8542
3286	8866	268	8598
3287	8853	272	8581
3288	8863	267	8596
3289	8772	270	8502
3290	8681	268	8413
3291	8826	270	8556
3292	8866	262	8604
3293	8783	266	8517
3294	8779	277	8502
3295	8743	276	8467
3296	8684	274	8410
3297	8863	281	8582
3298	8890	268	8622
3299	8829	266	8563
3300	8784	271	8513
3301	8714	274	8440
3302	8761	264	8497
3303	8805	271	8534
3304	8814	271	8543
3305	8773	271	8502
3306	8781	263	8518
3307	8791	274	8517
3308	8807	272	8535
3309	8762	268	8494
3310	8748	270	8478
3311	8722	268	8454
3312	8711	266	8445
3313	8664	262	8402
3314	8654	259	8395
3315	8740	273	8467
3316	8704	271	8433
3317	8657	270	8387
3318	8673	276	8397
3319	8575	286	8289
3320	8566	277	8289
3321	8604	281	8323
3322	8669	278	8391
3323	8601	275	8326
3324	8640	271	8369
3325	8658	275	8383
3326	8660	270	8390
3327	8593	266	8327
3328	8593	264	8329
3329	8594	270	8324
3330	8593	270	8323
3331	8522	274	8248
3332	8544	272	8272
3333	8552	276	8276
3334	8533	281	8252
3335	8550	281	8269
3336	8532	279	8253
3337	8583	287	8296
3338	8537	278	8259
3339	8616	273	8343
3340	8623	265	8358
3341	8526	270	8256
3342	8493	269	8224
3343	8403	276	8127
3344	8450	272	8178
3345	8405	270	8135
3346	8467	265	8202
3347	8375	272	8103
3348	8500	269	8231
3349	8472	277	8195
3350	8343	283	8060
3351	8312	278	8034
3352	8372	275	8097
3353	8366	286	8080
3354	8384	275	8109
3355	8396	276	8120
3356	8385	277	8108
3357	8312	276	8036
3358	8284	263	8021
3359	8303	270	8033
3360	8277	268	8009
3361	8251	269	7982
3362	8321	273	8048
3363	8356	281	8075
3364	8294	274	8020
3365	8221	264	7957
3366	8225	269	7956
3367	8234	273	7961
3368	8250	269	7981
3369	8183	270	7913
3370	8227	267	7960
3371	8260	269	7991
3372	8227	261	7966
3373	8128	265	7863
3374	8161	269	7892
3375	8139	275	7864
3376	8180	266	7914
3377	8134	268	7866
3378	8095	271	7824
3379	8071	276	7795
3380	8083	270	7813
3381	8030	267	7763
3382	8119	265	7854
3383	8066	277	7789
3384	8003	268	7735
3385	7999	267	7732
3386	7993	262	7731
3387	7960	265	7695
3388	7958	270	7688
3389	7973	273	7700
3390	7949	269	7680
3391	7987	279	7708
3392	7985	280	7705
3393	7972	273	7699
3394	7937	272	7665
3395	7853	280	7573
3396	7819	276	7543
3397	7872	278	7594
3398	7867	268	7599
3399	7816	272	7544
3400	7799	270	7529
3401	7780	270	7510
3402	7758	262	7496
3403	7741	272	7469
3404	7688	264	7424
3405	7662	279	7383
3406	7617	272	7345
3407	7660	275	7385
3408	7641	272	7369
3409	7713	269	7444
3410	7658	268	7390
3411	7624	273	7351
3412	7616	273	7343
3413	7595	269	7326
3414	7593	270	7323
3415	7530	278	7252
3416	7573	266	7307
3417	7549	267	7282
3418	7489	272	7217
3419	7405	279	7126
3420	7452	272	7180
3421	7440	270	7170
3422	7461	263	7198
3423	7408	265	7143
3424	7421	266	7155
3425	7333	271	7062
3426	7356	268	7088
3427	7345	267	7078
3428	7343	275	7068
3429	7329	285	7044
3430	7337	280	7057
3431	7224	282	6942
3432	7275	275	7000
3433	7311	276	7035
3434	7319	268	7051
3435	7321	273	7048
3436	7274	272	7002
3437	7205	266	6939
3438	7187	275	6912
3439	7172	273	6899
3440	7137	268	6869
3441	7111	266	6845
3442	7082	265	6817
3443	7084	273	6811
3444	7081	272	6809
3445	7014	274	6740
3446	6982	271	6711
3447	6975	278	6697
3448	6931	277	6654
3449	6895	280	6615
3450	6910	275	6635
3451	6895	279	6616
3452	6778	280	6498
3453	6791	280	6511
3454	6802	277	6525
3455	6810	276	6534
3456	6819	268	6551
3457	6752	275	6477
3458	6766	270	6496
3459	6650	279	6371
3460	6614	278	6336
3461	6562	277	6285
3462	6620	269	6351
3463	6649	282	6367
3464	6586	283	6303
3465	6571	283	6288
3466	6550	278	6272
3467	6585	281	6304
3468	6470	265	6205
3469	6460	270	6190
3470	6490	272	6218
3471	6413	272	6141
3472	6338	278	6060
3473	6326	282	6044
3474	6379	274	6105
3475	6382	277	6105
3476	6347	281	6066
3477	6306	273	6033
3478	6311	263	6048
3479	6256	276	5980
3480	6296	273	6023
3481	6292	276	6016
3482	6239	268	5971
3483	6225	262	5963
3484	6286	264	6022
3485	6171	277	5894
3486	6157	268	5889
3487	6210	270	5940
3488	6185	270	5915
3489	6131	276	5855
3490	6150	273	5877
3491	6092	283	5809
3492	6056	282	5774
3493	6085	283	5802
3494	6066	280	5786
3495	6096	279	5817
3496	6064	271	5793
3497	6058	270	5788
3498	6040	273	5767
3499	6030	274	5756
3500	6013	277	5736
3501	5971	285	5686
3502	5939	281	5658
3503	5888	282	5606
3504	5827	281	5546
3505	5905	268	5637
3506	5976	271	5705
3507	5952	278	5674
3508	5928	276	5652
3509	5941	282	5659
3510	5959	278	5681
3511	5907	280	5627
3512	5845	274	5571
3513	5783	279	5504
3514	5828	280	5548
3515	5847	277	5570
3516	5854	271	5583
3517	5798	280	5518
3518	5750	260	5490
3519	5676	268	5408
3520	5779	277	5502
3521	5764	276	5488
3522	5710	266	5444
3523	5631	273	5358
3524	5583	284	5299
3525	5639	288	5351
3526	5649	275	5374
3527	5581	275	5306
3528	5582	274	5308
3529	5567	272	5295
3530	5433	264	5169
3531	5432	264	5168
3532	5467	252	5215
3533	5489	273	5216
3534	5446	277	5169
3535	5403	268	5135
3536	5396	272	5124
3537	5416	276	5140
3538	5425	269	5156
3539	5342	268	5074
3540	5383	266	5117
3541	5368	282	5086
3542	5304	285	5019
3543	5222	287	4935
3544	5218	286	4932
3545	5283	284	4999
3546	5336	278	5058
3547	5326	269	5057
3548	5278	270	5008
3549	5228	283	4945
3550	5168	281	4887
3551	5169	282	4887
3552	5239	262	4977
3553	5188	265	4923
3554	5160	270	4890
3555	5131	281	4850
3556	5150	274	4876
3557	5147	272	4875
3558	5129	271	4858
3559	5081	265	4816
3560	5087	271	4816
3561	5067	282	4785
3562	5064	285	4779
3563	5021	288	4733
3564	4954	279	4675
3565	4997	278	4719
3566	5026	280	4746
3567	4988	285	4703
3568	4918	281	4637
3569	4923	281	4642
3570	4948	275	4673
3571	4964	282	4682
3572	4931	275	4656
3573	4915	276	4639
3574	4864	278	4586
3575	4852	286	4566
3576	4885	282	4603
3577	4851	281	4570
3578	4819	275	4544
3579	4761	273	4488
3580	4819	274	4545
3581	4805	277	4528
3582	4807	282	4525
3583	4746	283	4463
3584	4754	275	4479
3585	4763	271	4492
3586	4743	274	4469
3587	4720	279	4441
3588	4743	280	4463
3589	4709	279	4430
3590	4676	274	4402
3591	4639	277	4362
3592	4542	276	4266
3593	4612	270	4342
3594	4633	270	4363
3595	4531	273	4258
3596	4556	277	4279
3597	4559	287	4272
3598	4588	271	4317
3599	4557	268	4289
3600	4506	269	4237
3601	4485	279	4206
3602	4479	278	4201
3603	4487	282	4205
3604	4491	278	4213
3605	4473	280	4193
3606	4430	267	4163
3607	4423	270	4153
3608	4425	270	4155
3609	4421	277	4144
3610	4395	273	4122
3611	4388	277	4111
3612	4393	273	4120
3613	4369	283	4086
3614	4404	275	4129
3615	4370	278	4092
3616	4372	280	4092
3617	4287	268	4019
3618	4278	264	4014
3619	4312	278	4034
3620	4286	272	4014
3621	4332	271	4061
3622	4324	276	4048
3623	4286	286	4000
3624	4290	281	4009
3625	4258	277	3981
3626	4227	271	3956
3627	4210	280	3930
3628	4222	271	3951
3629	4227	274	3953
3630	4260	273	3987
3631	4212	274	3938
3632	4200	278	3922
3633	4208	276	3932
3634	4123	269	3854
3635	4123	269	3854
3636	4118	274	3844
3637	4172	278	3894
3638	4141	277	3864
3639	4102	274	3828
3640	4081	267	3814
3641	4054	276	3778
3642	4047	270	3777
3643	4058	274	3784
3644	4042	270	3772
3645	3988	286	3702
3646	4022	272	3750
3647	4068	266	3802
3648	3982	264	3718
