index	original	background	difference
-----------------------------------------------------
1	282	210	72
2	289	221	68
3	284	224	60
4	255	224	31
5	256	224	32
6	250	228	22
7	263	230	33
8	266	216	50
9	277	216	61
10	247	222	25
11	250	223	27
12	273	233	40
13	277	234	43
14	258	231	27
15	271	228	43
16	265	224	41
17	274	214	60
18	267	223	44
19	277	232	45
20	278	236	42
21	289	234	55
22	259	230	29
23	278	229	49
24	283	232	51
25	259	238	21
26	255	231	24
27	271	225	46
28	269	230	39
29	282	223	59
30	288	225	63
31	306	236	70
32	292	230	62
33	292	231	61
34	277	231	46
35	285	232	53
36	286	246	40
37	292	246	46
38	285	237	48
39	290	228	62
40	281	235	46
41	273	248	25
42	273	243	30
43	290	238	52
44	293	240	53
45	273	239	34
46	269	241	28
47	277	243	34
48	267	242	25
49	288	250	38
50	282	250	32
51	291	239	52
52	289	252	37
53	301	252	49
54	278	244	34
55	289	233	56
56	288	236	52
57	279	246	33
58	288	246	42
59	312	242	70
60	285	237	48
61	268	240	28
62	293	248	45
63	309	239	70
64	291	237	54
65	276	249	27
66	277	244	33
67	291	238	53
68	267	243	24
69	311	250	61
70	309	254	55
71	301	248	53
72	292	243	49
73	288	244	44
74	300	251	49
75	298	255	43
76	289	255	34
77	285	240	45
78	295	242	53
79	291	249	42
80	287	245	42
81	306	253	53
82	302	247	55
83	284	253	31
84	290	259	31
85	302	259	43
86	289	250	39
87	291	235	56
88	300	240	60
89	306	238	68
90	298	243	55
91	297	253	44
92	285	256	29
93	292	247	45
94	283	243	40
95	283	243	40
96	271	248	23
97	281	248	33
98	276	255	21
99	267	257	10
100	271	262	9
101	277	255	22
102	281	254	27
103	288	249	39
104	269	245	24
105	295	242	53
106	302	249	53
107	291	258	33
108	287	259	28
109	294	256	38
110	278	250	28
111	291	247	44
112	273	251	22
113	267	256	11
114	263	253	10
115	280	256	24
116	287	252	35
117	290	256	34
118	280	260	20
119	294	248	46
120	297	243	54
121	278	252	26
122	280	258	22
123	298	268	30
124	295	259	36
125	287	253	34
126	287	249	38
127	277	240	37
128	278	247	31
129	299	254	45
130	306	258	48
131	308	253	55
132	281	251	30
133	271	247	24
134	291	256	35
135	284	259	25
136	264	253	11
137	278	252	26
138	292	258	34
139	281	262	19
140	302	257	45
141	310	262	48
142	293	263	30
143	282	255	27
144	256	263	-7
145	266	262	4
146	298	265	33
147	298	262	36
148	276	247	29
149	279	249	30
150	275	250	25
151	290	247	43
152	291	250	41
153	279	256	23
154	278	269	9
155	300	273	27
156	281	271	10
157	271	258	13
158	260	253	7
159	271	257	14
160	261	267	-6
161	299	263	36
162	308	260	48
163	295	255	40
164	261	252	9
165	286	254	32
166	254	247	7
167	282	251	31
168	303	267	36
169	289	263	26
170	283	249	34
171	283	249	34
172	282	251	31
173	268	243	25
174	274	241	33
175	289	251	38
176	282	263	19
177	282	265	17
178	281	267	14
179	289	254	35
180	278	259	19
181	278	263	15
182	272	262	10
183	284	255	29
184	281	254	27
185	297	259	38
186	292	262	30
187	273	259	14
188	295	261	34
189	288	262	26
190	266	260	6
191	277	253	24
192	274	241	33
193	277	254	23
194	263	260	3
195	264	255	9
196	271	246	25
197	317	247	70
198	316	257	59
199	293	256	37
200	273	254	19
201	297	254	43
202	301	257	44
203	286	256	30
204	260	252	8
205	291	251	40
206	295	254	41
207	271	250	21
208	289	249	40
209	325	265	60
210	315	264	51
211	298	264	34
212	310	268	42
213	309	256	53
214	297	257	40
215	291	256	35
216	281	252	29
217	312	254	58
218	342	257	85
219	328	257	71
220	323	257	66
221	329	258	71
222	335	263	72
223	339	259	80
224	322	256	66
225	330	252	78
226	332	255	77
227	347	255	92
228	342	256	86
229	352	258	94
230	369	258	111
231	351	258	93
232	339	257	82
233	350	260	90
234	344	260	84
235	337	262	75
236	336	257	79
237	367	260	107
238	379	274	105
239	389	257	132
240	359	256	103
241	362	253	109
242	350	250	100
243	354	252	102
244	341	259	82
245	358	269	89
246	379	268	111
247	402	267	135
248	405	266	139
249	402	258	144
250	393	253	140
251	408	258	150
252	395	258	137
253	409	256	153
254	397	259	138
255	396	260	136
256	399	260	139
257	413	254	159
258	423	254	169
259	422	258	164
260	410	263	147
261	400	250	150
262	399	251	148
263	411	257	154
264	418	257	161
265	405	248	157
266	418	256	162
267	426	267	159
268	429	254	175
269	436	253	183
270	436	261	175
271	459	257	202
272	463	247	216
273	467	246	221
274	458	246	212
275	467	246	221
276	446	253	193
277	433	257	176
278	447	250	197
279	468	259	209
280	461	262	199
281	441	259	182
282	429	258	171
283	442	264	178
284	430	259	171
285	442	253	189
286	451	261	190
287	464	259	205
288	468	252	216
289	443	246	197
290	440	251	189
291	487	258	229
292	487	256	231
293	483	256	227
294	486	254	232
295	480	264	216
296	450	266	184
297	465	255	210
298	473	252	221
299	495	248	247
300	488	255	233
301	468	256	212
302	466	257	209
303	472	258	214
304	488	259	229
305	482	252	230
306	491	253	238
307	512	253	259
308	494	254	240
309	508	250	258
310	501	253	248
311	491	254	237
312	485	257	228
313	502	260	242
314	506	260	246
315	518	254	264
316	506	249	257
317	498	257	241
318	484	252	232
319	500	252	248
320	499	249	250
321	517	245	272
322	533	251	282
323	527	259	268
324	503	257	246
325	503	249	254
326	492	244	248
327	516	249	267
328	489	251	238
329	498	251	247
330	502	250	252
331	492	262	230
332	509	262	247
333	521	259	262
334	487	262	225
335	518	254	264
336	522	255	267
337	495	258	237
338	503	253	250
339	534	256	278
340	510	249	261
341	505	250	255
342	512	243	269
343	508	252	256
344	517	258	259
345	528	254	274
346	515	251	264
347	541	261	280
348	553	264	289
349	529	264	265
350	521	258	263
351	535	256	279
352	520	258	262
353	519	261	258
354	508	262	246
355	532	257	275
356	520	264	256
357	526	257	269
358	537	253	284
359	545	251	294
360	536	251	285
361	535	255	280
362	551	253	298
363	562	249	313
364	556	258	298
365	546	263	283
366	553	256	297
367	570	249	321
368	558	261	297
369	564	259	305
370	554	257	297
371	543	254	289
372	516	258	258
373	562	260	302
374	577	256	321
375	573	253	320
376	551	259	292
377	532	266	266
378	549	257	292
379	571	250	321
380	575	247	328
381	578	240	338
382	562	251	311
383	552	255	297
384	578	250	328
385	598	243	355
386	585	255	330
387	582	244	338
388	588	246	342
389	586	250	336
390	585	248	337
391	599	260	339
392	627	261	366
393	631	262	369
394	619	254	365
395	618	257	361
396	608	253	355
397	621	248	373
398	600	252	348
399	607	252	355
400	612	253	359
401	634	264	370
402	625	254	371
403	623	245	378
404	631	249	382
405	644	249	395
406	623	245	378
407	618	255	363
408	627	256	371
409	653	258	395
410	642	261	381
411	654	248	406
412	649	252	397
413	657	264	393
414	685	253	432
415	656	260	396
416	661	253	408
417	680	236	444
418	688	241	447
419	677	247	430
420	660	247	413
421	680	245	435
422	692	254	438
423	701	258	443
424	685	260	425
425	673	258	415
426	694	262	432
427	687	262	425
428	655	260	395
429	655	248	407
430	681	250	431
431	715	255	460
432	724	247	477
433	699	242	457
434	715	245	470
435	742	248	494
436	693	247	446
437	698	255	443
438	734	262	472
439	744	265	479
440	712	263	449
441	728	255	473
442	743	252	491
443	737	242	495
444	742	252	490
445	736	250	486
446	753	248	505
447	767	254	513
448	753	249	504
449	736	244	492
450	746	250	496
451	782	252	530
452	805	247	558
453	789	249	540
454	790	260	530
455	805	266	539
456	773	263	510
457	763	250	513
458	761	250	511
459	756	252	504
460	761	255	506
461	774	256	518
462	780	247	533
463	797	258	539
464	798	261	537
465	808	252	556
466	793	249	544
467	795	239	556
468	817	247	570
469	812	247	565
470	774	258	516
471	776	255	521
472	806	261	545
473	794	263	531
474	800	255	545
475	822	250	572
476	825	247	578
477	815	252	563
478	799	259	540
479	795	254	541
480	810	260	550
481	809	256	553
482	818	247	571
483	819	245	574
484	831	247	584
485	829	239	590
486	782	238	544
487	808	249	559
488	835	259	576
489	843	252	591
490	874	239	635
491	862	245	617
492	829	256	573
493	859	254	605
494	828	246	582
495	809	253	556
496	815	252	563
497	826	250	576
498	856	253	603
499	866	251	615
500	839	252	587
501	834	258	576
502	802	258	544
503	811	250	561
504	813	245	568
505	829	244	585
506	824	258	566
507	817	262	555
508	820	259	561
509	829	260	569
510	843	257	586
511	846	255	591
512	818	254	564
513	827	249	578
514	818	256	562
515	808	253	555
516	794	259	535
517	809	264	545
518	806	262	544
519	818	263	555
520	832	267	565
521	842	266	576
522	848	262	586
523	827	256	571
524	801	255	546
525	788	262	526
526	818	266	552
527	826	268	558
528	811	262	549
529	800	252	548
530	808	252	556
531	797	253	544
532	790	265	525
533	800	261	539
534	788	261	527
535	804	263	541
536	807	255	552
537	812	257	555
538	795	262	533
539	801	251	550
540	783	247	536
541	788	265	523
542	779	259	520
543	791	253	538
544	803	254	549
545	809	259	550
546	802	255	547
547	785	248	537
548	783	253	530
549	776	255	521
550	773	257	516
551	770	255	515
552	771	255	516
553	793	255	538
554	780	260	520
555	767	258	509
556	754	254	500
557	743	254	489
558	739	258	481
559	762	256	506
560	755	254	501
561	769	256	513
562	752	263	489
563	766	260	506
564	764	258	506
565	755	250	505
566	751	251	500
567	751	260	491
568	762	252	510
569	774	254	520
570	763	251	512
571	749	256	493
572	758	254	504
573	755	253	502
574	775	259	516
575	770	249	521
576	758	250	508
577	768	251	517
578	768	253	515
579	772	254	518
580	741	252	489
581	799	256	543
582	809	250	559
583	821	251	570
584	809	244	565
585	807	249	558
586	815	250	565
587	792	248	544
588	797	262	535
589	809	262	547
590	786	251	535
591	808	248	560
592	802	257	545
593	761	252	509
594	748	251	497
595	774	260	514
596	767	259	508
597	768	247	521
598	788	245	543
599	805	241	564
600	775	241	534
601	775	239	536
602	788	246	542
603	803	249	554
604	818	253	565
605	808	252	556
606	794	249	545
607	789	260	529
608	769	257	512
609	752	249	503
610	753	242	511
611	804	250	554
612	800	259	541
613	797	249	548
614	812	250	562
615	784	258	526
616	771	251	520
617	798	251	547
618	796	260	536
619	794	262	532
620	780	251	529
621	826	247	579
622	819	249	570
623	825	250	575
624	800	251	549
625	783	254	529
626	790	252	538
627	838	251	587
628	841	241	600
629	850	243	607
630	852	253	599
631	820	255	565
632	818	244	574
633	823	252	571
634	802	267	535
635	822	260	562
636	802	255	547
637	821	253	568
638	839	258	581
639	828	252	576
640	834	246	588
641	889	239	650
642	862	245	617
643	856	245	611
644	856	248	608
645	824	254	570
646	825	256	569
647	850	253	597
648	871	256	615
649	916	257	659
650	898	261	637
651	903	256	647
652	898	250	648
653	895	251	644
654	874	246	628
655	893	247	646
656	868	248	620
657	882	252	630
658	905	245	660
659	882	249	633
660	901	253	648
661	901	252	649
662	883	249	634
663	885	250	635
664	893	256	637
665	905	250	655
666	917	254	663
667	905	259	646
668	902	262	640
669	944	253	691
670	964	252	712
671	956	251	705
672	936	255	681
673	918	255	663
674	936	250	686
675	949	247	702
676	991	244	747
677	987	236	751
678	942	238	704
679	945	248	697
680	984	255	729
681	992	252	740
682	988	254	734
683	1001	257	744
684	976	251	725
685	982	249	733
686	1004	248	756
687	1020	252	768
688	991	254	737
689	987	256	731
690	1008	252	756
691	984	256	728
692	966	257	709
693	999	249	750
694	1017	259	758
695	1022	255	767
696	1035	256	779
697	1019	260	759
698	1019	260	759
699	1031	258	773
700	1016	260	756
701	1049	253	796
702	1065	244	821
703	1087	255	832
704	1080	265	815
705	1068	262	806
706	1075	259	816
707	1115	255	860
708	1143	254	889
709	1122	251	871
710	1111	252	859
711	1110	251	859
712	1067	257	810
713	1093	259	834
714	1109	240	869
715	1069	242	827
716	1048	244	804
717	1076	249	827
718	1082	258	824
719	1129	246	883
720	1125	245	880
721	1116	253	863
722	1109	255	854
723	1136	251	885
724	1160	255	905
725	1127	262	865
726	1111	254	857
727	1126	241	885
728	1140	248	892
729	1120	266	854
730	1140	260	880
731	1158	248	910
732	1138	253	885
733	1152	254	898
734	1144	260	884
735	1137	246	891
736	1146	236	910
737	1136	246	890
738	1183	261	922
739	1167	260	907
740	1119	263	856
741	1139	252	887
742	1170	249	921
743	1185	253	932
744	1179	263	916
745	1207	262	945
746	1213	258	955
747	1202	258	944
748	1153	264	889
749	1138	267	871
750	1149	263	886
751	1150	257	893
752	1174	246	928
753	1188	247	941
754	1156	252	904
755	1171	251	920
756	1169	255	914
757	1169	259	910
758	1180	258	922
759	1203	250	953
760	1247	243	1004
761	1193	253	940
762	1184	254	930
763	1163	263	900
764	1163	251	912
765	1175	254	921
766	1195	260	935
767	1212	261	951
768	1181	263	918
769	1201	257	944
770	1218	253	965
771	1186	254	932
772	1162	253	909
773	1173	254	919
774	1209	258	951
775	1221	260	961
776	1143	263	880
777	1133	253	880
778	1185	247	938
779	1204	250	954
780	1175	252	923
781	1156	249	907
782	1148	259	889
783	1178	258	920
784	1135	260	875
785	1136	248	888
786	1127	239	888
787	1110	249	861
788	1135	263	872
789	1155	250	905
790	1153	250	903
791	1158	252	906
792	1141	241	900
793	1157	242	915
794	1132	247	885
795	1125	249	876
796	1134	262	872
797	1160	259	901
798	1152	252	900
799	1151	257	894
800	1139	256	883
801	1156	262	894
802	1145	268	877
803	1127	264	863
804	1113	263	850
805	1153	251	902
806	1134	245	889
807	1127	247	880
808	1109	258	851
809	1079	255	824
810	1074	249	825
811	1068	260	808
812	1105	256	849
813	1116	252	864
814	1086	262	824
815	1099	262	837
816	1114	255	859
817	1110	259	851
818	1096	266	830
819	1108	263	845
820	1117	256	861
821	1133	252	881
822	1093	255	838
823	1079	264	815
824	1084	264	820
825	1077	245	832
826	1056	250	806
827	1071	246	825
828	1070	251	819
829	1074	259	815
830	1077	258	819
831	1064	256	808
832	1047	252	795
833	1037	247	790
834	1032	248	784
835	1055	260	795
836	1074	254	820
837	1072	248	824
838	1090	254	836
839	1091	256	835
840	1057	254	803
841	1079	253	826
842	1070	258	812
843	1073	252	821
844	1056	249	807
845	1048	245	803
846	1036	247	789
847	1051	252	799
848	1037	253	784
849	1052	250	802
850	1044	264	780
851	987	260	727
852	998	249	749
853	999	247	752
854	1003	263	740
855	1042	251	791
856	1047	262	785
857	1057	262	795
858	1034	254	780
859	1022	250	772
860	1065	255	810
861	1058	251	807
862	1041	244	797
863	1032	250	782
864	1028	265	763
865	1022	260	762
866	1056	257	799
867	1081	255	826
868	1076	253	823
869	1046	256	790
870	1043	249	794
871	1031	250	781
872	1024	263	761
873	1051	260	791
874	1043	254	789
875	1044	250	794
876	1055	250	805
877	1043	247	796
878	1041	243	798
879	1059	253	806
880	1033	261	772
881	1060	265	795
882	1034	262	772
883	1035	255	780
884	1048	257	791
885	1051	259	792
886	1087	258	829
887	1069	248	821
888	1043	241	802
889	1058	246	812
890	1039	261	778
891	1047	266	781
892	1067	259	808
893	1072	246	826
894	1051	247	804
895	1098	247	851
896	1086	254	832
897	1038	250	788
898	1020	255	765
899	1047	243	804
900	1048	238	810
901	1057	240	817
902	1051	247	804
903	1048	250	798
904	1034	245	789
905	1036	243	793
906	1067	252	815
907	1076	259	817
908	1069	255	814
909	1068	255	813
910	1076	259	817
911	1069	243	826
912	1079	248	831
913	1059	255	804
914	1096	257	839
915	1104	253	851
916	1095	248	847
917	1080	251	829
918	1061	258	803
919	1078	256	822
920	1052	256	796
921	1070	256	814
922	1073	247	826
923	1075	251	824
924	1073	257	816
925	1065	253	812
926	1078	253	825
927	1128	244	884
928	1081	241	840
929	1051	248	803
930	1053	249	804
931	1077	242	835
932	1084	245	839
933	1107	248	859
934	1125	253	872
935	1114	263	851
936	1087	266	821
937	1098	258	840
938	1123	250	873
939	1106	239	867
940	1096	248	848
941	1117	257	860
942	1131	260	871
943	1134	255	879
944	1142	257	885
945	1132	260	872
946	1138	255	883
947	1151	254	897
948	1135	245	890
949	1149	254	895
950	1151	256	895
951	1120	252	868
952	1119	256	863
953	1114	246	868
954	1130	240	890
955	1169	248	921
956	1193	237	956
957	1170	246	924
958	1132	261	871
959	1158	256	902
960	1171	247	924
961	1131	248	883
962	1128	249	879
963	1150	259	891
964	1144	266	878
965	1157	248	909
966	1165	253	912
967	1196	259	937
968	1158	241	917
969	1193	262	931
970	1181	241	940
971	1196	245	951
972	1198	257	941
973	1199	261	938
974	1200	256	944
975	1195	255	940
976	1193	257	936
977	1228	244	984
978	1232	244	988
979	1174	247	927
980	1205	244	961
981	1217	247	970
982	1190	250	940
983	1224	247	977
984	1245	254	991
985	1218	246	972
986	1218	242	976
987	1258	254	1004
988	1246	257	989
989	1242	250	992
990	1260	245	1015
991	1272	248	1024
992	1279	261	1018
993	1285	257	1028
994	1264	255	1009
995	1254	245	1009
996	1270	251	1019
997	1273	256	1017
998	1292	255	1037
999	1300	239	1061
1000	1286	249	1037
1001	1295	246	1049
1002	1304	250	1054
1003	1329	252	1077
1004	1298	245	1053
1005	1308	238	1070
1006	1329	252	1077
1007	1324	253	1071
1008	1328	254	1074
1009	1323	253	1070
1010	1312	251	1061
1011	1306	249	1057
1012	1295	261	1034
1013	1321	262	1059
1014	1330	254	1076
1015	1369	252	1117
1016	1374	249	1125
1017	1346	241	1105
1018	1337	245	1092
1019	1323	250	1073
1020	1316	252	1064
1021	1307	244	1063
1022	1321	258	1063
1023	1335	259	1076
1024	1358	250	1108
1025	1406	243	1163
1026	1365	243	1122
1027	1372	248	1124
1028	1403	256	1147
1029	1386	262	1124
1030	1373	262	1111
1031	1413	255	1158
1032	1405	248	1157
1033	1373	251	1122
1034	1394	252	1142
1035	1426	241	1185
1036	1422	246	1176
1037	1403	258	1145
1038	1396	262	1134
1039	1421	254	1167
1040	1399	243	1156
1041	1413	253	1160
1042	1429	263	1166
1043	1421	250	1171
1044	1419	254	1165
1045	1447	255	1192
1046	1443	252	1191
1047	1453	251	1202
1048	1482	261	1221
1049	1420	265	1155
1050	1391	256	1135
1051	1441	254	1187
1052	1442	255	1187
1053	1448	249	1199
1054	1438	241	1197
1055	1441	252	1189
1056	1459	258	1201
1057	1516	256	1260
1058	1473	259	1214
1059	1463	263	1200
1060	1463	256	1207
1061	1467	262	1205
1062	1464	258	1206
1063	1432	253	1179
1064	1416	251	1165
1065	1443	254	1189
1066	1447	252	1195
1067	1427	242	1185
1068	1434	244	1190
1069	1450	249	1201
1070	1463	251	1212
1071	1488	251	1237
1072	1440	241	1199
1073	1437	240	1197
1074	1480	261	1219
1075	1471	255	1216
1076	1460	245	1215
1077	1456	249	1207
1078	1481	253	1228
1079	1417	257	1160
1080	1432	255	1177
1081	1460	258	1202
1082	1460	256	1204
1083	1478	247	1231
1084	1488	253	1235
1085	1466	264	1202
1086	1473	264	1209
1087	1480	255	1225
1088	1486	252	1234
1089	1468	252	1216
1090	1475	254	1221
1091	1484	256	1228
1092	1458	259	1199
1093	1470	252	1218
1094	1455	252	1203
1095	1446	254	1192
1096	1478	262	1216
1097	1478	259	1219
1098	1483	261	1222
1099	1502	253	1249
1100	1476	254	1222
1101	1449	249	1200
1102	1458	239	1219
1103	1462	248	1214
1104	1432	257	1175
1105	1419	258	1161
1106	1426	264	1162
1107	1442	258	1184
1108	1430	242	1188
1109	1436	245	1191
1110	1456	257	1199
1111	1432	250	1182
1112	1396	254	1142
1113	1406	248	1158
1114	1455	252	1203
1115	1451	254	1197
1116	1409	243	1166
1117	1405	242	1163
1118	1409	243	1166
1119	1433	249	1184
1120	1424	248	1176
1121	1407	244	1163
1122	1390	251	1139
1123	1388	251	1137
1124	1402	260	1142
1125	1364	260	1104
1126	1346	252	1094
1127	1417	250	1167
1128	1401	248	1153
1129	1377	251	1126
1130	1389	253	1136
1131	1393	256	1137
1132	1368	252	1116
1133	1377	255	1122
1134	1381	256	1125
1135	1402	251	1151
1136	1387	247	1140
1137	1394	252	1142
1138	1351	259	1092
1139	1362	251	1111
1140	1369	252	1117
1141	1384	250	1134
1142	1375	251	1124
1143	1385	255	1130
1144	1392	257	1135
1145	1358	254	1104
1146	1336	249	1087
1147	1360	254	1106
1148	1371	253	1118
1149	1369	245	1124
1150	1370	251	1119
1151	1393	252	1141
1152	1347	254	1093
1153	1307	255	1052
1154	1284	256	1028
1155	1294	252	1042
1156	1290	253	1037
1157	1288	255	1033
1158	1335	256	1079
1159	1363	258	1105
1160	1357	250	1107
1161	1314	252	1062
1162	1288	250	1038
1163	1338	255	1083
1164	1348	256	1092
1165	1307	250	1057
1166	1292	259	1033
1167	1314	264	1050
1168	1304	261	1043
1169	1324	255	1069
1170	1294	250	1044
1171	1286	243	1043
1172	1298	246	1052
1173	1325	251	1074
1174	1320	261	1059
1175	1303	265	1038
1176	1314	261	1053
1177	1323	253	1070
1178	1297	252	1045
1179	1339	251	1088
1180	1312	256	1056
1181	1288	252	1036
1182	1244	244	1000
1183	1296	242	1054
1184	1352	253	1099
1185	1316	244	1072
1186	1283	236	1047
1187	1277	243	1034
1188	1271	244	1027
1189	1299	228	1071
1190	1300	244	1056
1191	1289	259	1030
1192	1266	251	1015
1193	1257	252	1005
1194	1243	246	997
1195	1236	242	994
1196	1233	241	992
1197	1255	249	1006
1198	1259	244	1015
1199	1264	255	1009
1200	1233	263	970
1201	1231	254	977
1202	1253	254	999
1203	1255	259	996
1204	1224	261	963
1205	1246	253	993
1206	1254	249	1005
1207	1228	256	972
1208	1216	251	965
1209	1277	242	1035
1210	1283	241	1042
1211	1236	243	993
1212	1216	251	965
1213	1232	254	978
1214	1237	254	983
1215	1239	254	985
1216	1227	252	975
1217	1257	247	1010
1218	1258	252	1006
1219	1273	252	1021
1220	1276	252	1024
1221	1228	257	971
1222	1203	254	949
1223	1243	252	991
1224	1264	258	1006
1225	1224	267	957
1226	1222	254	968
1227	1238	254	984
1228	1201	260	941
1229	1237	253	984
1230	1234	250	984
1231	1239	254	985
1232	1238	257	981
1233	1233	256	977
1234	1253	257	996
1235	1231	253	978
1236	1216	251	965
1237	1217	246	971
1238	1225	249	976
1239	1243	253	990
1240	1257	251	1006
1241	1238	246	992
1242	1202	240	962
1243	1200	247	953
1244	1223	260	963
1245	1207	255	952
1246	1252	248	1004
1247	1225	257	968
1248	1202	259	943
1249	1203	259	944
1250	1180	253	927
1251	1202	243	959
1252	1218	251	967
1253	1250	249	1001
1254	1229	243	986
1255	1223	246	977
1256	1209	257	952
1257	1222	261	961
1258	1232	248	984
1259	1225	250	975
1260	1228	259	969
1261	1260	262	998
1262	1271	255	1016
1263	1250	255	995
1264	1255	255	1000
1265	1236	247	989
1266	1223	257	966
1267	1248	263	985
1268	1299	248	1051
1269	1254	247	1007
1270	1236	259	977
1271	1232	255	977
1272	1209	250	959
1273	1262	257	1005
1274	1285	245	1040
1275	1303	248	1055
1276	1263	260	1003
1277	1254	245	1009
1278	1250	251	999
1279	1277	257	1020
1280	1271	252	1019
1281	1290	252	1038
1282	1286	251	1035
1283	1277	249	1028
1284	1292	242	1050
1285	1296	251	1045
1286	1305	251	1054
1287	1291	251	1040
1288	1291	252	1039
1289	1295	246	1049
1290	1283	242	1041
1291	1316	241	1075
1292	1293	246	1047
1293	1273	249	1024
1294	1328	240	1088
1295	1354	253	1101
1296	1327	252	1075
1297	1343	248	1095
1298	1336	254	1082
1299	1334	260	1074
1300	1317	247	1070
1301	1339	250	1089
1302	1328	248	1080
1303	1323	240	1083
1304	1342	244	1098
1305	1320	251	1069
1306	1317	248	1069
1307	1322	248	1074
1308	1288	251	1037
1309	1352	250	1102
1310	1338	259	1079
1311	1330	257	1073
1312	1349	253	1096
1313	1354	246	1108
1314	1374	250	1124
1315	1361	255	1106
1316	1345	253	1092
1317	1390	246	1144
1318	1391	255	1136
1319	1364	249	1115
1320	1363	249	1114
1321	1366	256	1110
1322	1386	251	1135
1323	1392	260	1132
1324	1357	264	1093
1325	1371	252	1119
1326	1384	240	1144
1327	1386	238	1148
1328	1411	246	1165
1329	1387	250	1137
1330	1404	250	1154
1331	1434	250	1184
1332	1403	252	1151
1333	1414	252	1162
1334	1453	254	1199
1335	1460	255	1205
1336	1454	254	1200
1337	1445	257	1188
1338	1455	258	1197
1339	1435	250	1185
1340	1389	249	1140
1341	1394	248	1146
1342	1452	248	1204
1343	1428	243	1185
1344	1459	245	1214
1345	1493	246	1247
1346	1463	248	1215
1347	1479	246	1233
1348	1458	244	1214
1349	1464	237	1227
1350	1468	240	1228
1351	1476	253	1223
1352	1509	261	1248
1353	1497	252	1245
1354	1473	249	1224
1355	1472	254	1218
1356	1478	256	1222
1357	1497	253	1244
1358	1493	246	1247
1359	1505	239	1266
1360	1487	249	1238
1361	1477	260	1217
1362	1462	263	1199
1363	1504	251	1253
1364	1543	246	1297
1365	1544	254	1290
1366	1545	259	1286
1367	1529	256	1273
1368	1545	255	1290
1369	1578	253	1325
1370	1551	252	1299
1371	1579	246	1333
1372	1522	250	1272
1373	1540	253	1287
1374	1579	253	1326
1375	1552	248	1304
1376	1587	254	1333
1377	1543	253	1290
1378	1506	250	1256
1379	1558	249	1309
1380	1552	255	1297
1381	1582	250	1332
1382	1588	248	1340
1383	1576	251	1325
1384	1572	246	1326
1385	1581	252	1329
1386	1566	252	1314
1387	1586	242	1344
1388	1603	245	1358
1389	1596	251	1345
1390	1631	249	1382
1391	1622	244	1378
1392	1603	253	1350
1393	1603	250	1353
1394	1547	253	1294
1395	1555	254	1301
1396	1609	254	1355
1397	1632	256	1376
1398	1625	250	1375
1399	1641	244	1397
1400	1622	240	1382
1401	1599	243	1356
1402	1588	248	1340
1403	1582	248	1334
1404	1588	245	1343
1405	1602	249	1353
1406	1630	261	1369
1407	1669	253	1416
1408	1645	244	1401
1409	1677	249	1428
1410	1662	248	1414
1411	1630	239	1391
1412	1603	243	1360
1413	1637	250	1387
1414	1648	259	1389
1415	1642	260	1382
1416	1609	252	1357
1417	1628	243	1385
1418	1652	245	1407
1419	1648	244	1404
1420	1692	243	1449
1421	1682	242	1440
1422	1660	241	1419
1423	1718	245	1473
1424	1709	241	1468
1425	1684	236	1448
1426	1685	236	1449
1427	1687	246	1441
1428	1668	246	1422
1429	1679	247	1432
1430	1663	241	1422
1431	1646	238	1408
1432	1644	242	1402
1433	1671	239	1432
1434	1642	239	1403
1435	1649	250	1399
1436	1686	257	1429
1437	1665	250	1415
1438	1671	248	1423
1439	1697	253	1444
1440	1699	251	1448
1441	1648	252	1396
1442	1629	257	1372
1443	1675	248	1427
1444	1664	245	1419
1445	1644	255	1389
1446	1666	254	1412
1447	1682	253	1429
1448	1643	254	1389
1449	1636	257	1379
1450	1639	259	1380
1451	1661	256	1405
1452	1638	250	1388
1453	1683	254	1429
1454	1648	253	1395
1455	1641	250	1391
1456	1666	256	1410
1457	1695	254	1441
1458	1664	257	1407
1459	1641	247	1394
1460	1642	252	1390
1461	1666	243	1423
1462	1685	246	1439
1463	1698	252	1446
1464	1673	258	1415
1465	1644	257	1387
1466	1635	246	1389
1467	1632	241	1391
1468	1632	252	1380
1469	1606	249	1357
1470	1622	251	1371
1471	1632	243	1389
1472	1639	245	1394
1473	1605	257	1348
1474	1627	254	1373
1475	1641	247	1394
1476	1607	242	1365
1477	1644	243	1401
1478	1647	242	1405
1479	1647	236	1411
1480	1636	242	1394
1481	1629	248	1381
1482	1592	250	1342
1483	1575	241	1334
1484	1591	247	1344
1485	1630	243	1387
1486	1629	243	1386
1487	1610	244	1366
1488	1580	249	1331
1489	1595	250	1345
1490	1610	252	1358
1491	1621	249	1372
1492	1586	244	1342
1493	1555	244	1311
1494	1561	254	1307
1495	1582	259	1323
1496	1598	250	1348
1497	1594	253	1341
1498	1592	254	1338
1499	1584	247	1337
1500	1597	246	1351
1501	1567	248	1319
1502	1517	250	1267
1503	1528	248	1280
1504	1564	244	1320
1505	1575	253	1322
1506	1510	255	1255
1507	1493	246	1247
1508	1533	247	1286
1509	1519	258	1261
1510	1502	258	1244
1511	1505	254	1251
1512	1506	250	1256
1513	1532	242	1290
1514	1531	241	1290
1515	1515	239	1276
1516	1492	250	1242
1517	1519	251	1268
1518	1506	250	1256
1519	1523	247	1276
1520	1515	243	1272
1521	1499	243	1256
1522	1512	248	1264
1523	1546	245	1301
1524	1492	238	1254
1525	1450	239	1211
1526	1470	254	1216
1527	1474	258	1216
1528	1442	252	1190
1529	1452	242	1210
1530	1465	243	1222
1531	1457	247	1210
1532	1453	253	1200
1533	1458	245	1213
1534	1432	249	1183
1535	1398	250	1148
1536	1390	246	1144
1537	1418	243	1175
1538	1434	239	1195
1539	1449	252	1197
1540	1441	251	1190
1541	1417	238	1179
1542	1424	244	1180
1543	1434	243	1191
1544	1409	248	1161
1545	1425	250	1175
1546	1429	247	1182
1547	1429	245	1184
1548	1421	241	1180
1549	1385	245	1140
1550	1381	253	1128
1551	1383	260	1123
1552	1389	252	1137
1553	1378	253	1125
1554	1381	249	1132
1555	1368	254	1114
1556	1362	241	1121
1557	1403	244	1159
1558	1369	251	1118
1559	1362	242	1120
1560	1354	255	1099
1561	1354	256	1098
1562	1369	242	1127
1563	1387	240	1147
1564	1308	244	1064
1565	1326	248	1078
1566	1337	253	1084
1567	1335	243	1092
1568	1356	247	1109
1569	1368	248	1120
1570	1380	243	1137
1571	1361	241	1120
1572	1340	248	1092
1573	1316	252	1064
1574	1329	255	1074
1575	1355	244	1111
1576	1347	244	1103
1577	1368	242	1126
1578	1347	252	1095
1579	1325	252	1073
1580	1322	257	1065
1581	1335	258	1077
1582	1286	254	1032
1583	1290	239	1051
1584	1299	238	1061
1585	1308	247	1061
1586	1283	248	1035
1587	1292	248	1044
1588	1321	241	1080
1589	1302	238	1064
1590	1298	251	1047
1591	1305	250	1055
1592	1303	248	1055
1593	1294	247	1047
1594	1289	246	1043
1595	1273	242	1031
1596	1241	235	1006
1597	1266	240	1026
1598	1263	251	1012
1599	1293	247	1046
1600	1279	249	1030
1601	1240	249	991
1602	1220	243	977
1603	1267	242	1025
1604	1267	240	1027
1605	1253	238	1015
1606	1255	249	1006
1607	1253	251	1002
1608	1233	247	986
1609	1210	251	959
1610	1179	242	937
1611	1209	243	966
1612	1241	249	992
1613	1247	253	994
1614	1255	259	996
1615	1227	247	980
1616	1206	244	962
1617	1228	254	974
1618	1239	249	990
1619	1231	255	976
1620	1197	248	949
1621	1212	242	970
1622	1203	249	954
1623	1221	254	967
1624	1182	248	934
1625	1199	250	949
1626	1200	262	938
1627	1176	266	910
1628	1160	248	912
1629	1184	239	945
1630	1186	246	940
1631	1180	247	933
1632	1177	239	938
1633	1214	236	978
1634	1177	245	932
1635	1164	247	917
1636	1179	241	938
1637	1185	247	938
1638	1156	243	913
1639	1149	234	915
1640	1111	246	865
1641	1155	253	902
1642	1183	244	939
1643	1193	248	945
1644	1169	261	908
1645	1149	248	901
1646	1155	242	913
1647	1153	254	899
1648	1138	244	894
1649	1183	240	943
1650	1178	244	934
1651	1154	256	898
1652	1153	251	902
1653	1119	249	870
1654	1130	251	879
1655	1127	250	877
1656	1104	250	854
1657	1144	248	896
1658	1154	247	907
1659	1159	238	921
1660	1148	237	911
1661	1138	237	901
1662	1105	253	852
1663	1106	250	856
1664	1127	239	888
1665	1140	242	898
1666	1117	249	868
1667	1101	244	857
1668	1094	249	845
1669	1081	253	828
1670	1115	250	865
1671	1132	251	881
1672	1143	251	892
1673	1113	251	862
1674	1096	259	837
1675	1104	256	848
1676	1095	252	843
1677	1098	240	858
1678	1066	248	818
1679	1076	260	816
1680	1073	253	820
1681	1105	248	857
1682	1083	251	832
1683	1099	247	852
1684	1084	252	832
1685	1073	250	823
1686	1107	251	856
1687	1090	245	845
1688	1096	237	859
1689	1088	245	843
1690	1076	254	822
1691	1072	248	824
1692	1064	250	814
1693	1079	248	831
1694	1068	248	820
1695	1068	245	823
1696	1067	251	816
1697	1060	254	806
1698	1054	247	807
1699	1044	244	800
1700	1036	255	781
1701	1052	249	803
1702	1087	243	844
1703	1103	245	858
1704	1067	251	816
1705	1060	252	808
1706	1035	250	785
1707	1068	244	824
1708	1089	240	849
1709	1082	240	842
1710	1060	236	824
1711	1044	246	798
1712	1072	249	823
1713	1087	251	836
1714	1046	254	792
1715	1062	242	820
1716	1075	247	828
1717	1066	247	819
1718	1063	258	805
1719	1064	256	808
1720	1035	253	782
1721	1038	255	783
1722	1065	257	808
1723	1044	245	799
1724	1053	251	802
1725	1071	245	826
1726	1033	239	794
1727	1032	241	791
1728	1036	247	789
1729	1019	239	780
1730	1028	235	793
1731	1029	237	792
1732	1012	241	771
1733	999	239	760
1734	1005	250	755
1735	1043	243	800
1736	1040	246	794
1737	1055	243	812
1738	1048	243	805
1739	1045	257	788
1740	1040	249	791
1741	1047	250	797
1742	1040	253	787
1743	1016	251	765
1744	1011	245	766
1745	1065	237	828
1746	1061	231	830
1747	1053	242	811
1748	1033	251	782
1749	1004	251	753
1750	1039	252	787
1751	1039	248	791
1752	1042	247	795
1753	1061	253	808
1754	1038	258	780
1755	1016	255	761
1756	1015	254	761
1757	1020	244	776
1758	1024	240	784
1759	1035	248	787
1760	1063	257	806
1761	1057	251	806
1762	1010	244	766
1763	1026	246	780
1764	1041	244	797
1765	1060	244	816
1766	1005	245	760
1767	1047	245	802
1768	1069	255	814
1769	1040	249	791
1770	1057	240	817
1771	1020	245	775
1772	990	244	746
1773	1047	241	806
1774	1047	247	800
1775	1035	251	784
1776	1032	252	780
1777	1035	248	787
1778	1049	255	794
1779	1057	255	802
1780	1044	255	789
1781	1009	249	760
1782	1014	248	766
1783	1032	248	784
1784	1028	244	784
1785	1023	239	784
1786	1008	243	765
1787	1039	251	788
1788	1051	247	804
1789	1050	244	806
1790	1022	241	781
1791	1028	243	785
1792	1042	243	799
1793	1047	238	809
1794	1033	244	789
1795	1022	250	772
1796	1029	254	775
1797	1068	247	821
1798	1080	251	829
1799	1050	264	786
1800	1044	251	793
1801	1010	236	774
1802	1017	241	776
1803	1047	247	800
1804	1053	249	804
1805	1022	245	777
1806	1029	248	781
1807	1016	247	769
1808	1010	248	762
1809	1046	245	801
1810	1053	237	816
1811	1060	243	817
1812	1053	243	810
1813	1060	241	819
1814	1036	237	799
1815	1071	239	832
1816	1042	253	789
1817	1028	258	770
1818	1039	249	790
1819	1081	238	843
1820	1026	243	783
1821	1049	252	797
1822	1072	251	821
1823	1047	256	791
1824	1018	259	759
1825	1044	253	791
1826	1075	252	823
1827	1062	246	816
1828	1041	245	796
1829	1044	251	793
1830	1037	247	790
1831	1049	251	798
1832	1080	251	829
1833	1071	244	827
1834	1056	253	803
1835	1008	253	755
1836	1001	249	752
1837	1023	252	771
1838	1042	253	789
1839	1056	253	803
1840	1049	248	801
1841	1047	245	802
1842	1040	245	795
1843	1035	255	780
1844	1058	255	803
1845	1075	254	821
1846	1095	248	847
1847	1062	243	819
1848	1032	252	780
1849	1071	248	823
1850	1081	247	834
1851	1064	257	807
1852	1030	250	780
1853	1065	245	820
1854	1057	254	803
1855	1057	254	803
1856	1064	263	801
1857	1061	255	806
1858	1044	249	795
1859	1029	243	786
1860	1077	233	844
1861	1068	235	833
1862	1052	250	802
1863	1065	256	809
1864	1049	258	791
1865	1054	252	802
1866	1072	249	823
1867	1056	244	812
1868	1040	240	800
1869	1034	250	784
1870	1046	265	781
1871	1075	257	818
1872	1059	259	800
1873	1052	253	799
1874	1036	243	793
1875	1036	247	789
1876	1041	259	782
1877	1049	248	801
1878	1039	249	790
1879	1035	256	779
1880	1051	249	802
1881	1058	244	814
1882	1060	252	808
1883	1031	246	785
1884	1033	239	794
1885	1075	240	835
1886	1056	244	812
1887	1046	245	801
1888	1065	241	824
1889	1046	239	807
1890	1036	232	804
1891	1064	245	819
1892	1069	241	828
1893	1083	245	838
1894	1055	262	793
1895	1064	251	813
1896	1026	237	789
1897	1038	239	799
1898	1032	249	783
1899	1040	245	795
1900	1043	249	794
1901	1042	245	797
1902	1025	246	779
1903	1042	246	796
1904	1054	245	809
1905	1042	237	805
1906	1062	238	824
1907	1054	249	805
1908	1042	241	801
1909	1069	238	831
1910	1049	243	806
1911	1054	246	808
1912	1007	247	760
1913	1027	249	778
1914	1018	246	772
1915	1053	238	815
1916	1042	244	798
1917	1029	248	781
1918	1036	251	785
1919	1045	248	797
1920	1039	251	788
1921	1038	254	784
1922	1021	254	767
1923	1051	246	805
1924	1009	242	767
1925	1035	245	790
1926	1045	232	813
1927	1071	228	843
1928	1050	233	817
1929	1032	252	780
1930	998	249	749
1931	1003	240	763
1932	1013	238	775
1933	999	232	767
1934	1000	236	764
1935	1010	235	775
1936	1029	240	789
1937	1020	251	769
1938	1002	251	751
1939	1025	250	775
1940	1041	241	800
1941	1019	238	781
1942	1026	251	775
1943	1009	254	755
1944	1022	250	772
1945	1034	251	783
1946	995	240	755
1947	1006	244	762
1948	1052	245	807
1949	1011	247	764
1950	997	254	743
1951	997	234	763
1952	999	237	762
1953	1027	251	776
1954	1015	252	763
1955	1013	253	760
1956	1018	255	763
1957	1024	247	777
1958	1021	243	778
1959	1042	246	796
1960	1031	253	778
1961	982	254	728
1962	1009	250	759
1963	1047	245	802
1964	1028	249	779
1965	1018	241	777
1966	984	238	746
1967	954	241	713
1968	962	239	723
1969	994	253	741
1970	939	239	700
1971	972	247	725
1972	983	250	733
1973	971	254	717
1974	960	248	712
1975	1018	246	772
1976	985	243	742
1977	994	250	744
1978	971	251	720
1979	974	245	729
1980	1010	245	765
1981	1008	250	758
1982	962	243	719
1983	970	245	725
1984	957	247	710
1985	951	251	700
1986	931	255	676
1987	916	242	674
1988	973	236	737
1989	978	239	739
1990	960	247	713
1991	966	246	720
1992	935	238	697
1993	937	245	692
1994	936	251	685
1995	925	248	677
1996	894	247	647
1997	915	255	660
1998	940	257	683
1999	924	243	681
2000	915	247	668
2001	934	246	688
2002	898	249	649
2003	901	244	657
2004	924	237	687
2005	929	243	686
2006	901	252	649
2007	913	244	669
2008	899	244	655
2009	923	249	674
2010	937	245	692
2011	887	238	649
2012	884	258	626
2013	876	254	622
2014	891	240	651
2015	918	245	673
2016	879	247	632
2017	877	240	637
2018	872	254	618
2019	883	266	617
2020	871	250	621
2021	882	243	639
2022	894	250	644
2023	873	250	623
2024	858	246	612
2025	859	249	610
2026	870	249	621
2027	897	249	648
2028	886	248	638
2029	899	253	646
2030	868	251	617
2031	848	244	604
2032	868	244	624
2033	879	242	637
2034	883	242	641
2035	897	247	650
2036	916	245	671
2037	913	247	666
2038	898	248	650
2039	907	243	664
2040	910	248	662
2041	888	245	643
2042	882	249	633
2043	907	252	655
2044	880	252	628
2045	877	243	634
2046	866	240	626
2047	879	248	631
2048	887	244	643
2049	892	236	656
2050	904	251	653
2051	883	252	631
2052	845	247	598
2053	838	241	597
2054	856	246	610
2055	864	242	622
2056	863	245	618
2057	907	246	661
2058	855	247	608
2059	808	255	553
2060	828	250	578
2061	841	246	595
2062	852	242	610
2063	874	244	630
2064	905	250	655
2065	857	249	608
2066	837	248	589
2067	840	247	593
2068	830	245	585
2069	842	248	594
2070	818	240	578
2071	825	244	581
2072	811	249	562
2073	816	245	571
2074	840	244	596
2075	840	242	598
2076	811	247	564
2077	795	247	548
2078	800	242	558
2079	836	247	589
2080	789	242	547
2081	795	241	554
2082	806	247	559
2083	828	245	583
2084	811	239	572
2085	787	247	540
2086	799	247	552
2087	814	244	570
2088	806	248	558
2089	786	254	532
2090	782	253	529
2091	801	243	558
2092	798	237	561
2093	787	237	550
2094	809	236	573
2095	827	242	585
2096	796	252	544
2097	797	250	547
2098	802	248	554
2099	787	241	546
2100	762	245	517
2101	775	255	520
2102	796	255	541
2103	801	253	548
2104	804	245	559
2105	789	249	540
2106	770	239	531
2107	765	240	525
2108	755	252	503
2109	763	247	516
2110	755	240	515
2111	781	244	537
2112	803	248	555
2113	794	242	552
2114	764	251	513
2115	751	245	506
2116	728	244	484
2117	768	251	517
2118	767	248	519
2119	760	242	518
2120	778	244	534
2121	755	252	503
2122	728	257	471
2123	735	253	482
2124	758	250	508
2125	773	250	523
2126	751	244	507
2127	748	246	502
2128	746	243	503
2129	766	242	524
2130	732	249	483
2131	726	245	481
2132	731	246	485
2133	733	246	487
2134	736	247	489
2135	747	240	507
2136	758	247	511
2137	765	250	515
2138	757	249	508
2139	740	241	499
2140	722	252	470
2141	723	259	464
2142	728	240	488
2143	731	237	494
2144	740	248	492
2145	726	243	483
2146	719	256	463
2147	737	261	476
2148	713	254	459
2149	697	243	454
2150	729	249	480
2151	737	256	481
2152	730	254	476
2153	729	245	484
2154	724	247	477
2155	711	256	455
2156	704	252	452
2157	719	243	476
2158	693	245	448
2159	688	242	446
2160	676	244	432
2161	682	245	437
2162	677	244	433
2163	709	249	460
2164	710	245	465
2165	695	246	449
2166	703	247	456
2167	723	241	482
2168	693	240	453
2169	685	245	440
2170	698	248	450
2171	692	246	446
2172	691	254	437
2173	675	248	427
2174	668	245	423
2175	681	245	436
2176	676	244	432
2177	675	246	429
2178	710	249	461
2179	730	255	475
2180	701	255	446
2181	680	253	427
2182	656	245	411
2183	676	237	439
2184	703	242	461
2185	680	243	437
2186	663	243	420
2187	676	247	429
2188	684	252	432
2189	659	253	406
2190	667	246	421
2191	689	238	451
2192	672	242	430
2193	679	246	433
2194	684	234	450
2195	664	241	423
2196	674	249	425
2197	672	243	429
2198	661	248	413
2199	658	246	412
2200	641	252	389
2201	651	252	399
2202	658	246	412
2203	660	242	418
2204	671	238	433
2205	674	244	430
2206	652	241	411
2207	665	239	426
2208	668	258	410
2209	662	256	406
2210	633	253	380
2211	642	247	395
2212	652	250	402
2213	661	251	410
2214	662	246	416
2215	665	259	406
2216	660	255	405
2217	665	243	422
2218	661	247	414
2219	644	253	391
2220	645	245	400
2221	654	245	409
2222	631	248	383
2223	650	242	408
2224	654	240	414
2225	641	238	403
2226	627	237	390
2227	658	242	416
2228	660	245	415
2229	665	253	412
2230	643	259	384
2231	635	259	376
2232	634	246	388
2233	664	246	418
2234	637	246	391
2235	648	244	404
2236	641	248	393
2237	639	242	397
2238	636	243	393
2239	647	244	403
2240	654	245	409
2241	626	239	387
2242	635	247	388
2243	668	249	419
2244	640	251	389
2245	606	244	362
2246	634	240	394
2247	644	239	405
2248	643	244	399
2249	656	248	408
2250	639	250	389
2251	639	238	401
2252	666	245	421
2253	651	250	401
2254	625	245	380
2255	625	238	387
2256	626	247	379
2257	647	245	402
2258	623	247	376
2259	601	248	353
2260	607	252	355
2261	607	254	353
2262	639	246	393
2263	648	244	404
2264	629	249	380
2265	624	245	379
2266	614	249	365
2267	639	247	392
2268	629	245	384
2269	625	248	377
2270	627	242	385
2271	599	246	353
2272	583	244	339
2273	594	235	359
2274	606	246	360
2275	602	257	345
2276	619	246	373
2277	627	246	381
2278	603	249	354
2279	608	246	362
2280	634	241	393
2281	631	245	386
2282	623	250	373
2283	627	246	381
2284	617	244	373
2285	661	248	413
2286	667	240	427
2287	636	231	405
2288	627	232	395
2289	629	239	390
2290	600	245	355
2291	635	249	386
2292	637	258	379
2293	623	253	370
2294	629	239	390
2295	608	230	378
2296	610	240	370
2297	618	239	379
2298	611	242	369
2299	621	246	375
2300	611	252	359
2301	617	250	367
2302	606	251	355
2303	595	259	336
2304	594	257	337
2305	605	248	357
2306	616	264	352
2307	611	254	357
2308	615	249	366
2309	616	246	370
2310	614	237	377
2311	624	241	383
2312	627	246	381
2313	635	244	391
2314	633	244	389
2315	628	248	380
2316	625	244	381
2317	629	246	383
2318	625	247	378
2319	625	249	376
2320	595	241	354
2321	605	244	361
2322	593	245	348
2323	593	243	350
2324	614	241	373
2325	642	242	400
2326	617	245	372
2327	623	247	376
2328	619	241	378
2329	600	245	355
2330	624	257	367
2331	634	247	387
2332	619	252	367
2333	611	247	364
2334	605	237	368
2335	618	241	377
2336	638	238	400
2337	658	247	411
2338	617	252	365
2339	615	245	370
2340	603	245	358
2341	600	241	359
2342	601	241	360
2343	623	241	382
2344	615	241	374
2345	603	235	368
2346	617	242	375
2347	642	245	397
2348	632	256	376
2349	616	252	364
2350	616	247	369
2351	614	247	367
2352	598	237	361
2353	602	240	362
2354	632	242	390
2355	632	237	395
2356	635	246	389
2357	644	244	400
2358	627	237	390
2359	615	240	375
2360	588	244	344
2361	615	239	376
2362	592	249	343
2363	596	248	348
2364	587	243	344
2365	600	242	358
2366	600	247	353
2367	612	246	366
2368	598	234	364
2369	585	231	354
2370	586	227	359
2371	602	239	363
2372	622	239	383
2373	619	236	383
2374	597	233	364
2375	582	238	344
2376	619	243	376
2377	617	244	373
2378	593	244	349
2379	619	242	377
2380	625	246	379
2381	594	250	344
2382	575	247	328
2383	594	241	353
2384	593	243	350
2385	569	244	325
2386	590	245	345
2387	594	249	345
2388	597	250	347
2389	604	240	364
2390	597	242	355
2391	593	251	342
2392	603	248	355
2393	610	247	363
2394	594	242	352
2395	590	249	341
2396	588	239	349
2397	598	240	358
2398	587	255	332
2399	584	245	339
2400	581	238	343
2401	626	236	390
2402	626	234	392
2403	628	242	386
2404	613	249	364
2405	607	246	361
2406	603	253	350
2407	589	248	341
2408	594	249	345
2409	620	241	379
2410	608	240	368
2411	585	247	338
2412	569	249	320
2413	586	237	349
2414	629	234	395
2415	629	239	390
2416	591	240	351
2417	609	234	375
2418	588	237	351
2419	566	247	319
2420	581	239	342
2421	598	239	359
2422	612	247	365
2423	625	245	380
2424	606	244	362
2425	587	253	334
2426	594	240	354
2427	605	234	371
2428	629	244	385
2429	626	248	378
2430	622	244	378
2431	617	245	372
2432	596	239	357
2433	603	250	353
2434	580	247	333
2435	597	233	364
2436	590	238	352
2437	575	239	336
2438	559	241	318
2439	575	250	325
2440	597	255	342
2441	606	249	357
2442	585	253	332
2443	588	252	336
2444	602	249	353
2445	625	242	383
2446	608	238	370
2447	593	238	355
2448	594	247	347
2449	611	246	365
2450	619	256	363
2451	604	252	352
2452	571	249	322
2453	578	251	327
2454	562	242	320
2455	579	245	334
2456	596	250	346
2457	584	245	339
2458	567	245	322
2459	583	243	340
2460	598	243	355
2461	588	241	347
2462	587	237	350
2463	599	237	362
2464	593	246	347
2465	575	245	330
2466	592	247	345
2467	595	248	347
2468	585	238	347
2469	579	242	337
2470	576	247	329
2471	589	238	351
2472	552	231	321
2473	580	246	334
2474	607	247	360
2475	609	239	370
2476	593	250	343
2477	569	245	324
2478	557	241	316
2479	579	251	328
2480	569	252	317
2481	573	247	326
2482	592	240	352
2483	589	230	359
2484	558	244	314
2485	588	246	342
2486	590	241	349
2487	595	242	353
2488	578	249	329
2489	559	252	307
2490	546	241	305
2491	565	238	327
2492	563	250	313
2493	567	251	316
2494	555	251	304
2495	569	243	326
2496	579	240	339
2497	567	240	327
2498	558	243	315
2499	570	238	332
2500	577	245	332
2501	578	244	334
2502	574	236	338
2503	577	236	341
2504	569	240	329
2505	585	232	353
2506	609	242	367
2507	587	244	343
2508	568	245	323
2509	569	236	333
2510	558	239	319
2511	558	247	311
2512	522	247	275
2513	539	250	289
2514	566	245	321
2515	590	232	358
2516	552	235	317
2517	541	245	296
2518	567	252	315
2519	559	247	312
2520	549	244	305
2521	557	248	309
2522	529	248	281
2523	539	246	293
2524	552	252	300
2525	563	246	317
2526	535	244	291
2527	535	246	289
2528	523	245	278
2529	502	243	259
2530	521	240	281
2531	549	245	304
2532	531	248	283
2533	517	242	275
2534	518	244	274
2535	532	245	287
2536	532	238	294
2537	532	236	296
2538	516	249	267
2539	516	244	272
2540	510	237	273
2541	505	239	266
2542	493	247	246
2543	507	242	265
2544	492	246	246
2545	484	239	245
2546	495	237	258
2547	499	240	259
2548	476	248	228
2549	474	251	223
2550	482	243	239
2551	495	245	250
2552	509	246	263
2553	506	240	266
2554	499	238	261
2555	493	243	250
2556	467	249	218
2557	471	247	224
2558	473	246	227
2559	454	242	212
2560	448	253	195
2561	461	257	204
2562	471	242	229
2563	450	239	211
2564	429	247	182
2565	448	244	204
2566	446	246	200
2567	456	242	214
2568	440	233	207
2569	435	241	194
2570	440	239	201
2571	451	232	219
2572	442	246	196
2573	443	243	200
2574	432	243	189
2575	438	244	194
2576	429	247	182
2577	431	243	188
2578	432	244	188
2579	448	245	203
2580	412	245	167
2581	399	248	151
2582	411	255	156
2583	419	243	176
2584	416	241	175
2585	410	241	169
2586	400	237	163
2587	428	243	185
2588	400	241	159
2589	389	238	151
2590	398	240	158
2591	401	243	158
2592	367	243	124
2593	359	233	126
2594	351	234	117
2595	361	245	116
2596	363	244	119
2597	378	241	137
2598	361	245	116
2599	358	245	113
2600	368	239	129
2601	364	237	127
2602	353	243	110
2603	350	242	108
2604	332	247	85
2605	342	242	100
2606	347	241	106
2607	344	236	108
2608	330	239	91
2609	336	238	98
2610	340	239	101
2611	342	232	110
2612	338	235	103
2613	328	226	102
2614	312	225	87
2615	318	229	89
2616	312	230	82
2617	336	231	105
2618	336	237	99
2619	339	242	97
2620	326	236	90
2621	330	232	98
2622	342	235	107
2623	339	236	103
2624	316	233	83
2625	329	236	93
2626	330	247	83
2627	326	248	78
2628	304	244	60
2629	326	237	89
2630	320	251	69
2631	328	253	75
2632	318	251	67
2633	312	241	71
2634	318	226	92
2635	319	233	86
2636	294	253	41
2637	303	252	51
2638	323	246	77
2639	325	242	83
2640	305	242	63
2641	320	238	82
2642	324	241	83
2643	329	241	88
2644	316	241	75
2645	325	237	88
2646	306	248	58
2647	288	255	33
2648	283	234	49
2649	301	239	62
2650	310	250	60
2651	322	245	77
2652	305	239	66
2653	299	243	56
2654	304	242	62
2655	320	250	70
2656	298	251	47
2657	296	248	48
2658	309	241	68
2659	300	236	64
2660	301	238	63
2661	302	242	60
2662	290	246	44
2663	300	245	55
2664	303	240	63
2665	295	234	61
2666	294	238	56
2667	309	244	65
2668	311	241	70
2669	298	245	53
2670	275	243	32
2671	295	238	57
2672	311	250	61
2673	322	260	62
2674	298	249	49
2675	282	240	42
2676	295	242	53
2677	298	245	53
2678	278	242	36
2679	294	242	52
2680	307	251	56
2681	297	246	51
2682	286	243	43
2683	289	244	45
2684	280	245	35
2685	284	244	40
2686	267	241	26
2687	293	246	47
2688	292	242	50
2689	268	240	28
2690	275	245	30
2691	295	242	53
2692	297	248	49
2693	275	242	33
2694	277	241	36
2695	284	244	40
2696	271	249	22
2697	263	257	6
2698	273	258	15
2699	286	256	30
2700	268	253	15
2701	263	248	15
2702	271	235	36
2703	283	238	45
2704	284	243	41
2705	276	236	40
2706	292	238	54
2707	293	245	48
2708	283	238	45
2709	292	237	55
2710	279	243	36
2711	266	247	19
2712	265	243	22
2713	285	244	41
2714	275	255	20
2715	268	250	18
2716	287	247	40
2717	303	250	53
2718	294	250	44
2719	277	250	27
2720	253	248	5
2721	284	250	34
2722	275	250	25
2723	245	246	-1
2724	279	244	35
2725	279	248	31
2726	250	244	6
2727	262	249	13
2728	263	251	12
2729	280	240	40
2730	280	246	34
2731	254	256	-2
2732	248	248	0
2733	262	244	18
2734	272	245	27
2735	271	244	27
2736	279	246	33
2737	274	251	23
2738	289	250	39
2739	285	248	37
2740	263	241	22
2741	269	239	30
2742	280	246	34
2743	278	248	30
2744	282	250	32
2745	285	255	30
2746	276	252	24
2747	265	251	14
2748	267	234	33
2749	280	239	41
2750	265	259	6
2751	269	255	14
2752	282	247	35
2753	282	237	45
2754	251	244	7
2755	247	246	1
2756	253	248	5
2757	258	241	17
2758	267	232	35
2759	267	228	39
2760	266	235	31
2761	273	242	31
2762	257	248	9
2763	266	247	19
2764	254	245	9
2765	262	239	23
2766	270	249	21
2767	264	250	14
2768	249	248	1
2769	251	247	4
2770	242	245	-3
2771	257	242	15
2772	254	239	15
2773	269	238	31
2774	253	242	11
2775	264	247	17
2776	261	245	16
2777	275	245	30
2778	277	242	35
2779	281	242	39
2780	258	242	16
2781	259	244	15
2782	247	237	10
2783	258	243	15
2784	255	249	6
2785	265	246	19
2786	264	244	20
2787	278	246	32
2788	275	243	32
2789	274	235	39
2790	247	239	8
2791	251	238	13
2792	247	245	2
2793	260	248	12
2794	273	244	29
2795	266	236	30
2796	244	251	-7
2797	262	256	6
2798	283	253	30
2799	264	252	12
2800	252	248	4
2801	260	241	19
2802	258	240	18
2803	276	245	31
2804	280	245	35
2805	268	241	27
2806	251	245	6
2807	254	243	11
2808	252	249	3
2809	266	238	28
2810	241	244	-3
2811	259	247	12
2812	264	245	19
2813	260	246	14
2814	253	247	6
2815	269	245	24
2816	254	248	6
2817	249	245	4
2818	256	240	16
2819	246	250	-4
2820	225	241	-16
2821	246	248	-2
2822	251	247	4
2823	270	239	31
2824	285	247	38
2825	280	255	25
2826	265	242	23
2827	265	238	27
2828	256	238	18
2829	265	245	20
2830	230	240	-10
2831	247	243	4
2832	272	244	28
2833	257	235	22
2834	238	233	5
2835	262	246	16
2836	271	252	19
2837	256	247	9
2838	239	242	-3
2839	246	240	6
2840	260	248	12
2841	260	239	21
2842	257	242	15
2843	273	241	32
2844	277	238	39
2845	276	227	49
2846	257	239	18
2847	266	248	18
2848	258	251	7
2849	261	248	13
2850	253	249	4
2851	268	244	24
2852	263	245	18
2853	269	242	27
2854	277	229	48
2855	255	239	16
2856	237	250	-13
2857	234	242	-8
2858	238	234	4
2859	253	245	8
2860	245	249	-4
2861	233	255	-22
2862	230	254	-24
2863	260	247	13
2864	258	242	16
2865	256	239	17
2866	253	243	10
2867	261	247	14
2868	271	250	21
2869	270	245	25
2870	246	244	2
2871	237	246	-9
2872	248	247	1
2873	239	247	-8
2874	243	247	-4
2875	248	256	-8
2876	247	242	5
2877	267	244	23
2878	255	252	3
2879	276	241	35
2880	265	242	23
2881	266	243	23
2882	250	241	9
2883	247	244	3
2884	235	256	-21
2885	230	249	-19
2886	245	235	10
2887	245	237	8
2888	244	244	0
2889	249	243	6
2890	249	243	6
2891	274	240	34
2892	262	234	28
2893	255	238	17
2894	236	246	-10
2895	249	238	11
2896	253	235	18
2897	249	238	11
2898	257	244	13
2899	263	243	20
2900	250	241	9
2901	252	233	19
2902	260	244	16
2903	258	246	12
2904	253	241	12
2905	256	244	12
2906	256	247	9
2907	268	245	23
2908	260	239	21
2909	257	239	18
2910	257	242	15
2911	237	247	-10
2912	236	241	-5
2913	249	236	13
2914	244	239	5
2915	255	240	15
2916	265	253	12
2917	272	247	25
2918	244	233	11
2919	227	236	-9
2920	220	238	-18
2921	222	242	-20
2922	230	239	-9
2923	244	241	3
2924	253	241	12
2925	264	243	21
2926	258	240	18
2927	265	234	31
2928	273	243	30
2929	257	241	16
2930	234	241	-7
2931	240	243	-3
2932	237	240	-3
2933	262	241	21
2934	272	246	26
2935	259	242	17
2936	249	248	1
2937	269	257	12
2938	266	254	12
2939	276	242	34
2940	255	248	7
2941	246	257	-11
2942	251	240	11
2943	276	233	43
2944	260	248	12
2945	258	247	11
2946	232	248	-16
2947	242	245	-3
2948	284	238	46
2949	270	247	23
2950	231	247	-16
2951	249	232	17
2952	254	237	17
2953	268	239	29
2954	247	235	12
2955	251	234	17
2956	263	244	19
2957	256	251	5
2958	245	241	4
2959	261	238	23
2960	256	243	13
2961	247	250	-3
2962	256	245	11
2963	265	243	22
2964	262	244	18
2965	276	247	29
2966	281	247	34
2967	285	246	39
2968	250	239	11
2969	269	267	2
2970	269	249	20
2971	261	251	10
2972	239	245	-6
2973	260	233	27
2974	242	250	-8
2975	236	248	-12
2976	249	247	2
2977	256	245	11
2978	257	247	10
2979	266	243	23
2980	227	234	-7
2981	231	233	-2
2982	258	241	17
2983	256	244	12
2984	247	243	4
2985	245	226	19
2986	232	234	-2
2987	231	244	-13
2988	230	251	-21
2989	254	243	11
2990	253	244	9
2991	252	244	8
2992	221	250	-29
2993	245	248	-3
2994	260	243	17
2995	248	232	16
2996	254	230	24
2997	259	240	19
2998	255	248	7
2999	253	241	12
3000	268	239	29
3001	263	238	25
3002	240	241	-1
3003	260	244	16
3004	251	236	15
3005	254	233	21
3006	253	243	10
3007	239	239	0
3008	254	239	15
3009	237	235	2
3010	223	232	-9
3011	242	240	2
3012	245	243	2
3013	238	236	2
3014	241	240	1
3015	235	241	-6
3016	232	243	-11
3017	251	239	12
3018	233	238	-5
3019	244	234	10
3020	234	237	-3
3021	236	244	-8
3022	238	245	-7
3023	243	245	-2
3024	234	244	-10
3025	253	235	18
3026	250	239	11
3027	240	250	-10
3028	229	246	-17
3029	247	241	6
3030	263	248	15
3031	255	242	13
3032	244	239	5
3033	246	246	0
3034	227	241	-14
3035	228	242	-14
3036	235	240	-5
3037	262	238	24
3038	255	243	12
3039	256	244	12
3040	241	236	5
3041	216	235	-19
3042	236	242	-6
3043	254	248	6
3044	257	240	17
3045	268	244	24
3046	247	246	1
3047	246	247	-1
3048	234	237	-3
3049	233	238	-5
3050	230	245	-15
3051	238	252	-14
3052	244	253	-9
3053	254	238	16
3054	265	236	29
3055	258	229	29
3056	239	232	7
3057	219	239	-20
3058	221	244	-23
3059	256	242	14
3060	240	241	-1
3061	258	238	20
3062	261	241	20
3063	246	245	1
3064	254	245	9
3065	232	243	-11
3066	259	240	19
3067	260	237	23
3068	222	245	-23
3069	225	240	-15
3070	220	239	-19
3071	242	242	0
3072	230	233	-3
3073	234	238	-4
3074	241	237	4
3075	246	233	13
3076	231	245	-14
3077	224	238	-14
3078	248	244	4
3079	267	247	20
3080	251	237	14
3081	266	227	39
3082	250	241	9
3083	230	238	-8
3084	216	244	-28
3085	242	247	-5
3086	243	244	-1
3087	234	240	-6
3088	240	235	5
3089	253	237	16
3090	235	246	-11
3091	228	248	-20
3092	242	253	-11
3093	241	250	-9
3094	232	243	-11
3095	247	242	5
3096	237	236	1
3097	246	242	4
3098	239	250	-11
3099	253	251	2
3100	257	250	7
3101	254	254	0
3102	248	240	8
3103	270	238	32
3104	258	242	16
3105	256	241	15
3106	255	244	11
3107	257	245	12
3108	255	236	19
3109	265	239	26
3110	253	244	9
3111	257	242	15
3112	271	244	27
3113	266	244	22
3114	277	252	25
3115	269	249	20
3116	259	248	11
3117	253	242	11
3118	249	243	6
3119	280	240	40
3120	271	246	25
3121	250	246	4
3122	238	250	-12
3123	246	247	-1
3124	241	246	-5
3125	247	247	0
3126	256	242	14
3127	256	241	15
3128	237	249	-12
3129	240	236	4
3130	262	243	19
3131	273	241	32
3132	255	242	13
3133	273	249	24
3134	261	256	5
3135	254	254	0
3136	239	252	-13
3137	228	254	-26
3138	245	250	-5
3139	233	253	-20
3140	230	250	-20
3141	258	245	13
3142	268	240	28
3143	275	247	28
3144	264	248	16
3145	244	242	2
3146	226	246	-20
3147	251	247	4
3148	253	254	-1
3149	242	248	-6
3150	267	243	24
3151	280	248	32
3152	267	249	18
3153	247	254	-7
3154	238	244	-6
3155	242	238	4
3156	242	239	3
3157	257	242	15
3158	219	247	-28
3159	228	248	-20
3160	227	247	-20
3161	232	234	-2
3162	238	246	-8
3163	229	248	-19
3164	216	248	-32
3165	239	244	-5
3166	249	249	0
3167	245	248	-3
3168	257	245	12
3169	270	249	21
3170	256	244	12
3171	250	238	12
3172	237	241	-4
3173	241	237	4
3174	255	239	16
3175	257	248	9
3176	241	251	-10
3177	240	243	-3
3178	220	249	-29
3179	251	242	9
3180	239	239	0
3181	223	241	-18
3182	241	247	-6
3183	237	250	-13
3184	213	252	-39
3185	241	251	-10
3186	241	246	-5
3187	233	245	-12
3188	220	245	-25
3189	232	243	-11
3190	242	236	6
3191	241	241	0
3192	232	248	-16
3193	232	249	-17
3194	241	245	-4
3195	266	236	30
3196	242	238	4
3197	236	243	-7
3198	235	245	-10
3199	221	240	-19
3200	232	247	-15
3201	228	242	-14
3202	219	239	-20
3203	238	244	-6
3204	238	238	0
3205	248	239	9
3206	268	240	28
3207	245	244	1
3208	249	252	-3
3209	262	248	14
3210	248	244	4
3211	249	242	7
3212	232	247	-15
3213	243	250	-7
3214	255	254	1
3215	258	244	14
3216	245	245	0
3217	240	247	-7
3218	246	245	1
3219	235	251	-16
3220	225	244	-19
3221	241	236	5
3222	264	237	27
3223	241	236	5
3224	230	245	-15
3225	255	263	-8
3226	256	260	-4
3227	260	245	15
3228	254	239	15
3229	276	244	32
3230	261	238	23
3231	239	234	5
3232	243	241	2
3233	255	244	11
3234	238	240	-2
3235	240	233	7
3236	231	236	-5
3237	236	243	-7
3238	253	244	9
3239	227	234	-7
3240	217	235	-18
3241	240	242	-2
3242	240	253	-13
3243	235	248	-13
3244	241	249	-8
3245	251	238	13
3246	239	245	-6
3247	247	246	1
3248	249	248	1
3249	249	245	4
3250	235	236	-1
3251	242	247	-5
3252	257	254	3
3253	246	251	-5
3254	244	245	-1
3255	257	242	15
3256	246	242	4
3257	242	232	10
3258	242	237	5
3259	258	242	16
3260	278	240	38
3261	280	247	33
3262	253	243	10
3263	260	233	27
3264	238	242	-4
3265	240	247	-7
3266	231	238	-7
3267	229	238	-9
3268	249	248	1
3269	243	250	-7
3270	233	246	-13
3271	241	252	-11
3272	248	243	5
3273	254	246	8
3274	227	248	-21
3275	232	241	-9
3276	234	242	-8
3277	226	245	-19
3278	237	239	-2
3279	250	238	12
3280	239	235	4
3281	241	237	4
3282	243	239	4
3283	232	248	-16
3284	239	251	-12
3285	245	244	1
3286	230	234	-4
3287	262	241	21
3288	254	242	12
3289	244	236	8
3290	248	244	4
3291	260	242	18
3292	244	247	-3
3293	263	245	18
3294	240	233	7
3295	246	234	12
3296	262	243	19
3297	261	244	17
3298	232	247	-15
3299	245	237	8
3300	255	236	19
3301	249	238	11
3302	221	242	-21
3303	260	236	24
3304	270	239	31
3305	267	244	23
3306	260	236	24
3307	243	235	8
3308	251	233	18
3309	275	246	29
3310	250	247	3
3311	236	248	-12
3312	226	244	-18
3313	216	234	-18
3314	244	250	-6
3315	257	249	8
3316	225	243	-18
3317	246	237	9
3318	233	242	-9
3319	231	244	-13
3320	251	250	1
3321	255	237	18
3322	253	234	19
3323	259	244	15
3324	240	246	-6
3325	255	249	6
3326	247	249	-2
3327	252	245	7
3328	270	245	25
3329	260	245	15
3330	258	235	23
3331	257	241	16
3332	237	250	-13
3333	247	246	1
3334	246	238	8
3335	244	235	9
3336	256	230	26
3337	279	234	45
3338	258	233	25
3339	246	236	10
3340	264	242	22
3341	268	245	23
3342	258	235	23
3343	255	240	15
3344	259	250	9
3345	256	244	12
3346	251	251	0
3347	269	248	21
3348	258	245	13
3349	258	249	9
3350	257	240	17
3351	263	236	27
3352	255	238	17
3353	254	233	21
3354	249	237	12
3355	270	252	18
3356	251	252	-1
3357	272	248	24
3358	259	249	10
3359	250	247	3
3360	234	244	-10
3361	235	238	-3
3362	253	242	11
3363	264	249	15
3364	252	246	6
3365	258	247	11
3366	238	248	-10
3367	243	247	-4
3368	254	240	14
3369	238	237	1
3370	245	239	6
3371	255	242	13
3372	222	244	-22
3373	233	238	-5
3374	230	234	-4
3375	239	236	3
3376	248	230	18
3377	241	238	3
3378	283	241	42
3379	271	234	37
3380	262	236	26
3381	260	245	15
3382	271	249	22
3383	272	250	22
3384	270	249	21
3385	245	251	-6
3386	229	249	-20
3387	240	243	-3
3388	255	243	12
3389	267	235	32
3390	241	231	10
3391	253	236	17
3392	278	243	35
3393	249	245	4
3394	254	239	15
3395	279	233	46
3396	234	245	-11
3397	230	240	-10
3398	244	234	10
3399	243	244	-1
3400	242	241	1
3401	232	241	-9
3402	227	236	-9
3403	243	241	2
3404	238	250	-12
3405	262	238	24
3406	248	245	3
3407	255	234	21
3408	267	239	28
3409	248	258	-10
3410	234	255	-21
3411	261	248	13
3412	249	244	5
3413	257	241	16
3414	257	240	17
3415	258	237	21
3416	259	235	24
3417	248	233	15
3418	247	240	7
3419	267	245	22
3420	256	243	13
3421	254	245	9
3422	234	244	-10
3423	257	245	12
3424	252	247	5
3425	253	240	13
3426	225	237	-12
3427	236	242	-6
3428	249	246	3
3429	246	248	-2
3430	248	238	10
3431	243	240	3
3432	240	247	-7
3433	267	246	21
3434	248	247	1
3435	258	242	16
3436	252	236	16
3437	245	227	18
3438	253	234	19
3439	246	245	1
3440	249	240	9
3441	267	239	28
3442	253	241	12
3443	234	240	-6
3444	240	240	0
3445	259	233	26
3446	273	238	35
3447	260	243	17
3448	235	244	-9
3449	252	249	3
3450	264	243	21
3451	269	242	27
3452	250	237	13
3453	237	234	3
3454	240	243	-3
3455	250	242	8
3456	258	242	16
3457	241	240	1
3458	250	248	2
3459	250	253	-3
3460	245	245	0
3461	249	250	-1
3462	241	245	-4
3463	262	238	24
3464	244	244	0
3465	248	239	9
3466	234	239	-5
3467	236	238	-2
3468	249	249	0
3469	266	249	17
3470	253	245	8
3471	226	241	-15
3472	232	247	-15
3473	253	242	11
3474	248	237	11
3475	250	233	17
3476	236	238	-2
3477	247	246	1
3478	243	245	-2
3479	256	232	24
3480	236	239	-3
3481	230	240	-10
3482	251	238	13
3483	237	240	-3
3484	224	246	-22
3485	262	242	20
3486	258	243	15
3487	248	239	9
3488	259	242	17
3489	261	244	17
3490	227	245	-18
3491	243	245	-2
3492	251	243	8
3493	244	241	3
3494	237	236	1
3495	269	245	24
3496	263	251	12
3497	249	251	-2
3498	250	244	6
3499	247	254	-7
3500	225	246	-21
3501	245	243	2
3502	246	241	5
3503	250	240	10
3504	239	244	-5
3505	225	235	-10
3506	245	230	15
3507	253	231	22
3508	231	237	-6
3509	237	244	-7
3510	251	239	12
3511	250	235	15
3512	246	237	9
3513	243	236	7
3514	239	237	2
3515	260	236	24
3516	253	239	14
3517	266	242	24
3518	254	237	17
3519	241	245	-4
3520	229	242	-13
3521	243	237	6
3522	247	243	4
3523	249	237	12
3524	260	232	28
3525	257	240	17
3526	246	245	1
3527	244	233	11
3528	258	239	19
3529	268	237	31
3530	254	239	15
3531	252	238	14
3532	251	241	10
3533	249	241	8
3534	238	257	-19
3535	241	247	-6
3536	253	245	8
3537	240	245	-5
3538	240	246	-6
3539	237	239	-2
3540	241	235	6
3541	226	244	-18
3542	253	247	6
3543	262	233	29
3544	267	230	37
3545	272	245	27
3546	254	244	10
3547	251	242	9
3548	244	236	8
3549	234	243	-9
3550	223	248	-25
3551	246	239	7
3552	253	248	5
3553	242	244	-2
3554	234	237	-3
3555	240	233	7
3556	249	241	8
3557	241	245	-4
3558	247	232	15
3559	256	236	20
3560	256	242	14
3561	234	251	-17
3562	230	248	-18
3563	237	240	-3
3564	232	233	-1
3565	244	238	6
3566	237	253	-16
3567	248	247	1
3568	261	247	14
3569	272	250	22
3570	256	242	14
3571	258	242	16
3572	255	243	12
3573	252	242	10
3574	254	248	6
3575	250	243	7
3576	239	232	7
3577	248	232	16
3578	216	233	-17
3579	246	237	9
3580	274	246	28
3581	260	244	16
3582	272	247	25
3583	246	243	3
3584	235	249	-14
3585	258	245	13
3586	258	242	16
3587	258	244	14
3588	249	247	2
3589	246	244	2
3590	255	253	2
3591	257	247	10
3592	242	235	7
3593	252	237	15
3594	260	242	18
3595	256	243	13
3596	242	244	-2
3597	229	243	-14
3598	229	246	-17
3599	245	244	1
3600	240	250	-10
3601	256	250	6
3602	234	238	-4
3603	235	243	-8
3604	242	246	-4
3605	270	243	27
3606	257	234	23
3607	255	230	25
3608	251	232	19
3609	246	239	7
3610	258	238	20
3611	266	247	19
3612	260	234	26
3613	269	241	28
3614	256	240	16
3615	223	239	-16
3616	215	232	-17
3617	253	236	17
3618	245	242	3
3619	244	244	0
3620	253	249	4
3621	268	238	30
3622	249	235	14
3623	245	234	11
3624	247	232	15
3625	262	231	31
3626	243	235	8
3627	246	236	10
3628	254	242	12
3629	255	243	12
3630	243	240	3
3631	248	244	4
3632	265	249	16
3633	271	249	22
3634	249	240	9
3635	240	229	11
3636	247	234	13
3637	256	242	14
3638	269	246	23
3639	241	242	-1
3640	207	236	-29
3641	229	237	-8
3642	256	237	19
3643	252	229	23
3644	240	231	9
3645	259	239	20
3646	248	242	6
3647	248	240	8
3648	258	245	13
