index	original	background	difference
-----------------------------------------------------
1	312	237	75
2	308	244	64
3	291	241	50
4	303	236	67
5	298	239	59
6	299	238	61
7	295	251	44
8	277	249	28
9	296	246	50
10	310	256	54
11	304	260	44
12	327	245	82
13	312	245	67
14	298	247	51
15	301	248	53
16	323	239	84
17	321	236	85
18	319	237	82
19	309	246	63
20	305	245	60
21	315	249	66
22	326	252	74
23	316	249	67
24	312	247	65
25	315	256	59
26	323	251	72
27	297	256	41
28	314	254	60
29	324	251	73
30	327	247	80
31	315	251	64
32	320	249	71
33	319	260	59
34	320	259	61
35	314	261	53
36	320	255	65
37	315	255	60
38	317	249	68
39	322	254	68
40	327	254	73
41	312	261	51
42	322	265	57
43	321	264	57
44	325	254	71
45	323	255	68
46	321	262	59
47	340	260	80
48	333	259	74
49	321	268	53
50	337	256	81
51	345	259	86
52	331	259	72
53	336	257	79
54	337	255	82
55	330	260	70
56	338	251	87
57	342	256	86
58	334	271	63
59	323	267	56
60	320	261	59
61	324	273	51
62	315	265	50
63	340	270	70
64	357	265	92
65	354	264	90
66	329	266	63
67	325	273	52
68	322	258	64
69	336	262	74
70	350	262	88
71	351	260	91
72	330	260	70
73	349	261	88
74	380	260	120
75	342	265	77
76	330	251	79
77	328	263	65
78	338	264	74
79	341	266	75
80	347	265	82
81	349	264	85
82	336	258	78
83	331	266	65
84	327	271	56
85	326	266	60
86	339	253	86
87	356	259	97
88	344	257	87
89	328	267	61
90	312	270	42
91	310	275	35
92	353	260	93
93	348	258	90
94	322	264	58
95	328	279	49
96	334	272	62
97	316	270	46
98	351	272	79
99	347	274	73
100	348	266	82
101	350	270	80
102	349	258	91
103	351	260	91
104	349	264	85
105	335	263	72
106	359	266	93
107	351	266	85
108	357	273	84
109	337	279	58
110	313	263	50
111	319	260	59
112	344	267	77
113	341	275	66
114	342	270	72
115	350	265	85
116	343	269	74
117	327	271	56
118	327	264	63
119	338	269	69
120	337	282	55
121	334	278	56
122	330	262	68
123	335	271	64
124	344	261	83
125	332	272	60
126	334	260	74
127	339	259	80
128	349	264	85
129	345	272	73
130	338	272	66
131	339	272	67
132	360	263	97
133	343	270	73
134	338	271	67
135	332	270	62
136	311	271	40
137	311	277	34
138	338	273	65
139	332	270	62
140	332	269	63
141	337	270	67
142	335	266	69
143	326	283	43
144	338	282	56
145	333	279	54
146	347	277	70
147	329	274	55
148	340	262	78
149	330	259	71
150	327	268	59
151	332	280	52
152	333	277	56
153	342	272	70
154	342	272	70
155	311	288	23
156	313	270	43
157	324	263	61
158	343	269	74
159	350	272	78
160	332	267	65
161	323	276	47
162	312	274	38
163	327	269	58
164	333	261	72
165	321	266	55
166	331	264	67
167	336	268	68
168	323	265	58
169	302	275	27
170	317	270	47
171	329	268	61
172	313	264	49
173	315	275	40
174	333	271	62
175	326	271	55
176	335	268	67
177	335	271	64
178	319	262	57
179	324	278	46
180	335	276	59
181	342	280	62
182	328	272	56
183	335	270	65
184	331	270	61
185	318	278	40
186	304	275	29
187	313	274	39
188	329	272	57
189	342	273	69
190	328	272	56
191	317	267	50
192	310	260	50
193	319	263	56
194	321	267	54
195	329	280	49
196	337	260	77
197	330	265	65
198	321	276	45
199	312	280	32
200	340	273	67
201	321	271	50
202	324	257	67
203	329	269	60
204	330	265	65
205	319	267	52
206	325	265	60
207	331	269	62
208	321	269	52
209	322	269	53
210	336	274	62
211	331	282	49
212	348	268	80
213	325	275	50
214	323	270	53
215	324	275	49
216	318	273	45
217	340	271	69
218	326	271	55
219	314	269	45
220	333	273	60
221	333	283	50
222	340	276	64
223	363	280	83
224	357	281	76
225	332	281	51
226	326	272	54
227	314	274	40
228	323	265	58
229	351	276	75
230	327	269	58
231	314	272	42
232	328	275	53
233	323	275	48
234	343	273	70
235	345	268	77
236	328	267	61
237	324	274	50
238	340	269	71
239	336	273	63
240	319	272	47
241	304	280	24
242	338	283	55
243	356	271	85
244	348	267	81
245	325	271	54
246	326	265	61
247	335	266	69
248	336	264	72
249	319	276	43
250	324	267	57
251	340	270	70
252	352	267	85
253	327	269	58
254	325	260	65
255	339	270	69
256	340	267	73
257	333	274	59
258	327	276	51
259	336	277	59
260	336	265	71
261	332	263	69
262	328	262	66
263	316	269	47
264	343	265	78
265	359	279	80
266	355	266	89
267	354	274	80
268	334	277	57
269	316	277	39
270	345	273	72
271	357	275	82
272	334	271	63
273	340	272	68
274	366	267	99
275	368	269	99
276	358	273	85
277	333	280	53
278	339	279	60
279	346	277	69
280	329	269	60
281	326	274	52
282	331	269	62
283	318	269	49
284	313	264	49
285	331	264	67
286	340	260	80
287	329	270	59
288	317	262	55
289	322	264	58
290	346	272	74
291	330	281	49
292	323	273	50
293	320	270	50
294	339	261	78
295	357	263	94
296	353	264	89
297	342	270	72
298	335	278	57
299	323	286	37
300	329	270	59
301	313	271	42
302	323	273	50
303	333	271	62
304	340	261	79
305	336	260	76
306	339	265	74
307	326	279	47
308	329	264	65
309	334	259	75
310	328	271	57
311	338	268	70
312	339	262	77
313	345	273	72
314	330	268	62
315	329	269	60
316	330	262	68
317	324	271	53
318	326	268	58
319	342	269	73
320	356	264	92
321	335	271	64
322	343	259	84
323	313	264	49
324	322	260	62
325	330	259	71
326	340	262	78
327	342	277	65
328	356	278	78
329	339	278	61
330	334	280	54
331	331	279	52
332	352	271	81
333	337	282	55
334	329	280	49
335	323	277	46
336	323	274	49
337	312	276	36
338	323	264	59
339	325	268	57
340	315	275	40
341	322	269	53
342	332	271	61
343	334	283	51
344	319	267	52
345	327	270	57
346	343	272	71
347	340	272	68
348	322	272	50
349	334	278	56
350	319	275	44
351	308	275	33
352	320	274	46
353	327	269	58
354	317	264	53
355	319	275	44
356	305	278	27
357	319	278	41
358	353	277	76
359	329	282	47
360	326	277	49
361	336	288	48
362	344	275	69
363	326	269	57
364	337	266	71
365	334	271	63
366	316	276	40
367	322	273	49
368	332	266	66
369	336	284	52
370	342	281	61
371	345	278	67
372	343	270	73
373	334	278	56
374	334	284	50
375	301	279	22
376	320	274	46
377	320	274	46
378	324	272	52
379	311	276	35
380	335	275	60
381	347	279	68
382	352	273	79
383	345	271	74
384	328	272	56
385	321	276	45
386	338	267	71
387	327	275	52
388	328	275	53
389	330	275	55
390	329	268	61
391	339	271	68
392	336	272	64
393	310	267	43
394	309	274	35
395	319	272	47
396	336	277	59
397	324	281	43
398	315	276	39
399	326	280	46
400	338	278	60
401	334	274	60
402	365	268	97
403	365	274	91
404	343	279	64
405	339	283	56
406	340	269	71
407	328	270	58
408	330	264	66
409	341	267	74
410	340	257	83
411	313	269	44
412	351	274	77
413	364	273	91
414	348	267	81
415	348	282	66
416	323	281	42
417	341	275	66
418	345	270	75
419	342	266	76
420	353	263	90
421	359	264	95
422	354	263	91
423	346	264	82
424	336	259	77
425	322	269	53
426	340	275	65
427	333	272	61
428	322	271	51
429	333	274	59
430	324	270	54
431	322	273	49
432	330	267	63
433	335	268	67
434	349	262	87
435	327	271	56
436	319	272	47
437	327	266	61
438	334	264	70
439	360	270	90
440	343	267	76
441	344	274	70
442	363	267	96
443	341	261	80
444	324	272	52
445	317	279	38
446	326	271	55
447	330	271	59
448	353	273	80
449	360	277	83
450	330	273	57
451	329	269	60
452	349	271	78
453	341	269	72
454	338	265	73
455	328	267	61
456	330	274	56
457	320	277	43
458	316	266	50
459	339	264	75
460	345	262	83
461	330	279	51
462	339	283	56
463	334	275	59
464	321	261	60
465	341	268	73
466	345	261	84
467	321	266	55
468	350	268	82
469	313	279	34
470	305	273	32
471	333	276	57
472	342	270	72
473	346	258	88
474	346	264	82
475	326	271	55
476	314	264	50
477	302	261	41
478	330	264	66
479	341	271	70
480	348	271	77
481	329	275	54
482	311	263	48
483	330	255	75
484	354	261	93
485	361	274	87
486	368	268	100
487	343	271	72
488	338	268	70
489	344	263	81
490	335	253	82
491	310	269	41
492	316	275	41
493	319	268	51
494	312	262	50
495	319	265	54
496	325	266	59
497	319	273	46
498	331	267	64
499	345	267	78
500	364	269	95
501	358	265	93
502	326	261	65
503	320	265	55
504	343	270	73
505	352	277	75
506	356	276	80
507	333	272	61
508	342	262	80
509	336	265	71
510	317	276	41
511	326	275	51
512	326	269	57
513	322	278	44
514	348	277	71
515	316	265	51
516	302	265	37
517	323	270	53
518	353	268	85
519	361	279	82
520	366	272	94
521	344	273	71
522	338	269	69
523	354	270	84
524	329	270	59
525	327	274	53
526	336	262	74
527	319	259	60
528	340	265	75
529	330	267	63
530	348	265	83
531	332	270	62
532	328	268	60
533	322	282	40
534	342	276	66
535	334	279	55
536	322	273	49
537	331	264	67
538	358	258	100
539	335	269	66
540	340	274	66
541	331	276	55
542	333	273	60
543	339	281	58
544	355	279	76
545	335	273	62
546	343	272	71
547	334	281	53
548	319	275	44
549	329	275	54
550	346	268	78
551	350	275	75
552	361	270	91
553	334	271	63
554	326	271	55
555	327	276	51
556	332	265	67
557	340	273	67
558	350	269	81
559	337	268	69
560	336	270	66
561	335	277	58
562	352	269	83
563	331	272	59
564	319	278	41
565	320	277	43
566	352	266	86
567	362	279	83
568	352	276	76
569	333	264	69
570	366	265	101
571	361	272	89
572	362	272	90
573	363	284	79
574	342	276	66
575	325	274	51
576	333	275	58
577	331	270	61
578	348	264	84
579	352	271	81
580	343	270	73
581	337	274	63
582	349	267	82
583	349	267	82
584	341	270	71
585	323	282	41
586	339	281	58
587	361	279	82
588	352	275	77
589	361	275	86
590	360	269	91
591	355	270	85
592	339	259	80
593	310	260	50
594	320	270	50
595	343	279	64
596	349	275	74
597	340	279	61
598	329	270	59
599	331	277	54
600	346	273	73
601	338	272	66
602	351	265	86
603	359	263	96
604	351	260	91
605	356	272	84
606	369	269	100
607	348	268	80
608	333	274	59
609	332	273	59
610	322	274	48
611	341	275	66
612	352	269	83
613	337	275	62
614	345	275	70
615	338	276	62
616	328	271	57
617	328	269	59
618	330	261	69
619	324	270	54
620	351	279	72
621	347	278	69
622	321	263	58
623	325	265	60
624	345	266	79
625	340	273	67
626	339	272	67
627	330	271	59
628	337	273	64
629	312	270	42
630	321	262	59
631	338	269	69
632	340	273	67
633	326	278	48
634	342	265	77
635	346	267	79
636	372	266	106
637	374	274	100
638	343	271	72
639	317	266	51
640	341	272	69
641	353	277	76
642	353	272	81
643	344	283	61
644	322	277	45
645	336	279	57
646	354	278	76
647	349	278	71
648	344	267	77
649	341	275	66
650	347	262	85
651	343	261	82
652	329	268	61
653	337	269	68
654	338	270	68
655	316	284	32
656	335	273	62
657	349	272	77
658	345	275	70
659	337	272	65
660	344	272	72
661	349	271	78
662	341	270	71
663	323	275	48
664	324	277	47
665	331	272	59
666	349	261	88
667	330	269	61
668	338	268	70
669	347	276	71
670	338	275	63
671	346	270	76
672	338	259	79
673	329	262	67
674	344	275	69
675	355	267	88
676	350	271	79
677	341	278	63
678	354	269	85
679	369	274	95
680	381	267	114
681	346	274	72
682	333	268	65
683	333	268	65
684	325	280	45
685	326	281	45
686	353	270	83
687	353	269	84
688	352	275	77
689	345	272	73
690	337	266	71
691	328	275	53
692	346	274	72
693	347	264	83
694	357	265	92
695	371	268	103
696	356	275	81
697	346	275	71
698	348	255	93
699	352	267	85
700	358	265	93
701	353	271	82
702	360	270	90
703	369	275	94
704	363	273	90
705	358	272	86
706	358	263	95
707	347	270	77
708	348	270	78
709	343	268	75
710	351	267	84
711	350	275	75
712	365	271	94
713	361	268	93
714	357	266	91
715	344	276	68
716	366	264	102
717	361	261	100
718	343	259	84
719	370	279	91
720	368	270	98
721	329	278	51
722	338	269	69
723	358	266	92
724	367	268	99
725	363	256	107
726	346	262	84
727	328	270	58
728	352	262	90
729	357	265	92
730	366	268	98
731	370	276	94
732	369	270	99
733	348	270	78
734	362	264	98
735	364	268	96
736	374	265	109
737	380	268	112
738	365	273	92
739	329	268	61
740	345	267	78
741	339	268	71
742	333	266	67
743	354	271	83
744	355	269	86
745	371	275	96
746	381	272	109
747	357	278	79
748	344	272	72
749	347	265	82
750	361	265	96
751	358	263	95
752	363	263	100
753	381	281	100
754	371	271	100
755	340	268	72
756	370	266	104
757	379	277	102
758	386	279	107
759	387	269	118
760	369	265	104
761	383	276	107
762	378	271	107
763	367	271	96
764	386	264	122
765	387	277	110
766	381	272	109
767	373	273	100
768	370	267	103
769	366	271	95
770	371	267	104
771	344	276	68
772	357	271	86
773	388	267	121
774	397	268	129
775	389	270	119
776	383	265	118
777	377	280	97
778	384	276	108
779	375	264	111
780	353	266	87
781	371	276	95
782	378	272	106
783	393	280	113
784	391	275	116
785	347	277	70
786	359	280	79
787	368	281	87
788	364	261	103
789	381	268	113
790	397	272	125
791	372	281	91
792	376	283	93
793	381	281	100
794	375	272	103
795	367	272	95
796	363	275	88
797	364	283	81
798	367	280	87
799	397	271	126
800	407	262	145
801	377	269	108
802	399	272	127
803	413	279	134
804	416	272	144
805	409	269	140
806	399	264	135
807	388	262	126
808	393	266	127
809	399	276	123
810	407	270	137
811	392	259	133
812	395	265	130
813	376	283	93
814	394	278	116
815	394	272	122
816	376	269	107
817	400	272	128
818	395	264	131
819	389	267	122
820	390	272	118
821	406	272	134
822	395	271	124
823	393	270	123
824	391	269	122
825	385	282	103
826	387	281	106
827	376	278	98
828	394	264	130
829	415	269	146
830	423	266	157
831	417	266	151
832	410	268	142
833	420	277	143
834	411	277	134
835	407	279	128
836	430	269	161
837	408	273	135
838	389	273	116
839	401	271	130
840	397	259	138
841	408	262	146
842	391	268	123
843	403	274	129
844	412	262	150
845	386	266	120
846	415	271	144
847	405	272	133
848	390	268	122
849	393	263	130
850	412	263	149
851	418	274	144
852	422	274	148
853	406	272	134
854	420	267	153
855	437	268	169
856	416	270	146
857	417	264	153
858	431	269	162
859	421	275	146
860	406	267	139
861	400	278	122
862	407	272	135
863	399	273	126
864	412	272	140
865	408	278	130
866	411	274	137
867	415	272	143
868	449	272	177
869	455	272	183
870	428	264	164
871	436	266	170
872	422	264	158
873	429	274	155
874	451	268	183
875	452	273	179
876	446	271	175
877	431	278	153
878	419	265	154
879	430	264	166
880	446	255	191
881	445	268	177
882	451	270	181
883	432	276	156
884	456	278	178
885	453	274	179
886	449	263	186
887	427	264	163
888	427	265	162
889	425	273	152
890	429	271	158
891	418	266	152
892	446	264	182
893	438	272	166
894	450	270	180
895	443	278	165
896	445	271	174
897	436	274	162
898	449	265	184
899	452	272	180
900	449	270	179
901	436	262	174
902	430	273	157
903	440	283	157
904	473	269	204
905	460	279	181
906	455	276	179
907	463	280	183
908	447	274	173
909	437	277	160
910	462	274	188
911	455	272	183
912	452	262	190
913	442	269	173
914	441	273	168
915	442	268	174
916	467	262	205
917	457	274	183
918	453	269	184
919	469	265	204
920	446	263	183
921	457	274	183
922	480	271	209
923	459	279	180
924	467	271	196
925	460	265	195
926	456	269	187
927	446	264	182
928	463	265	198
929	477	279	198
930	488	266	222
931	467	267	200
932	461	276	185
933	470	277	193
934	491	271	220
935	470	275	195
936	469	269	200
937	479	273	206
938	489	266	223
939	491	272	219
940	473	269	204
941	459	272	187
942	464	267	197
943	484	269	215
944	489	273	216
945	485	280	205
946	480	264	216
947	453	277	176
948	482	274	208
949	489	273	216
950	509	271	238
951	480	271	209
952	479	261	218
953	458	272	186
954	474	273	201
955	487	276	211
956	486	273	213
957	476	272	204
958	486	277	209
959	497	280	217
960	524	276	248
961	503	275	228
962	497	268	229
963	519	281	238
964	523	271	252
965	497	267	230
966	517	267	250
967	504	273	231
968	505	263	242
969	498	269	229
970	493	270	223
971	486	276	210
972	516	282	234
973	520	281	239
974	496	278	218
975	503	276	227
976	520	271	249
977	517	272	245
978	533	273	260
979	523	282	241
980	504	271	233
981	504	271	233
982	533	280	253
983	543	284	259
984	562	272	290
985	543	276	267
986	530	271	259
987	551	268	283
988	537	257	280
989	537	262	275
990	512	263	249
991	533	276	257
992	556	270	286
993	553	274	279
994	556	280	276
995	545	271	274
996	553	260	293
997	537	272	265
998	576	265	311
999	558	269	289
1000	539	273	266
1001	553	274	279
1002	578	271	307
1003	576	274	302
1004	570	270	300
1005	543	273	270
1006	553	271	282
1007	564	269	295
1008	543	274	269
1009	552	282	270
1010	571	279	292
1011	570	279	291
1012	564	276	288
1013	564	278	286
1014	578	274	304
1015	579	269	310
1016	583	276	307
1017	551	276	275
1018	575	268	307
1019	590	271	319
1020	604	279	325
1021	579	279	300
1022	576	267	309
1023	590	278	312
1024	581	285	296
1025	602	280	322
1026	615	264	351
1027	596	268	328
1028	584	270	314
1029	604	277	327
1030	650	276	374
1031	640	274	366
1032	599	264	335
1033	575	273	302
1034	571	270	301
1035	592	266	326
1036	582	264	318
1037	587	268	319
1038	627	274	353
1039	612	280	332
1040	592	274	318
1041	618	272	346
1042	595	261	334
1043	597	263	334
1044	617	262	355
1045	627	271	356
1046	599	263	336
1047	589	275	314
1048	610	273	337
1049	636	275	361
1050	617	274	343
1051	603	273	330
1052	613	274	339
1053	647	276	371
1054	659	273	386
1055	605	276	329
1056	613	269	344
1057	633	271	362
1058	620	267	353
1059	648	269	379
1060	641	276	365
1061	629	280	349
1062	636	273	363
1063	614	278	336
1064	611	274	337
1065	617	276	341
1066	657	267	390
1067	667	286	381
1068	677	275	402
1069	651	267	384
1070	637	263	374
1071	645	265	380
1072	647	268	379
1073	660	279	381
1074	680	276	404
1075	656	270	386
1076	670	268	402
1077	664	269	395
1078	678	272	406
1079	701	271	430
1080	697	268	429
1081	691	267	424
1082	695	264	431
1083	680	271	409
1084	690	265	425
1085	652	277	375
1086	672	275	397
1087	699	271	428
1088	705	267	438
1089	683	275	408
1090	692	278	414
1091	687	283	404
1092	658	271	387
1093	701	271	430
1094	736	275	461
1095	724	279	445
1096	704	269	435
1097	711	273	438
1098	723	272	451
1099	700	276	424
1100	715	274	441
1101	736	272	464
1102	720	273	447
1103	712	273	439
1104	732	267	465
1105	730	272	458
1106	740	280	460
1107	733	273	460
1108	736	260	476
1109	709	270	439
1110	708	273	435
1111	725	274	451
1112	736	260	476
1113	763	265	498
1114	766	269	497
1115	721	283	438
1116	737	279	458
1117	735	278	457
1118	757	273	484
1119	768	271	497
1120	816	275	541
1121	784	267	517
1122	773	269	504
1123	788	277	511
1124	799	277	522
1125	775	277	498
1126	792	264	528
1127	786	272	514
1128	766	282	484
1129	768	272	496
1130	785	264	521
1131	785	276	509
1132	801	272	529
1133	814	273	541
1134	812	279	533
1135	828	275	553
1136	818	273	545
1137	773	282	491
1138	781	271	510
1139	810	269	541
1140	825	274	551
1141	821	275	546
1142	824	273	551
1143	804	278	526
1144	800	274	526
1145	791	278	513
1146	817	277	540
1147	827	275	552
1148	812	271	541
1149	832	284	548
1150	834	278	556
1151	829	272	557
1152	840	270	570
1153	820	263	557
1154	837	264	573
1155	834	277	557
1156	823	276	547
1157	833	286	547
1158	859	277	582
1159	851	272	579
1160	843	280	563
1161	843	285	558
1162	847	272	575
1163	854	270	584
1164	844	271	573
1165	821	284	537
1166	836	275	561
1167	815	268	547
1168	823	273	550
1169	843	268	575
1170	842	267	575
1171	847	276	571
1172	880	270	610
1173	865	271	594
1174	851	275	576
1175	850	274	576
1176	869	259	610
1177	867	266	601
1178	876	279	597
1179	874	283	591
1180	869	274	595
1181	867	275	592
1182	873	270	603
1183	869	271	598
1184	860	268	592
1185	890	277	613
1186	898	274	624
1187	905	272	633
1188	934	266	668
1189	926	270	656
1190	902	274	628
1191	913	270	643
1192	916	270	646
1193	903	282	621
1194	904	284	620
1195	894	277	617
1196	911	272	639
1197	896	273	623
1198	903	277	626
1199	929	278	651
1200	925	275	650
1201	922	273	649
1202	919	271	648
1203	932	278	654
1204	933	270	663
1205	928	278	650
1206	928	271	657
1207	953	263	690
1208	939	262	677
1209	924	269	655
1210	942	261	681
1211	931	276	655
1212	940	278	662
1213	957	275	682
1214	957	268	689
1215	931	274	657
1216	992	272	720
1217	1009	267	742
1218	968	262	706
1219	945	273	672
1220	989	269	720
1221	990	274	716
1222	970	264	706
1223	990	265	725
1224	1025	263	762
1225	1004	273	731
1226	1003	274	729
1227	1014	270	744
1228	1022	269	753
1229	1012	267	745
1230	1047	262	785
1231	1045	274	771
1232	1042	277	765
1233	1063	271	792
1234	1087	272	815
1235	1083	283	800
1236	1070	274	796
1237	1052	278	774
1238	1064	269	795
1239	1085	278	807
1240	1094	276	818
1241	1098	273	825
1242	1107	266	841
1243	1147	262	885
1244	1126	265	861
1245	1080	273	807
1246	1073	268	805
1247	1066	271	795
1248	1084	262	822
1249	1065	266	799
1250	1094	265	829
1251	1111	272	839
1252	1104	279	825
1253	1088	281	807
1254	1110	271	839
1255	1128	270	858
1256	1117	269	848
1257	1131	269	862
1258	1144	271	873
1259	1151	276	875
1260	1139	275	864
1261	1124	284	840
1262	1153	274	879
1263	1129	270	859
1264	1171	273	898
1265	1195	282	913
1266	1188	267	921
1267	1177	263	914
1268	1192	266	926
1269	1197	268	929
1270	1193	261	932
1271	1166	264	902
1272	1203	264	939
1273	1206	268	938
1274	1161	270	891
1275	1200	276	924
1276	1226	271	955
1277	1210	278	932
1278	1207	277	930
1279	1196	280	916
1280	1218	276	942
1281	1257	269	988
1282	1256	271	985
1283	1227	273	954
1284	1198	264	934
1285	1213	271	942
1286	1274	266	1008
1287	1254	267	987
1288	1254	259	995
1289	1263	270	993
1290	1256	268	988
1291	1250	276	974
1292	1263	277	986
1293	1296	271	1025
1294	1286	263	1023
1295	1263	266	997
1296	1284	268	1016
1297	1288	275	1013
1298	1310	267	1043
1299	1314	270	1044
1300	1307	267	1040
1301	1298	269	1029
1302	1301	266	1035
1303	1281	270	1011
1304	1306	265	1041
1305	1317	281	1036
1306	1327	283	1044
1307	1320	267	1053
1308	1310	266	1044
1309	1285	270	1015
1310	1320	274	1046
1311	1375	281	1094
1312	1366	267	1099
1313	1320	262	1058
1314	1305	260	1045
1315	1329	272	1057
1316	1382	267	1115
1317	1359	260	1099
1318	1370	264	1106
1319	1399	273	1126
1320	1384	271	1113
1321	1376	273	1103
1322	1371	270	1101
1323	1371	266	1105
1324	1392	262	1130
1325	1403	272	1131
1326	1400	268	1132
1327	1404	262	1142
1328	1420	270	1150
1329	1430	274	1156
1330	1442	272	1170
1331	1467	265	1202
1332	1434	267	1167
1333	1402	277	1125
1334	1425	277	1148
1335	1447	266	1181
1336	1389	261	1128
1337	1417	271	1146
1338	1438	272	1166
1339	1457	278	1179
1340	1435	265	1170
1341	1423	266	1157
1342	1454	267	1187
1343	1452	277	1175
1344	1448	274	1174
1345	1424	272	1152
1346	1420	264	1156
1347	1436	266	1170
1348	1466	268	1198
1349	1451	274	1177
1350	1476	268	1208
1351	1497	265	1232
1352	1521	258	1263
1353	1484	270	1214
1354	1482	274	1208
1355	1519	266	1253
1356	1536	266	1270
1357	1500	265	1235
1358	1513	258	1255
1359	1521	262	1259
1360	1513	259	1254
1361	1547	266	1281
1362	1601	267	1334
1363	1567	269	1298
1364	1530	260	1270
1365	1549	267	1282
1366	1588	265	1323
1367	1566	266	1300
1368	1549	265	1284
1369	1561	274	1287
1370	1591	278	1313
1371	1569	281	1288
1372	1606	272	1334
1373	1590	275	1315
1374	1583	274	1309
1375	1617	267	1350
1376	1631	260	1371
1377	1588	271	1317
1378	1594	272	1322
1379	1602	271	1331
1380	1617	271	1346
1381	1620	273	1347
1382	1607	269	1338
1383	1619	277	1342
1384	1669	268	1401
1385	1655	272	1383
1386	1664	271	1393
1387	1689	282	1407
1388	1711	265	1446
1389	1705	267	1438
1390	1695	264	1431
1391	1648	274	1374
1392	1658	270	1388
1393	1693	275	1418
1394	1699	271	1428
1395	1706	270	1436
1396	1711	271	1440
1397	1684	263	1421
1398	1681	266	1415
1399	1738	273	1465
1400	1763	275	1488
1401	1756	273	1483
1402	1755	272	1483
1403	1760	276	1484
1404	1761	279	1482
1405	1797	279	1518
1406	1796	267	1529
1407	1762	277	1485
1408	1741	271	1470
1409	1800	282	1518
1410	1805	271	1534
1411	1835	280	1555
1412	1837	285	1552
1413	1798	277	1521
1414	1846	262	1584
1415	1867	264	1603
1416	1906	264	1642
1417	1888	276	1612
1418	1843	278	1565
1419	1782	269	1513
1420	1833	263	1570
1421	1843	276	1567
1422	1835	274	1561
1423	1886	276	1610
1424	1891	274	1617
1425	1895	271	1624
1426	1889	275	1614
1427	1870	275	1595
1428	1869	274	1595
1429	1915	269	1646
1430	1910	268	1642
1431	1923	275	1648
1432	1930	262	1668
1433	1881	267	1614
1434	1915	261	1654
1435	1914	273	1641
1436	1952	266	1686
1437	1960	268	1692
1438	1937	277	1660
1439	1966	270	1696
1440	2030	267	1763
1441	2029	282	1747
1442	2014	275	1739
1443	2005	274	1731
1444	1996	270	1726
1445	2021	276	1745
1446	2003	274	1729
1447	1993	269	1724
1448	2024	272	1752
1449	2064	276	1788
1450	2066	274	1792
1451	2026	279	1747
1452	2045	269	1776
1453	2087	277	1810
1454	2099	273	1826
1455	2060	273	1787
1456	2090	270	1820
1457	2059	283	1776
1458	2041	281	1760
1459	2102	273	1829
1460	2150	258	1892
1461	2110	271	1839
1462	2137	272	1865
1463	2125	271	1854
1464	2148	262	1886
1465	2155	267	1888
1466	2146	272	1874
1467	2119	270	1849
1468	2121	250	1871
1469	2128	277	1851
1470	2152	267	1885
1471	2163	277	1886
1472	2207	272	1935
1473	2167	272	1895
1474	2163	273	1890
1475	2206	280	1926
1476	2208	269	1939
1477	2217	274	1943
1478	2228	277	1951
1479	2261	276	1985
1480	2238	275	1963
1481	2245	279	1966
1482	2255	271	1984
1483	2248	276	1972
1484	2249	273	1976
1485	2239	271	1968
1486	2270	271	1999
1487	2241	275	1966
1488	2280	273	2007
1489	2339	272	2067
1490	2340	263	2077
1491	2312	281	2031
1492	2293	275	2018
1493	2337	274	2063
1494	2351	272	2079
1495	2353	275	2078
1496	2359	273	2086
1497	2346	281	2065
1498	2317	268	2049
1499	2309	267	2042
1500	2329	268	2061
1501	2329	276	2053
1502	2364	271	2093
1503	2372	271	2101
1504	2426	275	2151
1505	2440	272	2168
1506	2494	264	2230
1507	2478	268	2210
1508	2445	267	2178
1509	2425	268	2157
1510	2435	272	2163
1511	2428	286	2142
1512	2421	279	2142
1513	2402	267	2135
1514	2443	267	2176
1515	2483	272	2211
1516	2477	267	2210
1517	2506	269	2237
1518	2537	257	2280
1519	2509	271	2238
1520	2467	277	2190
1521	2466	268	2198
1522	2518	278	2240
1523	2494	285	2209
1524	2534	270	2264
1525	2544	276	2268
1526	2548	275	2273
1527	2544	280	2264
1528	2555	271	2284
1529	2564	267	2297
1530	2571	264	2307
1531	2586	277	2309
1532	2589	270	2319
1533	2584	271	2313
1534	2654	276	2378
1535	2635	272	2363
1536	2574	269	2305
1537	2620	275	2345
1538	2641	269	2372
1539	2605	275	2330
1540	2590	273	2317
1541	2622	275	2347
1542	2669	272	2397
1543	2669	275	2394
1544	2664	270	2394
1545	2630	271	2359
1546	2618	265	2353
1547	2637	267	2370
1548	2659	271	2388
1549	2703	282	2421
1550	2703	267	2436
1551	2686	270	2416
1552	2724	263	2461
1553	2705	278	2427
1554	2687	285	2402
1555	2726	275	2451
1556	2740	268	2472
1557	2718	277	2441
1558	2741	276	2465
1559	2730	264	2466
1560	2695	261	2434
1561	2703	268	2435
1562	2712	272	2440
1563	2734	274	2460
1564	2721	266	2455
1565	2739	269	2470
1566	2775	273	2502
1567	2764	274	2490
1568	2783	270	2513
1569	2799	269	2530
1570	2832	274	2558
1571	2812	275	2537
1572	2793	269	2524
1573	2847	272	2575
1574	2853	254	2599
1575	2829	270	2559
1576	2839	273	2566
1577	2808	266	2542
1578	2832	257	2575
1579	2879	269	2610
1580	2856	268	2588
1581	2810	278	2532
1582	2841	272	2569
1583	2857	264	2593
1584	2887	258	2629
1585	2868	264	2604
1586	2891	262	2629
1587	2882	260	2622
1588	2880	263	2617
1589	2915	270	2645
1590	2918	272	2646
1591	2940	268	2672
1592	2990	260	2730
1593	3004	263	2741
1594	3000	264	2736
1595	3002	270	2732
1596	2966	268	2698
1597	2979	279	2700
1598	3022	276	2746
1599	2982	278	2704
1600	2993	278	2715
1601	3033	280	2753
1602	2999	278	2721
1603	3009	285	2724
1604	3082	282	2800
1605	3089	271	2818
1606	3092	269	2823
1607	3082	273	2809
1608	3107	269	2838
1609	3098	278	2820
1610	3130	275	2855
1611	3130	267	2863
1612	3146	271	2875
1613	3190	279	2911
1614	3189	272	2917
1615	3174	270	2904
1616	3190	257	2933
1617	3195	267	2928
1618	3144	270	2874
1619	3146	277	2869
1620	3188	265	2923
1621	3215	267	2948
1622	3219	262	2957
1623	3161	264	2897
1624	3248	269	2979
1625	3277	276	3001
1626	3253	270	2983
1627	3252	271	2981
1628	3273	266	3007
1629	3359	272	3087
1630	3382	268	3114
1631	3333	273	3060
1632	3343	271	3072
1633	3362	271	3091
1634	3414	265	3149
1635	3401	270	3131
1636	3405	271	3134
1637	3453	277	3176
1638	3402	278	3124
1639	3439	275	3164
1640	3465	270	3195
1641	3437	273	3164
1642	3480	269	3211
1643	3466	281	3185
1644	3496	277	3219
1645	3478	272	3206
1646	3555	272	3283
1647	3549	276	3273
1648	3552	271	3281
1649	3533	277	3256
1650	3549	261	3288
1651	3562	265	3297
1652	3524	268	3256
1653	3503	276	3227
1654	3607	274	3333
1655	3654	272	3382
1656	3671	258	3413
1657	3647	254	3393
1658	3678	264	3414
1659	3673	280	3393
1660	3680	274	3406
1661	3721	269	3452
1662	3686	262	3424
1663	3693	273	3420
1664	3761	275	3486
1665	3738	277	3461
1666	3730	265	3465
1667	3796	267	3529
1668	3805	264	3541
1669	3767	272	3495
1670	3802	270	3532
1671	3847	280	3567
1672	3783	265	3518
1673	3825	266	3559
1674	3861	265	3596
1675	3876	267	3609
1676	3876	272	3604
1677	3826	277	3549
1678	3867	281	3586
1679	3862	278	3584
1680	3799	273	3526
1681	3823	275	3548
1682	3890	274	3616
1683	3905	286	3619
1684	3936	284	3652
1685	3932	264	3668
1686	4000	248	3752
1687	3979	259	3720
1688	3999	274	3725
1689	3953	274	3679
1690	3987	271	3716
1691	4044	279	3765
1692	3950	272	3678
1693	3966	275	3691
1694	4084	266	3818
1695	4055	273	3782
1696	4036	276	3760
1697	4069	281	3788
1698	4126	281	3845
1699	4104	286	3818
1700	4101	270	3831
1701	4107	273	3834
1702	4139	276	3863
1703	4134	275	3859
1704	4172	278	3894
1705	4189	279	3910
1706	4164	263	3901
1707	4144	273	3871
1708	4151	275	3876
1709	4181	275	3906
1710	4164	267	3897
1711	4217	268	3949
1712	4240	262	3978
1713	4229	275	3954
1714	4267	271	3996
1715	4219	271	3948
1716	4188	278	3910
1717	4219	276	3943
1718	4273	273	4000
1719	4302	271	4031
1720	4321	271	4050
1721	4323	278	4045
1722	4354	274	4080
1723	4364	269	4095
1724	4318	271	4047
1725	4274	274	4000
1726	4302	275	4027
1727	4297	270	4027
1728	4299	263	4036
1729	4302	271	4031
1730	4349	269	4080
1731	4319	264	4055
1732	4329	270	4059
1733	4297	277	4020
1734	4312	276	4036
1735	4385	284	4101
1736	4418	273	4145
1737	4395	274	4121
1738	4413	265	4148
1739	4413	277	4136
1740	4428	266	4162
1741	4417	267	4150
1742	4467	269	4198
1743	4425	279	4146
1744	4408	269	4139
1745	4461	271	4190
1746	4407	269	4138
1747	4392	276	4116
1748	4447	271	4176
1749	4478	274	4204
1750	4442	270	4172
1751	4429	274	4155
1752	4412	274	4138
1753	4500	285	4215
1754	4513	275	4238
1755	4423	277	4146
1756	4406	272	4134
1757	4508	273	4235
1758	4526	273	4253
1759	4470	272	4198
1760	4530	260	4270
1761	4542	270	4272
1762	4543	274	4269
1763	4505	281	4224
1764	4513	279	4234
1765	4532	277	4255
1766	4541	272	4269
1767	4533	275	4258
1768	4534	273	4261
1769	4507	278	4229
1770	4566	277	4289
1771	4593	280	4313
1772	4564	275	4289
1773	4515	282	4233
1774	4515	280	4235
1775	4524	282	4242
1776	4491	269	4222
1777	4473	276	4197
1778	4503	284	4219
1779	4511	280	4231
1780	4537	272	4265
1781	4530	278	4252
1782	4529	276	4253
1783	4532	277	4255
1784	4530	284	4246
1785	4529	285	4244
1786	4575	273	4302
1787	4589	278	4311
1788	4594	273	4321
1789	4547	271	4276
1790	4543	276	4267
1791	4559	280	4279
1792	4595	272	4323
1793	4578	273	4305
1794	4549	269	4280
1795	4583	276	4307
1796	4643	263	4380
1797	4646	280	4366
1798	4678	274	4404
1799	4687	275	4412
1800	4640	276	4364
1801	4695	274	4421
1802	4683	278	4405
1803	4643	282	4361
1804	4649	276	4373
1805	4659	276	4383
1806	4702	271	4431
1807	4633	270	4363
1808	4665	270	4395
1809	4703	275	4428
1810	4724	275	4449
1811	4739	275	4464
1812	4797	266	4531
1813	4773	271	4502
1814	4751	272	4479
1815	4760	277	4483
1816	4835	271	4564
1817	4810	268	4542
1818	4823	267	4556
1819	4843	276	4567
1820	4875	267	4608
1821	4887	267	4620
1822	4867	276	4591
1823	4862	277	4585
1824	4860	269	4591
1825	4874	275	4599
1826	4950	269	4681
1827	4918	274	4644
1828	4901	281	4620
1829	4954	277	4677
1830	4994	271	4723
1831	4965	284	4681
1832	5024	275	4749
1833	5100	270	4830
1834	5074	273	4801
1835	5037	267	4770
1836	5012	272	4740
1837	5057	271	4786
1838	5071	275	4796
1839	5148	273	4875
1840	5157	261	4896
1841	5145	265	4880
1842	5099	276	4823
1843	5165	287	4878
1844	5211	274	4937
1845	5252	271	4981
1846	5299	259	5040
1847	5234	279	4955
1848	5216	275	4941
1849	5276	272	5004
1850	5331	270	5061
1851	5334	271	5063
1852	5362	272	5090
1853	5400	273	5127
1854	5355	268	5087
1855	5442	285	5157
1856	5403	278	5125
1857	5339	271	5068
1858	5399	266	5133
1859	5423	267	5156
1860	5466	271	5195
1861	5497	273	5224
1862	5463	270	5193
1863	5527	271	5256
1864	5570	261	5309
1865	5562	269	5293
1866	5500	266	5234
1867	5518	275	5243
1868	5576	283	5293
1869	5637	282	5355
1870	5665	276	5389
1871	5600	275	5325
1872	5616	272	5344
1873	5646	270	5376
1874	5665	269	5396
1875	5664	277	5387
1876	5646	272	5374
1877	5738	278	5460
1878	5725	275	5450
1879	5775	281	5494
1880	5789	262	5527
1881	5782	265	5517
1882	5854	266	5588
1883	5836	276	5560
1884	5900	279	5621
1885	5976	271	5705
1886	5907	267	5640
1887	5961	263	5698
1888	6033	261	5772
1889	5968	275	5693
1890	5949	266	5683
1891	5944	271	5673
1892	5941	267	5674
1893	5990	269	5721
1894	6071	263	5808
1895	6055	269	5786
1896	6072	267	5805
1897	6140	274	5866
1898	6147	265	5882
1899	6123	271	5852
1900	6146	265	5881
1901	6160	266	5894
1902	6190	264	5926
1903	6162	283	5879
1904	6159	277	5882
1905	6172	267	5905
1906	6113	273	5840
1907	6138	279	5859
1908	6198	280	5918
1909	6130	286	5844
1910	6121	281	5840
1911	6204	280	5924
1912	6273	269	6004
1913	6248	270	5978
1914	6205	278	5927
1915	6247	287	5960
1916	6257	269	5988
1917	6311	264	6047
1918	6343	265	6078
1919	6313	281	6032
1920	6332	274	6058
1921	6343	285	6058
1922	6303	269	6034
1923	6372	266	6106
1924	6373	273	6100
1925	6406	272	6134
1926	6400	257	6143
1927	6369	267	6102
1928	6343	276	6067
1929	6381	276	6105
1930	6495	273	6222
1931	6517	272	6245
1932	6437	272	6165
1933	6476	265	6211
1934	6487	271	6216
1935	6415	272	6143
1936	6334	273	6061
1937	6384	276	6108
1938	6406	270	6136
1939	6428	276	6152
1940	6481	272	6209
1941	6562	274	6288
1942	6512	271	6241
1943	6506	273	6233
1944	6523	261	6262
1945	6436	271	6165
1946	6334	273	6061
1947	6375	271	6104
1948	6418	257	6161
1949	6504	260	6244
1950	6470	264	6206
1951	6434	274	6160
1952	6502	274	6228
1953	6499	278	6221
1954	6535	264	6271
1955	6498	270	6228
1956	6502	273	6229
1957	6446	273	6173
1958	6508	279	6229
1959	6444	288	6156
1960	6493	277	6216
1961	6489	278	6211
1962	6452	270	6182
1963	6484	272	6212
1964	6462	277	6185
1965	6426	288	6138
1966	6446	283	6163
1967	6477	285	6192
1968	6433	273	6160
1969	6440	272	6168
1970	6481	268	6213
1971	6503	271	6232
1972	6452	266	6186
1973	6485	269	6216
1974	6535	266	6269
1975	6545	271	6274
1976	6510	267	6243
1977	6405	269	6136
1978	6363	263	6100
1979	6378	270	6108
1980	6452	268	6184
1981	6421	277	6144
1982	6402	280	6122
1983	6362	278	6084
1984	6306	267	6039
1985	6315	276	6039
1986	6316	272	6044
1987	6301	278	6023
1988	6318	268	6050
1989	6326	266	6060
1990	6317	270	6047
1991	6314	268	6046
1992	6366	264	6102
1993	6305	276	6029
1994	6265	274	5991
1995	6179	274	5905
1996	6226	268	5958
1997	6236	275	5961
1998	6302	277	6025
1999	6261	284	5977
2000	6206	277	5929
2001	6174	273	5901
2002	6185	275	5910
2003	6141	274	5867
2004	6098	269	5829
2005	6133	274	5859
2006	6182	267	5915
2007	6153	270	5883
2008	6145	268	5877
2009	6120	269	5851
2010	6136	266	5870
2011	6120	259	5861
2012	6181	264	5917
2013	6190	273	5917
2014	6139	269	5870
2015	6073	269	5804
2016	6148	269	5879
2017	6164	269	5895
2018	6131	262	5869
2019	6121	275	5846
2020	6088	281	5807
2021	6040	273	5767
2022	6092	263	5829
2023	6133	280	5853
2024	6176	268	5908
2025	6137	266	5871
2026	6133	272	5861
2027	6082	270	5812
2028	6066	268	5798
2029	6077	270	5807
2030	6125	261	5864
2031	6187	280	5907
2032	6154	274	5880
2033	6145	276	5869
2034	6111	273	5838
2035	6181	275	5906
2036	6212	266	5946
2037	6123	269	5854
2038	6106	274	5832
2039	6105	274	5831
2040	6150	276	5874
2041	6157	284	5873
2042	6157	273	5884
2043	6153	278	5875
2044	6158	282	5876
2045	6176	281	5895
2046	6207	277	5930
2047	6229	278	5951
2048	6176	271	5905
2049	6119	274	5845
2050	6176	276	5900
2051	6154	282	5872
2052	6202	277	5925
2053	6172	277	5895
2054	6121	275	5846
2055	6129	273	5856
2056	6099	274	5825
2057	6077	277	5800
2058	6141	279	5862
2059	6199	273	5926
2060	6104	269	5835
2061	6048	284	5764
2062	6110	276	5834
2063	6108	277	5831
2064	6099	272	5827
2065	6104	271	5833
2066	6114	277	5837
2067	6108	278	5830
2068	6199	278	5921
2069	6172	284	5888
2070	6156	274	5882
2071	6197	275	5922
2072	6157	276	5881
2073	6224	281	5943
2074	6199	274	5925
2075	6228	277	5951
2076	6254	275	5979
2077	6165	284	5881
2078	6192	277	5915
2079	6247	278	5969
2080	6214	278	5936
2081	6136	278	5858
2082	6177	274	5903
2083	6178	278	5900
2084	6166	275	5891
2085	6208	273	5935
2086	6264	273	5991
2087	6123	274	5849
2088	6139	271	5868
2089	6188	274	5914
2090	6148	276	5872
2091	6157	278	5879
2092	6203	262	5941
2093	6241	273	5968
2094	6232	265	5967
2095	6190	264	5926
2096	6269	269	6000
2097	6226	281	5945
2098	6189	282	5907
2099	6165	273	5892
2100	6222	265	5957
2101	6227	275	5952
2102	6232	268	5964
2103	6301	271	6030
2104	6280	259	6021
2105	6218	262	5956
2106	6152	270	5882
2107	6202	272	5930
2108	6221	274	5947
2109	6281	279	6002
2110	6353	269	6084
2111	6325	270	6055
2112	6275	271	6004
2113	6255	271	5984
2114	6272	264	6008
2115	6250	273	5977
2116	6283	272	6011
2117	6253	273	5980
2118	6278	268	6010
2119	6280	271	6009
2120	6343	264	6079
2121	6297	268	6029
2122	6262	272	5990
2123	6303	270	6033
2124	6401	272	6129
2125	6402	285	6117
2126	6323	281	6042
2127	6271	275	5996
2128	6258	273	5985
2129	6333	272	6061
2130	6337	269	6068
2131	6248	275	5973
2132	6281	275	6006
2133	6282	284	5998
2134	6291	278	6013
2135	6283	269	6014
2136	6242	274	5968
2137	6251	272	5979
2138	6302	267	6035
2139	6290	276	6014
2140	6324	272	6052
2141	6320	278	6042
2142	6299	274	6025
2143	6244	282	5962
2144	6273	277	5996
2145	6364	270	6094
2146	6400	272	6128
2147	6380	271	6109
2148	6357	256	6101
2149	6410	266	6144
2150	6355	274	6081
2151	6347	278	6069
2152	6446	275	6171
2153	6412	273	6139
2154	6336	276	6060
2155	6376	275	6101
2156	6388	272	6116
2157	6374	265	6109
2158	6311	268	6043
2159	6369	281	6088
2160	6391	272	6119
2161	6441	284	6157
2162	6464	282	6182
2163	6362	267	6095
2164	6380	265	6115
2165	6407	277	6130
2166	6462	267	6195
2167	6392	264	6128
2168	6400	267	6133
2169	6365	270	6095
2170	6328	267	6061
2171	6403	274	6129
2172	6417	271	6146
2173	6322	271	6051
2174	6339	270	6069
2175	6328	281	6047
2176	6333	273	6060
2177	6306	279	6027
2178	6244	281	5963
2179	6287	269	6018
2180	6318	268	6050
2181	6343	274	6069
2182	6347	266	6081
2183	6297	261	6036
2184	6292	267	6025
2185	6300	277	6023
2186	6283	267	6016
2187	6265	274	5991
2188	6307	268	6039
2189	6277	282	5995
2190	6287	275	6012
2191	6317	266	6051
2192	6246	277	5969
2193	6236	284	5952
2194	6275	277	5998
2195	6274	271	6003
2196	6234	271	5963
2197	6191	269	5922
2198	6220	278	5942
2199	6238	281	5957
2200	6196	275	5921
2201	6185	273	5912
2202	6145	268	5877
2203	6144	277	5867
2204	6201	270	5931
2205	6183	276	5907
2206	6226	274	5952
2207	6168	277	5891
2208	6125	277	5848
2209	6138	276	5862
2210	6158	270	5888
2211	6102	275	5827
2212	6031	265	5766
2213	6021	266	5755
2214	5999	262	5737
2215	6054	269	5785
2216	6107	271	5836
2217	6125	276	5849
2218	6015	252	5763
2219	6061	282	5779
2220	6051	281	5770
2221	5998	272	5726
2222	5931	268	5663
2223	5881	273	5608
2224	5874	263	5611
2225	5891	269	5622
2226	5897	280	5617
2227	5918	281	5637
2228	5879	272	5607
2229	5911	277	5634
2230	5837	276	5561
2231	5797	270	5527
2232	5862	259	5603
2233	5831	276	5555
2234	5745	276	5469
2235	5741	272	5469
2236	5760	266	5494
2237	5682	274	5408
2238	5617	262	5355
2239	5589	274	5315
2240	5612	279	5333
2241	5645	278	5367
2242	5648	279	5369
2243	5581	280	5301
2244	5514	265	5249
2245	5579	280	5299
2246	5577	273	5304
2247	5559	279	5280
2248	5507	272	5235
2249	5476	280	5196
2250	5442	274	5168
2251	5424	272	5152
2252	5404	263	5141
2253	5376	279	5097
2254	5380	281	5099
2255	5318	269	5049
2256	5260	269	4991
2257	5332	273	5059
2258	5352	277	5075
2259	5234	279	4955
2260	5234	281	4953
2261	5283	284	4999
2262	5184	274	4910
2263	5122	279	4843
2264	5156	269	4887
2265	5173	272	4901
2266	5145	265	4880
2267	5072	274	4798
2268	5135	280	4855
2269	5200	284	4916
2270	5131	276	4855
2271	5098	276	4822
2272	5055	282	4773
2273	5066	280	4786
2274	5040	272	4768
2275	5027	270	4757
2276	5024	264	4760
2277	4981	282	4699
2278	4939	275	4664
2279	4931	267	4664
2280	4888	279	4609
2281	4934	280	4654
2282	4976	273	4703
2283	4902	274	4628
2284	4893	262	4631
2285	4860	266	4594
2286	4887	274	4613
2287	4891	281	4610
2288	4883	271	4612
2289	4834	273	4561
2290	4794	277	4517
2291	4771	273	4498
2292	4764	263	4501
2293	4759	275	4484
2294	4760	270	4490
2295	4703	282	4421
2296	4688	281	4407
2297	4715	284	4431
2298	4728	289	4439
2299	4710	291	4419
2300	4689	265	4424
2301	4623	266	4357
2302	4608	275	4333
2303	4678	279	4399
2304	4624	278	4346
2305	4542	279	4263
2306	4570	268	4302
2307	4580	278	4302
2308	4510	283	4227
2309	4546	279	4267
2310	4528	275	4253
2311	4551	286	4265
2312	4539	284	4255
2313	4495	279	4216
2314	4516	279	4237
2315	4495	285	4210
2316	4515	276	4239
2317	4424	273	4151
2318	4380	269	4111
2319	4361	275	4086
2320	4358	267	4091
2321	4350	277	4073
2322	4347	269	4078
2323	4338	260	4078
2324	4328	270	4058
2325	4281	282	3999
2326	4329	279	4050
2327	4266	271	3995
2328	4272	275	3997
2329	4278	280	3998
2330	4310	273	4037
2331	4308	282	4026
2332	4289	275	4014
2333	4237	276	3961
2334	4196	275	3921
2335	4229	271	3958
2336	4273	280	3993
2337	4274	287	3987
2338	4231	275	3956
2339	4188	272	3916
2340	4176	273	3903
2341	4170	273	3897
2342	4077	264	3813
2343	3991	266	3725
2344	4062	271	3791
2345	4123	282	3841
2346	4110	278	3832
2347	4123	281	3842
2348	4079	276	3803
2349	4001	285	3716
2350	4078	281	3797
2351	4055	280	3775
2352	4008	269	3739
2353	3965	271	3694
2354	3968	270	3698
2355	3984	281	3703
2356	3987	270	3717
2357	4023	276	3747
2358	3984	282	3702
2359	3980	291	3689
2360	3937	277	3660
2361	3865	275	3590
2362	3885	277	3608
2363	3926	280	3646
2364	3924	266	3658
2365	3901	269	3632
2366	3923	277	3646
2367	3898	281	3617
2368	3846	275	3571
2369	3851	278	3573
2370	3832	281	3551
2371	3814	282	3532
2372	3823	271	3552
2373	3794	269	3525
2374	3767	269	3498
2375	3791	280	3511
2376	3831	274	3557
2377	3812	275	3537
2378	3751	269	3482
2379	3699	270	3429
2380	3682	272	3410
2381	3686	276	3410
2382	3736	264	3472
2383	3686	263	3423
2384	3656	270	3386
2385	3661	271	3390
2386	3667	261	3406
2387	3696	264	3432
2388	3666	267	3399
2389	3595	280	3315
2390	3571	274	3297
2391	3586	280	3306
2392	3541	270	3271
2393	3579	272	3307
2394	3584	269	3315
2395	3581	276	3305
2396	3586	272	3314
2397	3547	275	3272
2398	3555	275	3280
2399	3457	279	3178
2400	3466	279	3187
2401	3474	277	3197
2402	3434	275	3159
2403	3383	281	3102
2404	3378	282	3096
2405	3394	280	3114
2406	3427	271	3156
2407	3404	275	3129
2408	3349	269	3080
2409	3365	265	3100
2410	3330	268	3062
2411	3317	276	3041
2412	3323	274	3049
2413	3303	272	3031
2414	3304	269	3035
2415	3334	277	3057
2416	3311	268	3043
2417	3293	275	3018
2418	3281	278	3003
2419	3259	276	2983
2420	3276	273	3003
2421	3242	267	2975
2422	3258	272	2986
2423	3240	278	2962
2424	3210	271	2939
2425	3190	273	2917
2426	3207	273	2934
2427	3173	268	2905
2428	3159	266	2893
2429	3159	279	2880
2430	3203	277	2926
2431	3203	271	2932
2432	3151	265	2886
2433	3161	268	2893
2434	3131	262	2869
2435	3161	270	2891
2436	3147	268	2879
2437	3139	273	2866
2438	3152	268	2884
2439	3132	274	2858
2440	3171	267	2904
2441	3177	267	2910
2442	3137	275	2862
2443	3114	275	2839
2444	3111	267	2844
2445	3065	279	2786
2446	3133	267	2866
2447	3197	267	2930
2448	3147	266	2881
2449	3127	272	2855
2450	3137	274	2863
2451	3109	268	2841
2452	3089	251	2838
2453	3106	266	2840
2454	3092	274	2818
2455	3098	270	2828
2456	3101	263	2838
2457	3118	272	2846
2458	3116	267	2849
2459	3053	267	2786
2460	3060	272	2788
2461	3074	278	2796
2462	3043	266	2777
2463	3083	273	2810
2464	3146	277	2869
2465	3113	281	2832
2466	3093	280	2813
2467	3158	278	2880
2468	3162	274	2888
2469	3139	272	2867
2470	3137	257	2880
2471	3163	272	2891
2472	3215	276	2939
2473	3194	276	2918
2474	3161	272	2889
2475	3149	280	2869
2476	3172	265	2907
2477	3188	263	2925
2478	3227	267	2960
2479	3275	273	3002
2480	3274	270	3004
2481	3236	264	2972
2482	3292	267	3025
2483	3306	286	3020
2484	3321	277	3044
2485	3316	273	3043
2486	3325	265	3060
2487	3355	275	3080
2488	3358	274	3084
2489	3360	272	3088
2490	3388	269	3119
2491	3342	283	3059
2492	3400	281	3119
2493	3420	272	3148
2494	3396	270	3126
2495	3439	269	3170
2496	3489	262	3227
2497	3517	263	3254
2498	3567	274	3293
2499	3538	277	3261
2500	3546	273	3273
2501	3581	273	3308
2502	3600	267	3333
2503	3569	261	3308
2504	3627	272	3355
2505	3655	279	3376
2506	3630	269	3361
2507	3672	277	3395
2508	3729	281	3448
2509	3779	280	3499
2510	3745	277	3468
2511	3739	274	3465
2512	3808	268	3540
2513	3870	270	3600
2514	3887	262	3625
2515	3924	264	3660
2516	3930	268	3662
2517	3960	267	3693
2518	4015	273	3742
2519	4030	279	3751
2520	4011	276	3735
2521	4072	278	3794
2522	4173	271	3902
2523	4204	267	3937
2524	4180	262	3918
2525	4230	281	3949
2526	4292	274	4018
2527	4330	268	4062
2528	4367	274	4093
2529	4384	272	4112
2530	4414	268	4146
2531	4429	271	4158
2532	4448	272	4176
2533	4522	274	4248
2534	4490	275	4215
2535	4498	272	4226
2536	4580	263	4317
2537	4616	259	4357
2538	4626	265	4361
2539	4680	275	4405
2540	4766	265	4501
2541	4766	273	4493
2542	4826	267	4559
2543	4804	269	4535
2544	4908	268	4640
2545	5022	272	4750
2546	5024	269	4755
2547	4956	281	4675
2548	5022	276	4746
2549	5151	272	4879
2550	5161	264	4897
2551	5159	274	4885
2552	5205	272	4933
2553	5264	280	4984
2554	5314	273	5041
2555	5361	278	5083
2556	5400	274	5126
2557	5421	272	5149
2558	5441	271	5170
2559	5484	267	5217
2560	5557	261	5296
2561	5617	277	5340
2562	5633	269	5364
2563	5702	271	5431
2564	5778	276	5502
2565	5775	280	5495
2566	5791	271	5520
2567	5801	268	5533
2568	5848	272	5576
2569	5958	270	5688
2570	6057	267	5790
2571	6090	269	5821
2572	6013	277	5736
2573	6030	286	5744
2574	6094	272	5822
2575	6174	275	5899
2576	6287	273	6014
2577	6254	279	5975
2578	6231	275	5956
2579	6344	266	6078
2580	6343	265	6078
2581	6408	273	6135
2582	6537	275	6262
2583	6538	275	6263
2584	6529	272	6257
2585	6566	269	6297
2586	6627	270	6357
2587	6673	273	6400
2588	6760	277	6483
2589	6891	275	6616
2590	6903	270	6633
2591	6965	274	6691
2592	7018	276	6742
2593	7042	273	6769
2594	7121	272	6849
2595	7163	266	6897
2596	7169	265	6904
2597	7146	270	6876
2598	7297	271	7026
2599	7330	269	7061
2600	7381	271	7110
2601	7378	273	7105
2602	7468	269	7199
2603	7573	271	7302
2604	7514	276	7238
2605	7572	275	7297
2606	7643	271	7372
2607	7668	280	7388
2608	7739	276	7463
2609	7788	274	7514
2610	7824	262	7562
2611	7862	262	7600
2612	7934	277	7657
2613	8025	285	7740
2614	8050	262	7788
2615	8142	267	7875
2616	8180	271	7909
2617	8181	276	7905
2618	8265	273	7992
2619	8316	282	8034
2620	8423	270	8153
2621	8447	273	8174
2622	8429	274	8155
2623	8437	280	8157
2624	8553	264	8289
2625	8565	263	8302
2626	8561	265	8296
2627	8684	268	8416
2628	8784	267	8517
2629	8824	262	8562
2630	8835	253	8582
2631	8830	277	8553
2632	8940	274	8666
2633	9057	268	8789
2634	9039	273	8766
2635	9076	286	8790
2636	9034	278	8756
2637	9125	274	8851
2638	9190	265	8925
2639	9287	266	9021
2640	9351	263	9088
2641	9373	268	9105
2642	9375	256	9119
2643	9422	268	9154
2644	9437	266	9171
2645	9578	265	9313
2646	9560	266	9294
2647	9504	265	9239
2648	9641	265	9376
2649	9725	275	9450
2650	9656	275	9381
2651	9773	270	9503
2652	9799	267	9532
2653	9874	272	9602
2654	9935	270	9665
2655	9979	278	9701
2656	10025	273	9752
2657	10015	269	9746
2658	10013	264	9749
2659	10149	265	9884
2660	10252	270	9982
2661	10226	278	9948
2662	10305	269	10036
2663	10317	263	10054
2664	10289	263	10026
2665	10405	274	10131
2666	10444	276	10168
2667	10393	266	10127
2668	10449	265	10184
2669	10521	275	10246
2670	10494	267	10227
2671	10616	271	10345
2672	10726	266	10460
2673	10668	272	10396
2674	10651	268	10383
2675	10693	273	10420
2676	10845	262	10583
2677	10745	269	10476
2678	10732	276	10456
2679	10882	278	10604
2680	10939	283	10656
2681	10893	287	10606
2682	10865	272	10593
2683	10862	271	10591
2684	11017	271	10746
2685	11123	278	10845
2686	11120	267	10853
2687	11054	273	10781
2688	11041	269	10772
2689	11133	278	10855
2690	11230	272	10958
2691	11216	269	10947
2692	11259	263	10996
2693	11336	277	11059
2694	11307	276	11031
2695	11266	280	10986
2696	11294	266	11028
2697	11337	277	11060
2698	11358	276	11082
2699	11399	276	11123
2700	11462	269	11193
2701	11458	275	11183
2702	11460	270	11190
2703	11500	277	11223
2704	11539	271	11268
2705	11513	271	11242
2706	11559	275	11284
2707	11655	272	11383
2708	11643	263	11380
2709	11634	269	11365
2710	11705	271	11434
2711	11682	274	11408
2712	11702	272	11430
2713	11733	274	11459
2714	11737	268	11469
2715	11747	280	11467
2716	11829	284	11545
2717	11806	281	11525
2718	11861	268	11593
2719	11904	270	11634
2720	11901	266	11635
2721	11925	269	11656
2722	12017	277	11740
2723	12047	278	11769
2724	12061	275	11786
2725	11960	278	11682
2726	11962	279	11683
2727	12089	278	11811
2728	12096	262	11834
2729	12110	273	11837
2730	12134	269	11865
2731	12129	267	11862
2732	12119	271	11848
2733	12274	274	12000
2734	12261	274	11987
2735	12231	274	11957
2736	12282	265	12017
2737	12271	265	12006
2738	12268	258	12010
2739	12261	268	11993
2740	12348	271	12077
2741	12307	279	12028
2742	12374	273	12101
2743	12436	274	12162
2744	12457	263	12194
2745	12396	268	12128
2746	12434	276	12158
2747	12426	279	12147
2748	12451	270	12181
2749	12444	272	12172
2750	12531	277	12254
2751	12466	278	12188
2752	12472	272	12200
2753	12556	273	12283
2754	12514	269	12245
2755	12579	267	12312
2756	12600	278	12322
2757	12627	280	12347
2758	12726	267	12459
2759	12707	274	12433
2760	12789	274	12515
2761	12712	275	12437
2762	12626	270	12356
2763	12678	274	12404
2764	12701	265	12436
2765	12827	268	12559
2766	12818	274	12544
2767	12900	276	12624
2768	12933	276	12657
2769	12934	277	12657
2770	12967	269	12698
2771	12860	269	12591
2772	12863	269	12594
2773	12902	268	12634
2774	12966	263	12703
2775	13053	264	12789
2776	13032	273	12759
2777	13019	277	12742
2778	13187	271	12916
2779	13244	273	12971
2780	13149	274	12875
2781	13083	272	12811
2782	13197	264	12933
2783	13196	257	12939
2784	13163	270	12893
2785	13163	280	12883
2786	13228	277	12951
2787	13275	278	12997
2788	13218	276	12942
2789	13152	282	12870
2790	13306	277	13029
2791	13397	273	13124
2792	13426	277	13149
2793	13398	264	13134
2794	13313	263	13050
2795	13358	274	13084
2796	13486	271	13215
2797	13492	274	13218
2798	13533	271	13262
2799	13547	281	13266
2800	13590	275	13315
2801	13590	275	13315
2802	13542	265	13277
2803	13545	272	13273
2804	13601	278	13323
2805	13582	271	13311
2806	13634	260	13374
2807	13713	267	13446
2808	13693	263	13430
2809	13713	271	13442
2810	13700	272	13428
2811	13688	275	13413
2812	13771	267	13504
2813	13779	268	13511
2814	13726	268	13458
2815	13825	276	13549
2816	13817	281	13536
2817	13875	283	13592
2818	13885	267	13618
2819	13850	270	13580
2820	13870	256	13614
2821	13877	260	13617
2822	13917	271	13646
2823	14005	285	13720
2824	13974	275	13699
2825	13896	278	13618
2826	14035	268	13767
2827	14055	266	13789
2828	14061	267	13794
2829	14117	275	13842
2830	14017	270	13747
2831	14036	270	13766
2832	14096	269	13827
2833	14056	277	13779
2834	14019	268	13751
2835	14077	267	13810
2836	14170	269	13901
2837	14160	263	13897
2838	14172	265	13907
2839	14138	277	13861
2840	14113	268	13845
2841	14148	271	13877
2842	14146	273	13873
2843	14152	277	13875
2844	14288	263	14025
2845	14220	260	13960
2846	14187	267	13920
2847	14271	266	14005
2848	14249	267	13982
2849	14240	266	13974
2850	14172	272	13900
2851	14151	271	13880
2852	14247	266	13981
2853	14401	273	14128
2854	14335	278	14057
2855	14218	288	13930
2856	14295	276	14019
2857	14393	272	14121
2858	14422	270	14152
2859	14353	274	14079
2860	14305	267	14038
2861	14417	277	14140
2862	14459	262	14197
2863	14334	272	14062
2864	14300	280	14020
2865	14311	272	14039
2866	14460	267	14193
2867	14379	273	14106
2868	14339	275	14064
2869	14360	274	14086
2870	14411	270	14141
2871	14275	276	13999
2872	14263	268	13995
2873	14370	270	14100
2874	14375	273	14102
2875	14415	271	14144
2876	14385	273	14112
2877	14327	278	14049
2878	14330	273	14057
2879	14387	287	14100
2880	14470	284	14186
2881	14371	275	14096
2882	14339	266	14073
2883	14385	273	14112
2884	14368	275	14093
2885	14296	277	14019
2886	14243	265	13978
2887	14332	273	14059
2888	14336	271	14065
2889	14321	273	14048
2890	14250	272	13978
2891	14336	285	14051
2892	14438	272	14166
2893	14418	273	14145
2894	14294	265	14029
2895	14253	269	13984
2896	14367	274	14093
2897	14336	271	14065
2898	14303	262	14041
2899	14301	266	14035
2900	14351	273	14078
2901	14278	276	14002
2902	14228	271	13957
2903	14206	277	13929
2904	14303	276	14027
2905	14375	275	14100
2906	14348	265	14083
2907	14322	263	14059
2908	14287	268	14019
2909	14208	279	13929
2910	14197	267	13930
2911	14171	268	13903
2912	14186	272	13914
2913	14214	280	13934
2914	14218	267	13951
2915	14191	266	13925
2916	14316	273	14043
2917	14297	281	14016
2918	14146	268	13878
2919	14084	271	13813
2920	14111	273	13838
2921	14020	271	13749
2922	14092	268	13824
2923	14074	275	13799
2924	14068	284	13784
2925	14024	277	13747
2926	14024	273	13751
2927	14046	275	13771
2928	14017	268	13749
2929	13992	276	13716
2930	13895	275	13620
2931	13906	275	13631
2932	13922	265	13657
2933	13890	270	13620
2934	13864	261	13603
2935	13910	263	13647
2936	13954	264	13690
2937	13846	275	13571
2938	13872	271	13601
2939	13890	275	13615
2940	13825	274	13551
2941	13809	280	13529
2942	13821	268	13553
2943	13776	271	13505
2944	13672	273	13399
2945	13688	269	13419
2946	13695	267	13428
2947	13710	274	13436
2948	13739	267	13472
2949	13690	273	13417
2950	13684	276	13408
2951	13593	269	13324
2952	13649	265	13384
2953	13646	281	13365
2954	13524	276	13248
2955	13551	272	13279
2956	13515	265	13250
2957	13425	268	13157
2958	13407	271	13136
2959	13388	284	13104
2960	13411	273	13138
2961	13502	269	13233
2962	13449	276	13173
2963	13305	280	13025
2964	13261	268	12993
2965	13257	261	12996
2966	13269	257	13012
2967	13210	264	12946
2968	13202	255	12947
2969	13225	285	12940
2970	13237	269	12968
2971	13186	266	12920
2972	13048	270	12778
2973	12974	274	12700
2974	13074	257	12817
2975	13023	265	12758
2976	13024	269	12755
2977	12869	265	12604
2978	12857	262	12595
2979	12937	273	12664
2980	12925	274	12651
2981	12868	279	12589
2982	12741	269	12472
2983	12818	276	12542
2984	12792	275	12517
2985	12719	279	12440
2986	12777	278	12499
2987	12777	272	12505
2988	12644	275	12369
2989	12577	269	12308
2990	12506	268	12238
2991	12526	268	12258
2992	12494	267	12227
2993	12498	280	12218
2994	12510	272	12238
2995	12467	271	12196
2996	12450	265	12185
2997	12324	264	12060
2998	12274	267	12007
2999	12277	274	12003
3000	12284	273	12011
3001	12286	275	12011
3002	12238	262	11976
3003	12303	273	12030
3004	12294	274	12020
3005	12189	276	11913
3006	12176	272	11904
3007	12150	270	11880
3008	12167	267	11900
3009	12028	280	11748
3010	12023	277	11746
3011	12008	269	11739
3012	12003	268	11735
3013	11965	282	11683
3014	12044	267	11777
3015	11946	279	11667
3016	11906	281	11625
3017	11881	274	11607
3018	11884	276	11608
3019	11872	282	11590
3020	11752	277	11475
3021	11717	280	11437
3022	11722	276	11446
3023	11649	272	11377
3024	11633	275	11358
3025	11656	287	11369
3026	11648	281	11367
3027	11578	282	11296
3028	11582	271	11311
3029	11595	269	11326
3030	11596	265	11331
3031	11506	278	11228
3032	11494	277	11217
3033	11483	270	11213
3034	11514	282	11232
3035	11489	275	11214
3036	11413	278	11135
3037	11427	273	11154
3038	11458	262	11196
3039	11251	274	10977
3040	11327	274	11053
3041	11212	268	10944
3042	11072	263	10809
3043	11146	271	10875
3044	11232	271	10961
3045	11092	266	10826
3046	11080	272	10808
3047	11110	272	10838
3048	11049	271	10778
3049	11054	268	10786
3050	11041	270	10771
3051	11065	278	10787
3052	10888	281	10607
3053	10883	281	10602
3054	10882	272	10610
3055	10835	276	10559
3056	10795	276	10519
3057	10858	282	10576
3058	10865	268	10597
3059	10809	274	10535
3060	10870	267	10603
3061	10834	256	10578
3062	10791	261	10530
3063	10860	274	10586
3064	10813	275	10538
3065	10824	286	10538
3066	10810	276	10534
3067	10757	271	10486
3068	10682	266	10416
3069	10682	263	10419
3070	10579	260	10319
3071	10590	271	10319
3072	10580	263	10317
3073	10641	279	10362
3074	10633	286	10347
3075	10554	279	10275
3076	10513	268	10245
3077	10478	266	10212
3078	10356	271	10085
3079	10361	277	10084
3080	10402	274	10128
3081	10437	285	10152
3082	10366	274	10092
3083	10243	278	9965
3084	10272	283	9989
3085	10325	277	10048
3086	10321	275	10046
3087	10339	276	10063
3088	10287	268	10019
3089	10157	272	9885
3090	10139	271	9868
3091	10188	279	9909
3092	10160	282	9878
3093	10169	284	9885
3094	10139	274	9865
3095	10089	279	9810
3096	10163	279	9884
3097	10055	283	9772
3098	10098	278	9820
3099	10142	276	9866
3100	10174	271	9903
3101	10093	274	9819
3102	9984	275	9709
3103	9929	276	9653
3104	9930	270	9660
3105	10017	278	9739
3106	10080	284	9796
3107	9986	280	9706
3108	9940	275	9665
3109	9875	280	9595
3110	9862	269	9593
3111	9884	278	9606
3112	9908	282	9626
3113	9867	283	9584
3114	9920	275	9645
3115	9958	269	9689
3116	9941	267	9674
3117	9784	269	9515
3118	9698	275	9423
3119	9804	276	9528
3120	9821	265	9556
3121	9707	272	9435
3122	9692	275	9417
3123	9779	279	9500
3124	9734	280	9454
3125	9651	285	9366
3126	9591	274	9317
3127	9603	264	9339
3128	9655	259	9396
3129	9618	270	9348
3130	9653	272	9381
3131	9582	279	9303
3132	9622	272	9350
3133	9622	275	9347
3134	9544	269	9275
3135	9518	269	9249
3136	9538	261	9277
3137	9513	272	9241
3138	9645	272	9373
3139	9597	278	9319
3140	9480	273	9207
3141	9562	266	9296
3142	9501	276	9225
3143	9453	279	9174
3144	9441	274	9167
3145	9469	276	9193
3146	9503	274	9229
3147	9455	277	9178
3148	9386	271	9115
3149	9395	276	9119
3150	9418	271	9147
3151	9355	276	9079
3152	9357	261	9096
3153	9433	271	9162
3154	9443	276	9167
3155	9372	273	9099
3156	9288	268	9020
3157	9266	277	8989
3158	9313	272	9041
3159	9337	276	9061
3160	9347	274	9073
3161	9307	276	9031
3162	9362	280	9082
3163	9260	287	8973
3164	9258	275	8983
3165	9299	275	9024
3166	9301	273	9028
3167	9333	267	9066
3168	9286	268	9018
3169	9233	272	8961
3170	9209	269	8940
3171	9219	273	8946
3172	9178	270	8908
3173	9098	283	8815
3174	9157	281	8876
3175	9159	279	8880
3176	9083	273	8810
3177	9132	280	8852
3178	9175	281	8894
3179	9100	270	8830
3180	9115	270	8845
3181	9103	280	8823
3182	9131	275	8856
3183	9178	277	8901
3184	9174	277	8897
3185	9108	279	8829
3186	9107	271	8836
3187	9084	279	8805
3188	9109	279	8830
3189	9182	269	8913
3190	9195	270	8925
3191	9085	271	8814
3192	9021	276	8745
3193	8958	286	8672
3194	9032	279	8753
3195	9054	285	8769
3196	9012	275	8737
3197	9046	264	8782
3198	9086	265	8821
3199	9055	275	8780
3200	9064	281	8783
3201	9061	282	8779
3202	9046	274	8772
3203	8929	277	8652
3204	8958	270	8688
3205	9020	279	8741
3206	9007	275	8732
3207	8990	285	8705
3208	9040	272	8768
3209	8981	270	8711
3210	8908	272	8636
3211	8868	277	8591
3212	8947	278	8669
3213	8983	285	8698
3214	9011	276	8735
3215	9064	263	8801
3216	8973	266	8707
3217	8929	275	8654
3218	8885	271	8614
3219	8897	272	8625
3220	8960	271	8689
3221	8991	276	8715
3222	8991	267	8724
3223	8954	272	8682
3224	8961	278	8683
3225	8907	275	8632
3226	8924	270	8654
3227	8879	274	8605
3228	8972	273	8699
3229	8946	278	8668
3230	8906	266	8640
3231	8939	276	8663
3232	9009	280	8729
3233	8928	281	8647
3234	8869	267	8602
3235	8942	273	8669
3236	8941	276	8665
3237	8948	275	8673
3238	8889	264	8625
3239	8892	267	8625
3240	8876	272	8604
3241	8887	278	8609
3242	8917	279	8638
3243	8913	288	8625
3244	8936	275	8661
3245	8876	268	8608
3246	8869	269	8600
3247	8885	270	8615
3248	8884	272	8612
3249	8814	274	8540
3250	8860	279	8581
3251	8887	285	8602
3252	8986	274	8712
3253	8979	262	8717
3254	8945	258	8687
3255	8944	267	8677
3256	8924	272	8652
3257	8912	270	8642
3258	8953	264	8689
3259	8885	267	8618
3260	8963	269	8694
3261	9070	271	8799
3262	8957	263	8694
3263	8964	270	8694
3264	8987	269	8718
3265	8968	278	8690
3266	8922	270	8652
3267	8904	263	8641
3268	9069	277	8792
3269	9107	280	8827
3270	9143	267	8876
3271	8978	276	8702
3272	8900	262	8638
3273	8953	269	8684
3274	9000	270	8730
3275	8976	277	8699
3276	8991	277	8714
3277	9002	280	8722
3278	8951	272	8679
3279	8897	271	8626
3280	8828	261	8567
3281	8879	266	8613
3282	8857	273	8584
3283	8842	276	8566
3284	8896	266	8630
3285	8947	263	8684
3286	8932	268	8664
3287	8935	272	8663
3288	8921	267	8654
3289	8983	270	8713
3290	8946	268	8678
3291	8826	270	8556
3292	8816	262	8554
3293	8837	266	8571
3294	8845	277	8568
3295	8868	276	8592
3296	8830	274	8556
3297	8839	281	8558
3298	8864	268	8596
3299	8902	266	8636
3300	8820	271	8549
3301	8772	274	8498
3302	8801	264	8537
3303	8745	271	8474
3304	8718	271	8447
3305	8741	271	8470
3306	8741	263	8478
3307	8760	274	8486
3308	8782	272	8510
3309	8724	268	8456
3310	8718	270	8448
3311	8689	268	8421
3312	8713	266	8447
3313	8684	262	8422
3314	8672	259	8413
3315	8683	273	8410
3316	8677	271	8406
3317	8658	270	8388
3318	8647	276	8371
3319	8608	286	8322
3320	8573	277	8296
3321	8654	281	8373
3322	8588	278	8310
3323	8623	275	8348
3324	8608	271	8337
3325	8695	275	8420
3326	8747	270	8477
3327	8687	266	8421
3328	8612	264	8348
3329	8605	270	8335
3330	8638	270	8368
3331	8612	274	8338
3332	8572	272	8300
3333	8579	276	8303
3334	8587	281	8306
3335	8622	281	8341
3336	8606	279	8327
3337	8538	287	8251
3338	8511	278	8233
3339	8520	273	8247
3340	8569	265	8304
3341	8544	270	8274
3342	8483	269	8214
3343	8481	276	8205
3344	8496	272	8224
3345	8457	270	8187
3346	8439	265	8174
3347	8472	272	8200
3348	8450	269	8181
3349	8348	277	8071
3350	8333	283	8050
3351	8375	278	8097
3352	8423	275	8148
3353	8322	286	8036
3354	8296	275	8021
3355	8382	276	8106
3356	8371	277	8094
3357	8328	276	8052
3358	8351	263	8088
3359	8303	270	8033
3360	8335	268	8067
3361	8342	269	8073
3362	8308	273	8035
3363	8311	281	8030
3364	8317	274	8043
3365	8290	264	8026
3366	8181	269	7912
3367	8099	273	7826
3368	8139	269	7870
3369	8142	270	7872
3370	8132	267	7865
3371	8132	269	7863
3372	8208	261	7947
3373	8219	265	7954
3374	8183	269	7914
3375	8112	275	7837
3376	8084	266	7818
3377	8060	268	7792
3378	8013	271	7742
3379	8005	276	7729
3380	7964	270	7694
3381	7959	267	7692
3382	7980	265	7715
3383	7978	277	7701
3384	7910	268	7642
3385	8034	267	7767
3386	7977	262	7715
3387	7950	265	7685
3388	7967	270	7697
3389	7987	273	7714
3390	7943	269	7674
3391	7888	279	7609
3392	7855	280	7575
3393	7864	273	7591
3394	7849	272	7577
3395	7793	280	7513
3396	7842	276	7566
3397	7782	278	7504
3398	7793	268	7525
3399	7782	272	7510
3400	7740	270	7470
3401	7696	270	7426
3402	7687	262	7425
3403	7677	272	7405
3404	7732	264	7468
3405	7736	279	7457
3406	7689	272	7417
3407	7608	275	7333
3408	7588	272	7316
3409	7621	269	7352
3410	7572	268	7304
3411	7603	273	7330
3412	7592	273	7319
3413	7499	269	7230
3414	7512	270	7242
3415	7590	278	7312
3416	7524	266	7258
3417	7447	267	7180
3418	7469	272	7197
3419	7465	279	7186
3420	7472	272	7200
3421	7504	270	7234
3422	7465	263	7202
3423	7441	265	7176
3424	7431	266	7165
3425	7429	271	7158
3426	7397	268	7129
3427	7270	267	7003
3428	7280	275	7005
3429	7311	285	7026
3430	7343	280	7063
3431	7319	282	7037
3432	7238	275	6963
3433	7162	276	6886
3434	7183	268	6915
3435	7237	273	6964
3436	7230	272	6958
3437	7185	266	6919
3438	7137	275	6862
3439	7054	273	6781
3440	7048	268	6780
3441	7099	266	6833
3442	7051	265	6786
3443	7014	273	6741
3444	7008	272	6736
3445	6949	274	6675
3446	6905	271	6634
3447	6854	278	6576
3448	6888	277	6611
3449	6835	280	6555
3450	6906	275	6631
3451	6815	279	6536
3452	6762	280	6482
3453	6769	280	6489
3454	6794	277	6517
3455	6656	276	6380
3456	6678	268	6410
3457	6640	275	6365
3458	6598	270	6328
3459	6600	279	6321
3460	6597	278	6319
3461	6558	277	6281
3462	6528	269	6259
3463	6502	282	6220
3464	6491	283	6208
3465	6489	283	6206
3466	6445	278	6167
3467	6366	281	6085
3468	6356	265	6091
3469	6319	270	6049
3470	6325	272	6053
3471	6306	272	6034
3472	6354	278	6076
3473	6366	282	6084
3474	6336	274	6062
3475	6332	277	6055
3476	6272	281	5991
3477	6223	273	5950
3478	6177	263	5914
3479	6267	276	5991
3480	6295	273	6022
3481	6196	276	5920
3482	6134	268	5866
3483	6105	262	5843
3484	6202	264	5938
3485	6204	277	5927
3486	6213	268	5945
3487	6110	270	5840
3488	6027	270	5757
3489	6019	276	5743
3490	6036	273	5763
3491	6056	283	5773
3492	6147	282	5865
3493	6071	283	5788
3494	6024	280	5744
3495	6016	279	5737
3496	5959	271	5688
3497	5976	270	5706
3498	5945	273	5672
3499	6020	274	5746
3500	5974	277	5697
3501	5903	285	5618
3502	5855	281	5574
3503	5853	282	5571
3504	5904	281	5623
3505	5836	268	5568
3506	5809	271	5538
3507	5873	278	5595
3508	5886	276	5610
3509	5831	282	5549
3510	5793	278	5515
3511	5735	280	5455
3512	5757	274	5483
3513	5762	279	5483
3514	5714	280	5434
3515	5752	277	5475
3516	5704	271	5433
3517	5653	280	5373
3518	5694	260	5434
3519	5689	268	5421
3520	5692	277	5415
3521	5646	276	5370
3522	5622	266	5356
3523	5673	273	5400
3524	5656	284	5372
3525	5606	288	5318
3526	5595	275	5320
3527	5531	275	5256
3528	5458	274	5184
3529	5463	272	5191
3530	5508	264	5244
3531	5523	264	5259
3532	5511	252	5259
3533	5466	273	5193
3534	5441	277	5164
3535	5368	268	5100
3536	5310	272	5038
3537	5302	276	5026
3538	5334	269	5065
3539	5350	268	5082
3540	5381	266	5115
3541	5366	282	5084
3542	5326	285	5041
3543	5199	287	4912
3544	5219	286	4933
3545	5227	284	4943
3546	5219	278	4941
3547	5267	269	4998
3548	5287	270	5017
3549	5226	283	4943
3550	5138	281	4857
3551	5141	282	4859
3552	5220	262	4958
3553	5183	265	4918
3554	5117	270	4847
3555	5121	281	4840
3556	5148	274	4874
3557	5103	272	4831
3558	5084	271	4813
3559	5008	265	4743
3560	4979	271	4708
3561	4987	282	4705
3562	5002	285	4717
3563	4993	288	4705
3564	4935	279	4656
3565	4889	278	4611
3566	4937	280	4657
3567	4931	285	4646
3568	4952	281	4671
3569	4929	281	4648
3570	4880	275	4605
3571	4864	282	4582
3572	4846	275	4571
3573	4827	276	4551
3574	4817	278	4539
3575	4797	286	4511
3576	4812	282	4530
3577	4771	281	4490
3578	4735	275	4460
3579	4785	273	4512
3580	4756	274	4482
3581	4710	277	4433
3582	4751	282	4469
3583	4739	283	4456
3584	4730	275	4455
3585	4698	271	4427
3586	4690	274	4416
3587	4634	279	4355
3588	4670	280	4390
3589	4662	279	4383
3590	4626	274	4352
3591	4605	277	4328
3592	4566	276	4290
3593	4529	270	4259
3594	4535	270	4265
3595	4530	273	4257
3596	4541	277	4264
3597	4502	287	4215
3598	4478	271	4207
3599	4477	268	4209
3600	4440	269	4171
3601	4443	279	4164
3602	4459	278	4181
3603	4392	282	4110
3604	4424	278	4146
3605	4435	280	4155
3606	4428	267	4161
3607	4381	270	4111
3608	4379	270	4109
3609	4391	277	4114
3610	4312	273	4039
3611	4314	277	4037
3612	4367	273	4094
3613	4346	283	4063
3614	4338	275	4063
3615	4267	278	3989
3616	4282	280	4002
3617	4320	268	4052
3618	4274	264	4010
3619	4229	278	3951
3620	4224	272	3952
3621	4195	271	3924
3622	4233	276	3957
3623	4279	286	3993
3624	4216	281	3935
3625	4219	277	3942
3626	4186	271	3915
3627	4139	280	3859
3628	4148	271	3877
3629	4117	274	3843
3630	4145	273	3872
3631	4144	274	3870
3632	4107	278	3829
3633	4113	276	3837
3634	4129	269	3860
3635	4105	269	3836
3636	4107	274	3833
3637	4079	278	3801
3638	4094	277	3817
3639	4047	274	3773
3640	4053	267	3786
3641	4094	276	3818
3642	4031	270	3761
3643	3925	274	3651
3644	3956	270	3686
3645	3935	286	3649
3646	3948	272	3676
3647	3902	266	3636
3648	3930	264	3666
