index	original	background	difference
-----------------------------------------------------
1	357	210	147
2	347	221	126
3	356	224	132
4	384	224	160
5	356	224	132
6	353	228	125
7	359	230	129
8	324	216	108
9	346	216	130
10	368	222	146
11	346	223	123
12	351	233	118
13	363	234	129
14	374	231	143
15	380	228	152
16	362	224	138
17	370	214	156
18	380	223	157
19	381	232	149
20	379	236	143
21	394	234	160
22	390	230	160
23	379	229	150
24	383	232	151
25	384	238	146
26	376	231	145
27	364	225	139
28	390	230	160
29	395	223	172
30	381	225	156
31	366	236	130
32	374	230	144
33	400	231	169
34	394	231	163
35	374	232	142
36	373	246	127
37	394	246	148
38	420	237	183
39	410	228	182
40	398	235	163
41	396	248	148
42	385	243	142
43	393	238	155
44	417	240	177
45	417	239	178
46	402	241	161
47	414	243	171
48	386	242	144
49	377	250	127
50	405	250	155
51	423	239	184
52	432	252	180
53	418	252	166
54	393	244	149
55	394	233	161
56	416	236	180
57	401	246	155
58	404	246	158
59	404	242	162
60	413	237	176
61	433	240	193
62	433	248	185
63	419	239	180
64	418	237	181
65	414	249	165
66	438	244	194
67	436	238	198
68	418	243	175
69	423	250	173
70	410	254	156
71	436	248	188
72	431	243	188
73	440	244	196
74	448	251	197
75	429	255	174
76	443	255	188
77	438	240	198
78	412	242	170
79	418	249	169
80	416	245	171
81	426	253	173
82	427	247	180
83	435	253	182
84	430	259	171
85	416	259	157
86	434	250	184
87	445	235	210
88	435	240	195
89	423	238	185
90	412	243	169
91	426	253	173
92	418	256	162
93	416	247	169
94	425	243	182
95	427	243	184
96	438	248	190
97	447	248	199
98	428	255	173
99	406	257	149
100	407	262	145
101	408	255	153
102	417	254	163
103	449	249	200
104	439	245	194
105	426	242	184
106	440	249	191
107	433	258	175
108	424	259	165
109	432	256	176
110	450	250	200
111	448	247	201
112	435	251	184
113	434	256	178
114	417	253	164
115	418	256	162
116	432	252	180
117	433	256	177
118	441	260	181
119	442	248	194
120	430	243	187
121	439	252	187
122	419	258	161
123	408	268	140
124	419	259	160
125	424	253	171
126	431	249	182
127	426	240	186
128	401	247	154
129	429	254	175
130	426	258	168
131	412	253	159
132	416	251	165
133	432	247	185
134	433	256	177
135	429	259	170
136	411	253	158
137	420	252	168
138	431	258	173
139	419	262	157
140	429	257	172
141	428	262	166
142	419	263	156
143	417	255	162
144	425	263	162
145	431	262	169
146	441	265	176
147	431	262	169
148	419	247	172
149	430	249	181
150	424	250	174
151	419	247	172
152	444	250	194
153	422	256	166
154	422	269	153
155	452	273	179
156	443	271	172
157	447	258	189
158	450	253	197
159	442	257	185
160	457	267	190
161	460	263	197
162	448	260	188
163	455	255	200
164	433	252	181
165	442	254	188
166	444	247	197
167	439	251	188
168	436	267	169
169	425	263	162
170	441	249	192
171	449	249	200
172	446	251	195
173	444	243	201
174	449	241	208
175	444	251	193
176	463	263	200
177	460	265	195
178	463	267	196
179	463	254	209
180	457	259	198
181	460	263	197
182	451	262	189
183	466	255	211
184	455	254	201
185	439	259	180
186	474	262	212
187	467	259	208
188	471	261	210
189	465	262	203
190	451	260	191
191	460	253	207
192	452	241	211
193	473	254	219
194	506	260	246
195	492	255	237
196	489	246	243
197	510	247	263
198	507	257	250
199	506	256	250
200	508	254	254
201	519	254	265
202	520	257	263
203	500	256	244
204	501	252	249
205	514	251	263
206	490	254	236
207	504	250	254
208	504	249	255
209	494	265	229
210	492	264	228
211	524	264	260
212	537	268	269
213	543	256	287
214	546	257	289
215	496	256	240
216	510	252	258
217	534	254	280
218	517	257	260
219	511	257	254
220	528	257	271
221	515	258	257
222	487	263	224
223	510	259	251
224	561	256	305
225	535	252	283
226	547	255	292
227	555	255	300
228	562	256	306
229	570	258	312
230	555	258	297
231	547	258	289
232	526	257	269
233	540	260	280
234	574	260	314
235	580	262	318
236	574	257	317
237	584	260	324
238	583	274	309
239	573	257	316
240	569	256	313
241	541	253	288
242	544	250	294
243	555	252	303
244	546	259	287
245	555	269	286
246	584	268	316
247	590	267	323
248	564	266	298
249	568	258	310
250	590	253	337
251	612	258	354
252	592	258	334
253	577	256	321
254	590	259	331
255	570	260	310
256	576	260	316
257	590	254	336
258	574	254	320
259	586	258	328
260	594	263	331
261	570	250	320
262	576	251	325
263	567	257	310
264	556	257	299
265	560	248	312
266	604	256	348
267	594	267	327
268	610	254	356
269	625	253	372
270	583	261	322
271	571	257	314
272	569	247	322
273	570	246	324
274	585	246	339
275	579	246	333
276	592	253	339
277	610	257	353
278	585	250	335
279	595	259	336
280	610	262	348
281	597	259	338
282	574	258	316
283	557	264	293
284	558	259	299
285	571	253	318
286	576	261	315
287	583	259	324
288	587	252	335
289	592	246	346
290	575	251	324
291	554	258	296
292	560	256	304
293	572	256	316
294	593	254	339
295	584	264	320
296	579	266	313
297	590	255	335
298	583	252	331
299	556	248	308
300	567	255	312
301	564	256	308
302	562	257	305
303	602	258	344
304	583	259	324
305	576	252	324
306	599	253	346
307	586	253	333
308	586	254	332
309	592	250	342
310	550	253	297
311	546	254	292
312	568	257	311
313	560	260	300
314	547	260	287
315	568	254	314
316	577	249	328
317	565	257	308
318	573	252	321
319	560	252	308
320	580	249	331
321	607	245	362
322	572	251	321
323	557	259	298
324	554	257	297
325	544	249	295
326	588	244	344
327	575	249	326
328	564	251	313
329	571	251	320
330	574	250	324
331	570	262	308
332	565	262	303
333	559	259	300
334	557	262	295
335	581	254	327
336	573	255	318
337	561	258	303
338	548	253	295
339	541	256	285
340	551	249	302
341	557	250	307
342	562	243	319
343	600	252	348
344	588	258	330
345	558	254	304
346	580	251	329
347	560	261	299
348	566	264	302
349	564	264	300
350	559	258	301
351	576	256	320
352	582	258	324
353	542	261	281
354	551	262	289
355	568	257	311
356	584	264	320
357	592	257	335
358	569	253	316
359	564	251	313
360	578	251	327
361	582	255	327
362	585	253	332
363	582	249	333
364	572	258	314
365	552	263	289
366	555	256	299
367	571	249	322
368	568	261	307
369	573	259	314
370	582	257	325
371	593	254	339
372	595	258	337
373	611	260	351
374	582	256	326
375	566	253	313
376	576	259	317
377	574	266	308
378	579	257	322
379	593	250	343
380	628	247	381
381	626	240	386
382	584	251	333
383	593	255	338
384	598	250	348
385	597	243	354
386	596	255	341
387	588	244	344
388	598	246	352
389	632	250	382
390	621	248	373
391	606	260	346
392	606	261	345
393	613	262	351
394	620	254	366
395	631	257	374
396	636	253	383
397	607	248	359
398	603	252	351
399	615	252	363
400	617	253	364
401	618	264	354
402	627	254	373
403	644	245	399
404	651	249	402
405	665	249	416
406	669	245	424
407	656	255	401
408	647	256	391
409	642	258	384
410	661	261	400
411	682	248	434
412	663	252	411
413	652	264	388
414	666	253	413
415	669	260	409
416	687	253	434
417	665	236	429
418	673	241	432
419	694	247	447
420	686	247	439
421	690	245	445
422	706	254	452
423	682	258	424
424	674	260	414
425	677	258	419
426	681	262	419
427	718	262	456
428	743	260	483
429	727	248	479
430	726	250	476
431	752	255	497
432	725	247	478
433	735	242	493
434	723	245	478
435	696	248	448
436	718	247	471
437	718	255	463
438	757	262	495
439	765	265	500
440	736	263	473
441	723	255	468
442	750	252	498
443	759	242	517
444	753	252	501
445	757	250	507
446	746	248	498
447	772	254	518
448	770	249	521
449	780	244	536
450	782	250	532
451	766	252	514
452	779	247	532
453	779	249	530
454	775	260	515
455	793	266	527
456	796	263	533
457	792	250	542
458	797	250	547
459	810	252	558
460	810	255	555
461	775	256	519
462	767	247	520
463	779	258	521
464	798	261	537
465	795	252	543
466	806	249	557
467	792	239	553
468	764	247	517
469	788	247	541
470	791	258	533
471	785	255	530
472	814	261	553
473	830	263	567
474	808	255	553
475	837	250	587
476	816	247	569
477	802	252	550
478	786	259	527
479	808	254	554
480	811	260	551
481	811	256	555
482	828	247	581
483	860	245	615
484	829	247	582
485	813	239	574
486	857	238	619
487	868	249	619
488	844	259	585
489	809	252	557
490	802	239	563
491	832	245	587
492	835	256	579
493	832	254	578
494	799	246	553
495	772	253	519
496	828	252	576
497	834	250	584
498	813	253	560
499	823	251	572
500	851	252	599
501	802	258	544
502	807	258	549
503	842	250	592
504	807	245	562
505	824	244	580
506	809	258	551
507	796	262	534
508	821	259	562
509	818	260	558
510	777	257	520
511	797	255	542
512	806	254	552
513	802	249	553
514	787	256	531
515	803	253	550
516	832	259	573
517	806	264	542
518	804	262	542
519	808	263	545
520	808	267	541
521	808	266	542
522	785	262	523
523	826	256	570
524	825	255	570
525	814	262	552
526	789	266	523
527	802	268	534
528	817	262	555
529	787	252	535
530	767	252	515
531	774	253	521
532	749	265	484
533	766	261	505
534	775	261	514
535	772	263	509
536	787	255	532
537	784	257	527
538	786	262	524
539	760	251	509
540	753	247	506
541	739	265	474
542	770	259	511
543	737	253	484
544	731	254	477
545	755	259	496
546	736	255	481
547	724	248	476
548	701	253	448
549	707	255	452
550	729	257	472
551	744	255	489
552	750	255	495
553	744	255	489
554	710	260	450
555	723	258	465
556	736	254	482
557	724	254	470
558	715	258	457
559	737	256	481
560	731	254	477
561	714	256	458
562	729	263	466
563	767	260	507
564	745	258	487
565	714	250	464
566	733	251	482
567	734	260	474
568	740	252	488
569	764	254	510
570	739	251	488
571	716	256	460
572	738	254	484
573	732	253	479
574	740	259	481
575	764	249	515
576	731	250	481
577	748	251	497
578	759	253	506
579	728	254	474
580	735	252	483
581	742	256	486
582	725	250	475
583	752	251	501
584	760	244	516
585	738	249	489
586	720	250	470
587	718	248	470
588	733	262	471
589	749	262	487
590	738	251	487
591	731	248	483
592	732	257	475
593	731	252	479
594	719	251	468
595	735	260	475
596	751	259	492
597	747	247	500
598	723	245	478
599	727	241	486
600	736	241	495
601	736	239	497
602	712	246	466
603	718	249	469
604	755	253	502
605	763	252	511
606	739	249	490
607	747	260	487
608	741	257	484
609	734	249	485
610	735	242	493
611	730	250	480
612	763	259	504
613	767	249	518
614	710	250	460
615	712	258	454
616	720	251	469
617	733	251	482
618	737	260	477
619	737	262	475
620	745	251	494
621	735	247	488
622	725	249	476
623	755	250	505
624	749	251	498
625	743	254	489
626	750	252	498
627	751	251	500
628	749	241	508
629	766	243	523
630	752	253	499
631	759	255	504
632	756	244	512
633	771	252	519
634	790	267	523
635	787	260	527
636	771	255	516
637	756	253	503
638	749	258	491
639	753	252	501
640	775	246	529
641	799	239	560
642	802	245	557
643	768	245	523
644	759	248	511
645	736	254	482
646	746	256	490
647	765	253	512
648	778	256	522
649	790	257	533
650	781	261	520
651	766	256	510
652	782	250	532
653	806	251	555
654	772	246	526
655	755	247	508
656	802	248	554
657	801	252	549
658	807	245	562
659	809	249	560
660	801	253	548
661	800	252	548
662	790	249	541
663	798	250	548
664	813	256	557
665	805	250	555
666	837	254	583
667	861	259	602
668	827	262	565
669	846	253	593
670	832	252	580
671	838	251	587
672	828	255	573
673	841	255	586
674	830	250	580
675	829	247	582
676	827	244	583
677	818	236	582
678	824	238	586
679	829	248	581
680	852	255	597
681	869	252	617
682	852	254	598
683	869	257	612
684	837	251	586
685	831	249	582
686	845	248	597
687	882	252	630
688	855	254	601
689	846	256	590
690	873	252	621
691	879	256	623
692	915	257	658
693	901	249	652
694	875	259	616
695	879	255	624
696	880	256	624
697	890	260	630
698	892	260	632
699	885	258	627
700	923	260	663
701	893	253	640
702	877	244	633
703	905	255	650
704	910	265	645
705	904	262	642
706	887	259	628
707	898	255	643
708	921	254	667
709	902	251	651
710	910	252	658
711	928	251	677
712	924	257	667
713	869	259	610
714	857	240	617
715	901	242	659
716	920	244	676
717	924	249	675
718	931	258	673
719	925	246	679
720	919	245	674
721	896	253	643
722	909	255	654
723	932	251	681
724	932	255	677
725	911	262	649
726	896	254	642
727	924	241	683
728	903	248	655
729	905	266	639
730	935	260	675
731	932	248	684
732	904	253	651
733	928	254	674
734	929	260	669
735	887	246	641
736	898	236	662
737	907	246	661
738	928	261	667
739	911	260	651
740	900	263	637
741	921	252	669
742	940	249	691
743	917	253	664
744	902	263	639
745	914	262	652
746	924	258	666
747	917	258	659
748	906	264	642
749	915	267	648
750	896	263	633
751	895	257	638
752	943	246	697
753	909	247	662
754	888	252	636
755	900	251	649
756	892	255	637
757	891	259	632
758	905	258	647
759	889	250	639
760	896	243	653
761	896	253	643
762	915	254	661
763	902	263	639
764	887	251	636
765	877	254	623
766	881	260	621
767	858	261	597
768	864	263	601
769	878	257	621
770	891	253	638
771	890	254	636
772	853	253	600
773	868	254	614
774	866	258	608
775	834	260	574
776	845	263	582
777	840	253	587
778	857	247	610
779	876	250	626
780	878	252	626
781	844	249	595
782	817	259	558
783	869	258	611
784	886	260	626
785	863	248	615
786	852	239	613
787	849	249	600
788	801	263	538
789	827	250	577
790	846	250	596
791	807	252	555
792	825	241	584
793	825	242	583
794	800	247	553
795	782	249	533
796	806	262	544
797	821	259	562
798	791	252	539
799	779	257	522
800	804	256	548
801	829	262	567
802	799	268	531
803	762	264	498
804	769	263	506
805	794	251	543
806	758	245	513
807	759	247	512
808	785	258	527
809	770	255	515
810	778	249	529
811	771	260	511
812	782	256	526
813	801	252	549
814	772	262	510
815	758	262	496
816	763	255	508
817	737	259	478
818	750	266	484
819	754	263	491
820	761	256	505
821	752	252	500
822	765	255	510
823	750	264	486
824	731	264	467
825	715	245	470
826	722	250	472
827	725	246	479
828	705	251	454
829	712	259	453
830	722	258	464
831	686	256	430
832	693	252	441
833	722	247	475
834	705	248	457
835	716	260	456
836	709	254	455
837	711	248	463
838	709	254	455
839	717	256	461
840	703	254	449
841	701	253	448
842	720	258	462
843	695	252	443
844	665	249	416
845	690	245	445
846	699	247	452
847	707	252	455
848	692	253	439
849	668	250	418
850	677	264	413
851	671	260	411
852	652	249	403
853	682	247	435
854	678	263	415
855	663	251	412
856	673	262	411
857	646	262	384
858	657	254	403
859	681	250	431
860	678	255	423
861	661	251	410
862	641	244	397
863	663	250	413
864	672	265	407
865	670	260	410
866	670	257	413
867	658	255	403
868	683	253	430
869	699	256	443
870	677	249	428
871	645	250	395
872	673	263	410
873	652	260	392
874	629	254	375
875	655	250	405
876	662	250	412
877	664	247	417
878	658	243	415
879	650	253	397
880	657	261	396
881	671	265	406
882	656	262	394
883	665	255	410
884	671	257	414
885	674	259	415
886	657	258	399
887	633	248	385
888	608	241	367
889	637	246	391
890	642	261	381
891	651	266	385
892	675	259	416
893	685	246	439
894	638	247	391
895	618	247	371
896	642	254	388
897	672	250	422
898	674	255	419
899	665	243	422
900	649	238	411
901	656	240	416
902	665	247	418
903	665	250	415
904	677	245	432
905	684	243	441
906	661	252	409
907	654	259	395
908	644	255	389
909	659	255	404
910	684	259	425
911	675	243	432
912	641	248	393
913	646	255	391
914	643	257	386
915	676	253	423
916	669	248	421
917	649	251	398
918	670	258	412
919	655	256	399
920	657	256	401
921	662	256	406
922	631	247	384
923	632	251	381
924	659	257	402
925	658	253	405
926	642	253	389
927	629	244	385
928	652	241	411
929	660	248	412
930	656	249	407
931	649	242	407
932	645	245	400
933	663	248	415
934	639	253	386
935	664	263	401
936	642	266	376
937	618	258	360
938	623	250	373
939	640	239	401
940	652	248	404
941	622	257	365
942	629	260	369
943	653	255	398
944	646	257	389
945	628	260	368
946	660	255	405
947	675	254	421
948	651	245	406
949	650	254	396
950	631	256	375
951	648	252	396
952	671	256	415
953	653	246	407
954	642	240	402
955	661	248	413
956	660	237	423
957	634	246	388
958	644	261	383
959	657	256	401
960	649	247	402
961	635	248	387
962	656	249	407
963	672	259	413
964	636	266	370
965	622	248	374
966	637	253	384
967	617	259	358
968	626	241	385
969	637	262	375
970	639	241	398
971	625	245	380
972	648	257	391
973	642	261	381
974	629	256	373
975	628	255	373
976	647	257	390
977	660	244	416
978	652	244	408
979	651	247	404
980	636	244	392
981	626	247	379
982	625	250	375
983	638	247	391
984	625	254	371
985	629	246	383
986	630	242	388
987	638	254	384
988	627	257	370
989	617	250	367
990	635	245	390
991	625	248	377
992	624	261	363
993	633	257	376
994	633	255	378
995	627	245	382
996	623	251	372
997	627	256	371
998	608	255	353
999	620	239	381
1000	623	249	374
1001	623	246	377
1002	629	250	379
1003	632	252	380
1004	625	245	380
1005	603	238	365
1006	605	252	353
1007	619	253	366
1008	622	254	368
1009	601	253	348
1010	575	251	324
1011	608	249	359
1012	622	261	361
1013	612	262	350
1014	620	254	366
1015	604	252	352
1016	573	249	324
1017	575	241	334
1018	600	245	355
1019	577	250	327
1020	583	252	331
1021	585	244	341
1022	563	258	305
1023	590	259	331
1024	567	250	317
1025	559	243	316
1026	591	243	348
1027	590	248	342
1028	573	256	317
1029	583	262	321
1030	557	262	295
1031	558	255	303
1032	577	248	329
1033	591	251	340
1034	590	252	338
1035	600	241	359
1036	595	246	349
1037	578	258	320
1038	560	262	298
1039	538	254	284
1040	546	243	303
1041	565	253	312
1042	568	263	305
1043	563	250	313
1044	560	254	306
1045	540	255	285
1046	543	252	291
1047	538	251	287
1048	548	261	287
1049	559	265	294
1050	549	256	293
1051	551	254	297
1052	516	255	261
1053	515	249	266
1054	522	241	281
1055	535	252	283
1056	534	258	276
1057	546	256	290
1058	532	259	273
1059	527	263	264
1060	543	256	287
1061	544	262	282
1062	534	258	276
1063	561	253	308
1064	538	251	287
1065	553	254	299
1066	571	252	319
1067	538	242	296
1068	525	244	281
1069	538	249	289
1070	525	251	274
1071	514	251	263
1072	534	241	293
1073	546	240	306
1074	547	261	286
1075	519	255	264
1076	496	245	251
1077	511	249	262
1078	527	253	274
1079	512	257	255
1080	511	255	256
1081	502	258	244
1082	505	256	249
1083	527	247	280
1084	541	253	288
1085	524	264	260
1086	508	264	244
1087	512	255	257
1088	510	252	258
1089	527	252	275
1090	536	254	282
1091	512	256	256
1092	507	259	248
1093	504	252	252
1094	486	252	234
1095	502	254	248
1096	491	262	229
1097	475	259	216
1098	477	261	216
1099	482	253	229
1100	486	254	232
1101	478	249	229
1102	503	239	264
1103	514	248	266
1104	490	257	233
1105	446	258	188
1106	468	264	204
1107	491	258	233
1108	484	242	242
1109	464	245	219
1110	484	257	227
1111	478	250	228
1112	483	254	229
1113	473	248	225
1114	474	252	222
1115	500	254	246
1116	498	243	255
1117	465	242	223
1118	494	243	251
1119	486	249	237
1120	469	248	221
1121	477	244	233
1122	455	251	204
1123	455	251	204
1124	468	260	208
1125	465	260	205
1126	469	252	217
1127	502	250	252
1128	494	248	246
1129	479	251	228
1130	499	253	246
1131	467	256	211
1132	473	252	221
1133	503	255	248
1134	485	256	229
1135	473	251	222
1136	473	247	226
1137	486	252	234
1138	479	259	220
1139	480	251	229
1140	488	252	236
1141	488	250	238
1142	512	251	261
1143	518	255	263
1144	505	257	248
1145	516	254	262
1146	516	249	267
1147	490	254	236
1148	497	253	244
1149	497	245	252
1150	510	251	259
1151	498	252	246
1152	473	254	219
1153	488	255	233
1154	505	256	249
1155	501	252	249
1156	505	253	252
1157	528	255	273
1158	529	256	273
1159	520	258	262
1160	523	250	273
1161	528	252	276
1162	539	250	289
1163	547	255	292
1164	540	256	284
1165	554	250	304
1166	550	259	291
1167	538	264	274
1168	540	261	279
1169	545	255	290
1170	548	250	298
1171	548	243	305
1172	564	246	318
1173	571	251	320
1174	556	261	295
1175	556	265	291
1176	591	261	330
1177	592	253	339
1178	584	252	332
1179	594	251	343
1180	608	256	352
1181	620	252	368
1182	622	244	378
1183	642	242	400
1184	625	253	372
1185	613	244	369
1186	591	236	355
1187	593	243	350
1188	629	244	385
1189	659	228	431
1190	651	244	407
1191	658	259	399
1192	676	251	425
1193	631	252	379
1194	649	246	403
1195	687	242	445
1196	680	241	439
1197	665	249	416
1198	667	244	423
1199	716	255	461
1200	685	263	422
1201	700	254	446
1202	702	254	448
1203	675	259	416
1204	682	261	421
1205	714	253	461
1206	750	249	501
1207	758	256	502
1208	756	251	505
1209	740	242	498
1210	769	241	528
1211	749	243	506
1212	749	251	498
1213	784	254	530
1214	782	254	528
1215	785	254	531
1216	789	252	537
1217	781	247	534
1218	789	252	537
1219	790	252	538
1220	839	252	587
1221	858	257	601
1222	803	254	549
1223	803	252	551
1224	822	258	564
1225	845	267	578
1226	860	254	606
1227	876	254	622
1228	866	260	606
1229	864	253	611
1230	899	250	649
1231	911	254	657
1232	911	257	654
1233	893	256	637
1234	901	257	644
1235	894	253	641
1236	885	251	634
1237	882	246	636
1238	906	249	657
1239	928	253	675
1240	942	251	691
1241	933	246	687
1242	955	240	715
1243	956	247	709
1244	943	260	683
1245	979	255	724
1246	990	248	742
1247	995	257	738
1248	1004	259	745
1249	1003	259	744
1250	1002	253	749
1251	1008	243	765
1252	1009	251	758
1253	1035	249	786
1254	1019	243	776
1255	1041	246	795
1256	1021	257	764
1257	1051	261	790
1258	1064	248	816
1259	1062	250	812
1260	1068	259	809
1261	1105	262	843
1262	1089	255	834
1263	1088	255	833
1264	1100	255	845
1265	1073	247	826
1266	1085	257	828
1267	1108	263	845
1268	1135	248	887
1269	1138	247	891
1270	1127	259	868
1271	1108	255	853
1272	1124	250	874
1273	1149	257	892
1274	1163	245	918
1275	1135	248	887
1276	1152	260	892
1277	1136	245	891
1278	1171	251	920
1279	1214	257	957
1280	1194	252	942
1281	1167	252	915
1282	1160	251	909
1283	1187	249	938
1284	1213	242	971
1285	1242	251	991
1286	1216	251	965
1287	1193	251	942
1288	1208	252	956
1289	1223	246	977
1290	1223	242	981
1291	1225	241	984
1292	1215	246	969
1293	1213	249	964
1294	1235	240	995
1295	1217	253	964
1296	1223	252	971
1297	1248	248	1000
1298	1303	254	1049
1299	1290	260	1030
1300	1264	247	1017
1301	1288	250	1038
1302	1295	248	1047
1303	1279	240	1039
1304	1272	244	1028
1305	1310	251	1059
1306	1293	248	1045
1307	1308	248	1060
1308	1333	251	1082
1309	1362	250	1112
1310	1356	259	1097
1311	1326	257	1069
1312	1332	253	1079
1313	1347	246	1101
1314	1339	250	1089
1315	1336	255	1081
1316	1370	253	1117
1317	1360	246	1114
1318	1371	255	1116
1319	1387	249	1138
1320	1370	249	1121
1321	1351	256	1095
1322	1399	251	1148
1323	1410	260	1150
1324	1408	264	1144
1325	1392	252	1140
1326	1358	240	1118
1327	1359	238	1121
1328	1388	246	1142
1329	1356	250	1106
1330	1379	250	1129
1331	1413	250	1163
1332	1422	252	1170
1333	1433	252	1181
1334	1432	254	1178
1335	1422	255	1167
1336	1423	254	1169
1337	1423	257	1166
1338	1401	258	1143
1339	1432	250	1182
1340	1443	249	1194
1341	1418	248	1170
1342	1462	248	1214
1343	1493	243	1250
1344	1452	245	1207
1345	1444	246	1198
1346	1478	248	1230
1347	1532	246	1286
1348	1546	244	1302
1349	1525	237	1288
1350	1524	240	1284
1351	1544	253	1291
1352	1546	261	1285
1353	1530	252	1278
1354	1534	249	1285
1355	1568	254	1314
1356	1562	256	1306
1357	1555	253	1302
1358	1561	246	1315
1359	1586	239	1347
1360	1563	249	1314
1361	1554	260	1294
1362	1551	263	1288
1363	1550	251	1299
1364	1569	246	1323
1365	1576	254	1322
1366	1567	259	1308
1367	1551	256	1295
1368	1559	255	1304
1369	1574	253	1321
1370	1555	252	1303
1371	1575	246	1329
1372	1570	250	1320
1373	1579	253	1326
1374	1618	253	1365
1375	1609	248	1361
1376	1608	254	1354
1377	1601	253	1348
1378	1636	250	1386
1379	1648	249	1399
1380	1657	255	1402
1381	1647	250	1397
1382	1656	248	1408
1383	1676	251	1425
1384	1667	246	1421
1385	1655	252	1403
1386	1661	252	1409
1387	1660	242	1418
1388	1627	245	1382
1389	1642	251	1391
1390	1666	249	1417
1391	1674	244	1430
1392	1684	253	1431
1393	1666	250	1416
1394	1694	253	1441
1395	1684	254	1430
1396	1649	254	1395
1397	1687	256	1431
1398	1678	250	1428
1399	1691	244	1447
1400	1690	240	1450
1401	1697	243	1454
1402	1729	248	1481
1403	1710	248	1462
1404	1705	245	1460
1405	1699	249	1450
1406	1694	261	1433
1407	1702	253	1449
1408	1717	244	1473
1409	1737	249	1488
1410	1728	248	1480
1411	1713	239	1474
1412	1733	243	1490
1413	1750	250	1500
1414	1732	259	1473
1415	1710	260	1450
1416	1695	252	1443
1417	1753	243	1510
1418	1735	245	1490
1419	1728	244	1484
1420	1737	243	1494
1421	1738	242	1496
1422	1743	241	1502
1423	1760	245	1515
1424	1725	241	1484
1425	1738	236	1502
1426	1733	236	1497
1427	1744	246	1498
1428	1760	246	1514
1429	1747	247	1500
1430	1744	241	1503
1431	1739	238	1501
1432	1758	242	1516
1433	1779	239	1540
1434	1768	239	1529
1435	1748	250	1498
1436	1765	257	1508
1437	1707	250	1457
1438	1730	248	1482
1439	1774	253	1521
1440	1764	251	1513
1441	1737	252	1485
1442	1731	257	1474
1443	1738	248	1490
1444	1718	245	1473
1445	1723	255	1468
1446	1768	254	1514
1447	1726	253	1473
1448	1706	254	1452
1449	1754	257	1497
1450	1783	259	1524
1451	1740	256	1484
1452	1732	250	1482
1453	1739	254	1485
1454	1725	253	1472
1455	1722	250	1472
1456	1723	256	1467
1457	1734	254	1480
1458	1780	257	1523
1459	1793	247	1546
1460	1780	252	1528
1461	1791	243	1548
1462	1784	246	1538
1463	1768	252	1516
1464	1767	258	1509
1465	1720	257	1463
1466	1753	246	1507
1467	1722	241	1481
1468	1681	252	1429
1469	1701	249	1452
1470	1747	251	1496
1471	1741	243	1498
1472	1731	245	1486
1473	1691	257	1434
1474	1735	254	1481
1475	1746	247	1499
1476	1711	242	1469
1477	1709	243	1466
1478	1682	242	1440
1479	1654	236	1418
1480	1735	242	1493
1481	1748	248	1500
1482	1714	250	1464
1483	1693	241	1452
1484	1734	247	1487
1485	1726	243	1483
1486	1684	243	1441
1487	1711	244	1467
1488	1693	249	1444
1489	1671	250	1421
1490	1684	252	1432
1491	1683	249	1434
1492	1673	244	1429
1493	1657	244	1413
1494	1678	254	1424
1495	1696	259	1437
1496	1712	250	1462
1497	1663	253	1410
1498	1643	254	1389
1499	1649	247	1402
1500	1619	246	1373
1501	1624	248	1376
1502	1596	250	1346
1503	1605	248	1357
1504	1612	244	1368
1505	1628	253	1375
1506	1624	255	1369
1507	1592	246	1346
1508	1651	247	1404
1509	1643	258	1385
1510	1548	258	1290
1511	1564	254	1310
1512	1569	250	1319
1513	1594	242	1352
1514	1608	241	1367
1515	1605	239	1366
1516	1591	250	1341
1517	1611	251	1360
1518	1603	250	1353
1519	1590	247	1343
1520	1543	243	1300
1521	1544	243	1301
1522	1557	248	1309
1523	1566	245	1321
1524	1598	238	1360
1525	1602	239	1363
1526	1593	254	1339
1527	1572	258	1314
1528	1545	252	1293
1529	1548	242	1306
1530	1569	243	1326
1531	1530	247	1283
1532	1524	253	1271
1533	1518	245	1273
1534	1549	249	1300
1535	1582	250	1332
1536	1524	246	1278
1537	1489	243	1246
1538	1510	239	1271
1539	1515	252	1263
1540	1477	251	1226
1541	1442	238	1204
1542	1475	244	1231
1543	1516	243	1273
1544	1537	248	1289
1545	1504	250	1254
1546	1509	247	1262
1547	1522	245	1277
1548	1497	241	1256
1549	1447	245	1202
1550	1431	253	1178
1551	1481	260	1221
1552	1433	252	1181
1553	1431	253	1178
1554	1473	249	1224
1555	1489	254	1235
1556	1441	241	1200
1557	1414	244	1170
1558	1472	251	1221
1559	1474	242	1232
1560	1435	255	1180
1561	1457	256	1201
1562	1467	242	1225
1563	1441	240	1201
1564	1409	244	1165
1565	1422	248	1174
1566	1421	253	1168
1567	1400	243	1157
1568	1360	247	1113
1569	1364	248	1116
1570	1365	243	1122
1571	1401	241	1160
1572	1414	248	1166
1573	1403	252	1151
1574	1398	255	1143
1575	1374	244	1130
1576	1388	244	1144
1577	1342	242	1100
1578	1337	252	1085
1579	1368	252	1116
1580	1357	257	1100
1581	1339	258	1081
1582	1339	254	1085
1583	1363	239	1124
1584	1362	238	1124
1585	1322	247	1075
1586	1337	248	1089
1587	1337	248	1089
1588	1313	241	1072
1589	1339	238	1101
1590	1332	251	1081
1591	1326	250	1076
1592	1304	248	1056
1593	1281	247	1034
1594	1294	246	1048
1595	1319	242	1077
1596	1338	235	1103
1597	1374	240	1134
1598	1340	251	1089
1599	1297	247	1050
1600	1306	249	1057
1601	1327	249	1078
1602	1340	243	1097
1603	1304	242	1062
1604	1302	240	1062
1605	1346	238	1108
1606	1298	249	1049
1607	1248	251	997
1608	1276	247	1029
1609	1309	251	1058
1610	1316	242	1074
1611	1288	243	1045
1612	1264	249	1015
1613	1271	253	1018
1614	1289	259	1030
1615	1278	247	1031
1616	1256	244	1012
1617	1250	254	996
1618	1252	249	1003
1619	1232	255	977
1620	1253	248	1005
1621	1214	242	972
1622	1217	249	968
1623	1206	254	952
1624	1199	248	951
1625	1211	250	961
1626	1220	262	958
1627	1236	266	970
1628	1246	248	998
1629	1231	239	992
1630	1212	246	966
1631	1200	247	953
1632	1198	239	959
1633	1210	236	974
1634	1280	245	1035
1635	1252	247	1005
1636	1211	241	970
1637	1207	247	960
1638	1215	243	972
1639	1217	234	983
1640	1171	246	925
1641	1185	253	932
1642	1176	244	932
1643	1173	248	925
1644	1167	261	906
1645	1133	248	885
1646	1189	242	947
1647	1205	254	951
1648	1195	244	951
1649	1205	240	965
1650	1193	244	949
1651	1204	256	948
1652	1154	251	903
1653	1132	249	883
1654	1150	251	899
1655	1142	250	892
1656	1163	250	913
1657	1200	248	952
1658	1205	247	958
1659	1187	238	949
1660	1167	237	930
1661	1160	237	923
1662	1178	253	925
1663	1161	250	911
1664	1162	239	923
1665	1181	242	939
1666	1194	249	945
1667	1182	244	938
1668	1197	249	948
1669	1203	253	950
1670	1148	250	898
1671	1186	251	935
1672	1147	251	896
1673	1145	251	894
1674	1152	259	893
1675	1138	256	882
1676	1125	252	873
1677	1133	240	893
1678	1135	248	887
1679	1137	260	877
1680	1138	253	885
1681	1156	248	908
1682	1154	251	903
1683	1110	247	863
1684	1130	252	878
1685	1123	250	873
1686	1148	251	897
1687	1152	245	907
1688	1138	237	901
1689	1141	245	896
1690	1133	254	879
1691	1112	248	864
1692	1104	250	854
1693	1116	248	868
1694	1145	248	897
1695	1166	245	921
1696	1145	251	894
1697	1096	254	842
1698	1100	247	853
1699	1105	244	861
1700	1118	255	863
1701	1108	249	859
1702	1121	243	878
1703	1090	245	845
1704	1087	251	836
1705	1103	252	851
1706	1102	250	852
1707	1087	244	843
1708	1090	240	850
1709	1090	240	850
1710	1134	236	898
1711	1143	246	897
1712	1097	249	848
1713	1059	251	808
1714	1087	254	833
1715	1104	242	862
1716	1113	247	866
1717	1111	247	864
1718	1077	258	819
1719	1065	256	809
1720	1052	253	799
1721	1054	255	799
1722	1073	257	816
1723	1092	245	847
1724	1088	251	837
1725	1083	245	838
1726	1096	239	857
1727	1079	241	838
1728	1103	247	856
1729	1076	239	837
1730	1089	235	854
1731	1107	237	870
1732	1109	241	868
1733	1119	239	880
1734	1121	250	871
1735	1068	243	825
1736	1089	246	843
1737	1108	243	865
1738	1121	243	878
1739	1121	257	864
1740	1083	249	834
1741	1067	250	817
1742	1107	253	854
1743	1114	251	863
1744	1086	245	841
1745	1098	237	861
1746	1095	231	864
1747	1095	242	853
1748	1090	251	839
1749	1083	251	832
1750	1090	252	838
1751	1085	248	837
1752	1130	247	883
1753	1099	253	846
1754	1103	258	845
1755	1080	255	825
1756	1090	254	836
1757	1103	244	859
1758	1092	240	852
1759	1092	248	844
1760	1104	257	847
1761	1098	251	847
1762	1061	244	817
1763	1058	246	812
1764	1044	244	800
1765	1081	244	837
1766	1079	245	834
1767	1061	245	816
1768	1048	255	793
1769	1068	249	819
1770	1113	240	873
1771	1114	245	869
1772	1089	244	845
1773	1088	241	847
1774	1100	247	853
1775	1085	251	834
1776	1085	252	833
1777	1102	248	854
1778	1097	255	842
1779	1096	255	841
1780	1089	255	834
1781	1077	249	828
1782	1066	248	818
1783	1067	248	819
1784	1091	244	847
1785	1106	239	867
1786	1112	243	869
1787	1110	251	859
1788	1078	247	831
1789	1063	244	819
1790	1042	241	801
1791	1086	243	843
1792	1128	243	885
1793	1106	238	868
1794	1097	244	853
1795	1110	250	860
1796	1104	254	850
1797	1065	247	818
1798	1071	251	820
1799	1081	264	817
1800	1069	251	818
1801	1081	236	845
1802	1083	241	842
1803	1088	247	841
1804	1100	249	851
1805	1089	245	844
1806	1071	248	823
1807	1091	247	844
1808	1109	248	861
1809	1088	245	843
1810	1112	237	875
1811	1112	243	869
1812	1139	243	896
1813	1159	241	918
1814	1121	237	884
1815	1075	239	836
1816	1115	253	862
1817	1143	258	885
1818	1157	249	908
1819	1128	238	890
1820	1097	243	854
1821	1119	252	867
1822	1152	251	901
1823	1150	256	894
1824	1112	259	853
1825	1099	253	846
1826	1115	252	863
1827	1128	246	882
1828	1156	245	911
1829	1148	251	897
1830	1126	247	879
1831	1124	251	873
1832	1105	251	854
1833	1146	244	902
1834	1157	253	904
1835	1116	253	863
1836	1093	249	844
1837	1088	252	836
1838	1092	253	839
1839	1118	253	865
1840	1125	248	877
1841	1120	245	875
1842	1138	245	893
1843	1143	255	888
1844	1149	255	894
1845	1119	254	865
1846	1109	248	861
1847	1095	243	852
1848	1078	252	826
1849	1108	248	860
1850	1105	247	858
1851	1097	257	840
1852	1146	250	896
1853	1117	245	872
1854	1090	254	836
1855	1168	254	914
1856	1163	263	900
1857	1118	255	863
1858	1138	249	889
1859	1108	243	865
1860	1095	233	862
1861	1120	235	885
1862	1116	250	866
1863	1109	256	853
1864	1095	258	837
1865	1067	252	815
1866	1108	249	859
1867	1118	244	874
1868	1116	240	876
1869	1108	250	858
1870	1114	265	849
1871	1121	257	864
1872	1119	259	860
1873	1100	253	847
1874	1123	243	880
1875	1138	247	891
1876	1145	259	886
1877	1139	248	891
1878	1120	249	871
1879	1106	256	850
1880	1113	249	864
1881	1112	244	868
1882	1142	252	890
1883	1136	246	890
1884	1137	239	898
1885	1118	240	878
1886	1106	244	862
1887	1114	245	869
1888	1141	241	900
1889	1126	239	887
1890	1126	232	894
1891	1106	245	861
1892	1103	241	862
1893	1105	245	860
1894	1093	262	831
1895	1063	251	812
1896	1086	237	849
1897	1117	239	878
1898	1093	249	844
1899	1093	245	848
1900	1127	249	878
1901	1153	245	908
1902	1126	246	880
1903	1085	246	839
1904	1083	245	838
1905	1109	237	872
1906	1090	238	852
1907	1098	249	849
1908	1103	241	862
1909	1068	238	830
1910	1102	243	859
1911	1116	246	870
1912	1099	247	852
1913	1112	249	863
1914	1086	246	840
1915	1091	238	853
1916	1107	244	863
1917	1089	248	841
1918	1095	251	844
1919	1107	248	859
1920	1111	251	860
1921	1091	254	837
1922	1088	254	834
1923	1095	246	849
1924	1104	242	862
1925	1120	245	875
1926	1114	232	882
1927	1104	228	876
1928	1106	233	873
1929	1103	252	851
1930	1120	249	871
1931	1093	240	853
1932	1065	238	827
1933	1074	232	842
1934	1073	236	837
1935	1085	235	850
1936	1085	240	845
1937	1105	251	854
1938	1101	251	850
1939	1098	250	848
1940	1087	241	846
1941	1082	238	844
1942	1086	251	835
1943	1122	254	868
1944	1118	250	868
1945	1069	251	818
1946	1070	240	830
1947	1100	244	856
1948	1079	245	834
1949	1043	247	796
1950	1074	254	820
1951	1072	234	838
1952	1059	237	822
1953	1056	251	805
1954	1044	252	792
1955	1069	253	816
1956	1064	255	809
1957	1060	247	813
1958	1092	243	849
1959	1058	246	812
1960	1068	253	815
1961	1078	254	824
1962	1056	250	806
1963	1070	245	825
1964	1080	249	831
1965	1078	241	837
1966	1088	238	850
1967	1079	241	838
1968	1035	239	796
1969	1064	253	811
1970	1052	239	813
1971	1026	247	779
1972	1031	250	781
1973	1067	254	813
1974	1081	248	833
1975	1049	246	803
1976	1072	243	829
1977	1077	250	827
1978	1051	251	800
1979	1044	245	799
1980	1050	245	805
1981	1052	250	802
1982	1024	243	781
1983	1006	245	761
1984	1019	247	772
1985	1005	251	754
1986	997	255	742
1987	1041	242	799
1988	1035	236	799
1989	1043	239	804
1990	1015	247	768
1991	1020	246	774
1992	1024	238	786
1993	1043	245	798
1994	1017	251	766
1995	1024	248	776
1996	1018	247	771
1997	993	255	738
1998	1000	257	743
1999	987	243	744
2000	1019	247	772
2001	1008	246	762
2002	1011	249	762
2003	997	244	753
2004	1020	237	783
2005	997	243	754
2006	1002	252	750
2007	975	244	731
2008	951	244	707
2009	970	249	721
2010	1004	245	759
2011	1025	238	787
2012	968	258	710
2013	938	254	684
2014	967	240	727
2015	973	245	728
2016	966	247	719
2017	987	240	747
2018	970	254	716
2019	967	266	701
2020	952	250	702
2021	953	243	710
2022	955	250	705
2023	962	250	712
2024	955	246	709
2025	961	249	712
2026	957	249	708
2027	912	249	663
2028	920	248	672
2029	935	253	682
2030	942	251	691
2031	965	244	721
2032	971	244	727
2033	970	242	728
2034	979	242	737
2035	958	247	711
2036	946	245	701
2037	962	247	715
2038	940	248	692
2039	917	243	674
2040	924	248	676
2041	907	245	662
2042	926	249	677
2043	947	252	695
2044	945	252	693
2045	928	243	685
2046	918	240	678
2047	927	248	679
2048	936	244	692
2049	942	236	706
2050	940	251	689
2051	928	252	676
2052	973	247	726
2053	968	241	727
2054	929	246	683
2055	944	242	702
2056	965	245	720
2057	961	246	715
2058	921	247	674
2059	924	255	669
2060	925	250	675
2061	915	246	669
2062	894	242	652
2063	897	244	653
2064	912	250	662
2065	907	249	658
2066	901	248	653
2067	920	247	673
2068	906	245	661
2069	886	248	638
2070	892	240	652
2071	891	244	647
2072	913	249	664
2073	889	245	644
2074	868	244	624
2075	843	242	601
2076	868	247	621
2077	895	247	648
2078	879	242	637
2079	860	247	613
2080	870	242	628
2081	886	241	645
2082	898	247	651
2083	881	245	636
2084	879	239	640
2085	865	247	618
2086	844	247	597
2087	842	244	598
2088	870	248	622
2089	866	254	612
2090	827	253	574
2091	864	243	621
2092	878	237	641
2093	861	237	624
2094	836	236	600
2095	862	242	620
2096	832	252	580
2097	841	250	591
2098	854	248	606
2099	859	241	618
2100	853	245	608
2101	848	255	593
2102	869	255	614
2103	840	253	587
2104	845	245	600
2105	848	249	599
2106	834	239	595
2107	829	240	589
2108	849	252	597
2109	848	247	601
2110	823	240	583
2111	827	244	583
2112	830	248	582
2113	820	242	578
2114	824	251	573
2115	833	245	588
2116	822	244	578
2117	828	251	577
2118	825	248	577
2119	813	242	571
2120	838	244	594
2121	827	252	575
2122	806	257	549
2123	804	253	551
2124	812	250	562
2125	813	250	563
2126	813	244	569
2127	814	246	568
2128	825	243	582
2129	818	242	576
2130	841	249	592
2131	821	245	576
2132	805	246	559
2133	821	246	575
2134	832	247	585
2135	802	240	562
2136	789	247	542
2137	814	250	564
2138	818	249	569
2139	816	241	575
2140	786	252	534
2141	796	259	537
2142	828	240	588
2143	824	237	587
2144	793	248	545
2145	797	243	554
2146	812	256	556
2147	817	261	556
2148	827	254	573
2149	817	243	574
2150	768	249	519
2151	768	256	512
2152	787	254	533
2153	775	245	530
2154	751	247	504
2155	766	256	510
2156	744	252	492
2157	762	243	519
2158	772	245	527
2159	775	242	533
2160	758	244	514
2161	778	245	533
2162	795	244	551
2163	755	249	506
2164	771	245	526
2165	754	246	508
2166	754	247	507
2167	756	241	515
2168	768	240	528
2169	768	245	523
2170	719	248	471
2171	729	246	483
2172	739	254	485
2173	755	248	507
2174	801	245	556
2175	776	245	531
2176	769	244	525
2177	778	246	532
2178	755	249	506
2179	773	255	518
2180	764	255	509
2181	747	253	494
2182	722	245	477
2183	718	237	481
2184	719	242	477
2185	736	243	493
2186	739	243	496
2187	746	247	499
2188	753	252	501
2189	754	253	501
2190	763	246	517
2191	741	238	503
2192	716	242	474
2193	755	246	509
2194	755	234	521
2195	732	241	491
2196	725	249	476
2197	722	243	479
2198	728	248	480
2199	731	246	485
2200	738	252	486
2201	726	252	474
2202	699	246	453
2203	731	242	489
2204	740	238	502
2205	716	244	472
2206	725	241	484
2207	740	239	501
2208	719	258	461
2209	741	256	485
2210	745	253	492
2211	689	247	442
2212	698	250	448
2213	725	251	474
2214	744	246	498
2215	737	259	478
2216	713	255	458
2217	710	243	467
2218	719	247	472
2219	728	253	475
2220	715	245	470
2221	721	245	476
2222	746	248	498
2223	757	242	515
2224	729	240	489
2225	728	238	490
2226	730	237	493
2227	722	242	480
2228	734	245	489
2229	736	253	483
2230	747	259	488
2231	742	259	483
2232	713	246	467
2233	729	246	483
2234	733	246	487
2235	703	244	459
2236	691	248	443
2237	696	242	454
2238	700	243	457
2239	722	244	478
2240	693	245	448
2241	666	239	427
2242	665	247	418
2243	678	249	429
2244	705	251	454
2245	702	244	458
2246	685	240	445
2247	694	239	455
2248	677	244	433
2249	669	248	421
2250	682	250	432
2251	681	238	443
2252	677	245	432
2253	683	250	433
2254	663	245	418
2255	674	238	436
2256	666	247	419
2257	682	245	437
2258	695	247	448
2259	698	248	450
2260	688	252	436
2261	672	254	418
2262	675	246	429
2263	698	244	454
2264	701	249	452
2265	689	245	444
2266	675	249	426
2267	692	247	445
2268	700	245	455
2269	675	248	427
2270	691	242	449
2271	720	246	474
2272	697	244	453
2273	685	235	450
2274	693	246	447
2275	692	257	435
2276	695	246	449
2277	685	246	439
2278	674	249	425
2279	685	246	439
2280	684	241	443
2281	708	245	463
2282	697	250	447
2283	673	246	427
2284	689	244	445
2285	678	248	430
2286	685	240	445
2287	695	231	464
2288	704	232	472
2289	680	239	441
2290	694	245	449
2291	693	249	444
2292	717	258	459
2293	712	253	459
2294	673	239	434
2295	672	230	442
2296	674	240	434
2297	657	239	418
2298	658	242	416
2299	669	246	423
2300	679	252	427
2301	643	250	393
2302	650	251	399
2303	686	259	427
2304	702	257	445
2305	682	248	434
2306	677	264	413
2307	704	254	450
2308	658	249	409
2309	639	246	393
2310	659	237	422
2311	668	241	427
2312	687	246	441
2313	711	244	467
2314	688	244	444
2315	676	248	428
2316	676	244	432
2317	685	246	439
2318	679	247	432
2319	672	249	423
2320	661	241	420
2321	653	244	409
2322	689	245	444
2323	687	243	444
2324	654	241	413
2325	687	242	445
2326	693	245	448
2327	662	247	415
2328	683	241	442
2329	687	245	442
2330	685	257	428
2331	691	247	444
2332	663	252	411
2333	671	247	424
2334	668	237	431
2335	649	241	408
2336	655	238	417
2337	665	247	418
2338	678	252	426
2339	648	245	403
2340	647	245	402
2341	700	241	459
2342	699	241	458
2343	699	241	458
2344	694	241	453
2345	687	235	452
2346	683	242	441
2347	679	245	434
2348	675	256	419
2349	650	252	398
2350	666	247	419
2351	647	247	400
2352	644	237	407
2353	674	240	434
2354	700	242	458
2355	683	237	446
2356	662	246	416
2357	665	244	421
2358	649	237	412
2359	676	240	436
2360	666	244	422
2361	670	239	431
2362	691	249	442
2363	703	248	455
2364	694	243	451
2365	669	242	427
2366	636	247	389
2367	670	246	424
2368	686	234	452
2369	707	231	476
2370	676	227	449
2371	690	239	451
2372	705	239	466
2373	676	236	440
2374	677	233	444
2375	685	238	447
2376	668	243	425
2377	662	244	418
2378	659	244	415
2379	674	242	432
2380	644	246	398
2381	639	250	389
2382	660	247	413
2383	680	241	439
2384	674	243	431
2385	671	244	427
2386	673	245	428
2387	670	249	421
2388	664	250	414
2389	664	240	424
2390	672	242	430
2391	682	251	431
2392	704	248	456
2393	684	247	437
2394	655	242	413
2395	668	249	419
2396	675	239	436
2397	660	240	420
2398	667	255	412
2399	678	245	433
2400	679	238	441
2401	679	236	443
2402	666	234	432
2403	685	242	443
2404	649	249	400
2405	661	246	415
2406	670	253	417
2407	652	248	404
2408	682	249	433
2409	701	241	460
2410	666	240	426
2411	680	247	433
2412	667	249	418
2413	647	237	410
2414	658	234	424
2415	661	239	422
2416	657	240	417
2417	648	234	414
2418	643	237	406
2419	653	247	406
2420	642	239	403
2421	663	239	424
2422	659	247	412
2423	665	245	420
2424	645	244	401
2425	656	253	403
2426	646	240	406
2427	664	234	430
2428	681	244	437
2429	669	248	421
2430	641	244	397
2431	626	245	381
2432	637	239	398
2433	658	250	408
2434	683	247	436
2435	648	233	415
2436	646	238	408
2437	656	239	417
2438	663	241	422
2439	691	250	441
2440	669	255	414
2441	643	249	394
2442	641	253	388
2443	649	252	397
2444	651	249	402
2445	641	242	399
2446	651	238	413
2447	632	238	394
2448	640	247	393
2449	658	246	412
2450	666	256	410
2451	643	252	391
2452	651	249	402
2453	645	251	394
2454	634	242	392
2455	673	245	428
2456	660	250	410
2457	611	245	366
2458	617	245	372
2459	633	243	390
2460	612	243	369
2461	612	241	371
2462	617	237	380
2463	653	237	416
2464	625	246	379
2465	614	245	369
2466	649	247	402
2467	643	248	395
2468	639	238	401
2469	626	242	384
2470	666	247	419
2471	686	238	448
2472	665	231	434
2473	623	246	377
2474	657	247	410
2475	677	239	438
2476	661	250	411
2477	670	245	425
2478	660	241	419
2479	632	251	381
2480	627	252	375
2481	651	247	404
2482	677	240	437
2483	661	230	431
2484	643	244	399
2485	648	246	402
2486	624	241	383
2487	617	242	375
2488	622	249	373
2489	623	252	371
2490	638	241	397
2491	653	238	415
2492	631	250	381
2493	635	251	384
2494	644	251	393
2495	630	243	387
2496	622	240	382
2497	619	240	379
2498	637	243	394
2499	616	238	378
2500	601	245	356
2501	604	244	360
2502	610	236	374
2503	628	236	392
2504	612	240	372
2505	609	232	377
2506	609	242	367
2507	618	244	374
2508	615	245	370
2509	641	236	405
2510	634	239	395
2511	609	247	362
2512	597	247	350
2513	618	250	368
2514	614	245	369
2515	602	232	370
2516	626	235	391
2517	613	245	368
2518	592	252	340
2519	600	247	353
2520	587	244	343
2521	571	248	323
2522	576	248	328
2523	576	246	330
2524	581	252	329
2525	590	246	344
2526	578	244	334
2527	582	246	336
2528	552	245	307
2529	541	243	298
2530	563	240	323
2531	557	245	312
2532	551	248	303
2533	540	242	298
2534	505	244	261
2535	519	245	274
2536	558	238	320
2537	562	236	326
2538	532	249	283
2539	555	244	311
2540	535	237	298
2541	520	239	281
2542	517	247	270
2543	515	242	273
2544	494	246	248
2545	497	239	258
2546	523	237	286
2547	527	240	287
2548	509	248	261
2549	494	251	243
2550	486	243	243
2551	490	245	245
2552	496	246	250
2553	522	240	282
2554	516	238	278
2555	516	243	273
2556	495	249	246
2557	477	247	230
2558	489	246	243
2559	491	242	249
2560	496	253	243
2561	463	257	206
2562	465	242	223
2563	474	239	235
2564	462	247	215
2565	468	244	224
2566	471	246	225
2567	477	242	235
2568	466	233	233
2569	440	241	199
2570	451	239	212
2571	426	232	194
2572	417	246	171
2573	418	243	175
2574	423	243	180
2575	428	244	184
2576	437	247	190
2577	437	243	194
2578	425	244	181
2579	432	245	187
2580	422	245	177
2581	411	248	163
2582	409	255	154
2583	427	243	184
2584	424	241	183
2585	426	241	185
2586	408	237	171
2587	394	243	151
2588	393	241	152
2589	380	238	142
2590	396	240	156
2591	415	243	172
2592	416	243	173
2593	404	233	171
2594	400	234	166
2595	401	245	156
2596	376	244	132
2597	374	241	133
2598	372	245	127
2599	377	245	132
2600	362	239	123
2601	353	237	116
2602	354	243	111
2603	378	242	136
2604	379	247	132
2605	383	242	141
2606	367	241	126
2607	341	236	105
2608	356	239	117
2609	355	238	117
2610	357	239	118
2611	373	232	141
2612	357	235	122
2613	342	226	116
2614	354	225	129
2615	350	229	121
2616	342	230	112
2617	330	231	99
2618	331	237	94
2619	334	242	92
2620	345	236	109
2621	352	232	120
2622	355	235	120
2623	332	236	96
2624	340	233	107
2625	358	236	122
2626	358	247	111
2627	366	248	118
2628	350	244	106
2629	345	237	108
2630	341	251	90
2631	314	253	61
2632	311	251	60
2633	317	241	76
2634	335	226	109
2635	350	233	117
2636	365	253	112
2637	341	252	89
2638	331	246	85
2639	340	242	98
2640	332	242	90
2641	311	238	73
2642	319	241	78
2643	336	241	95
2644	339	241	98
2645	323	237	86
2646	309	248	61
2647	307	255	52
2648	320	234	86
2649	317	239	78
2650	305	250	55
2651	303	245	58
2652	300	239	61
2653	307	243	64
2654	316	242	74
2655	330	250	80
2656	313	251	62
2657	320	248	72
2658	328	241	87
2659	324	236	88
2660	329	238	91
2661	325	242	83
2662	318	246	72
2663	299	245	54
2664	300	240	60
2665	311	234	77
2666	314	238	76
2667	291	244	47
2668	297	241	56
2669	321	245	76
2670	323	243	80
2671	309	238	71
2672	297	250	47
2673	307	260	47
2674	326	249	77
2675	310	240	70
2676	316	242	74
2677	316	245	71
2678	298	242	56
2679	288	242	46
2680	285	251	34
2681	292	246	46
2682	294	243	51
2683	270	244	26
2684	290	245	45
2685	307	244	63
2686	292	241	51
2687	293	246	47
2688	308	242	66
2689	304	240	64
2690	289	245	44
2691	288	242	46
2692	287	248	39
2693	282	242	40
2694	274	241	33
2695	282	244	38
2696	290	249	41
2697	273	257	16
2698	264	258	6
2699	301	256	45
2700	315	253	62
2701	306	248	58
2702	281	235	46
2703	279	238	41
2704	280	243	37
2705	293	236	57
2706	303	238	65
2707	310	245	65
2708	293	238	55
2709	270	237	33
2710	286	243	43
2711	287	247	40
2712	268	243	25
2713	270	244	26
2714	277	255	22
2715	279	250	29
2716	281	247	34
2717	290	250	40
2718	285	250	35
2719	266	250	16
2720	271	248	23
2721	301	250	51
2722	289	250	39
2723	277	246	31
2724	287	244	43
2725	300	248	52
2726	291	244	47
2727	274	249	25
2728	269	251	18
2729	281	240	41
2730	277	246	31
2731	282	256	26
2732	281	248	33
2733	281	244	37
2734	272	245	27
2735	274	244	30
2736	271	246	25
2737	264	251	13
2738	266	250	16
2739	282	248	34
2740	280	241	39
2741	295	239	56
2742	283	246	37
2743	257	248	9
2744	258	250	8
2745	261	255	6
2746	268	252	16
2747	265	251	14
2748	263	234	29
2749	260	239	21
2750	274	259	15
2751	275	255	20
2752	263	247	16
2753	260	237	23
2754	261	244	17
2755	255	246	9
2756	233	248	-15
2757	241	241	0
2758	249	232	17
2759	273	228	45
2760	278	235	43
2761	266	242	24
2762	245	248	-3
2763	248	247	1
2764	262	245	17
2765	266	239	27
2766	273	249	24
2767	261	250	11
2768	256	248	8
2769	284	247	37
2770	286	245	41
2771	275	242	33
2772	272	239	33
2773	272	238	34
2774	270	242	28
2775	249	247	2
2776	235	245	-10
2777	259	245	14
2778	271	242	29
2779	266	242	24
2780	273	242	31
2781	274	244	30
2782	254	237	17
2783	248	243	5
2784	247	249	-2
2785	252	246	6
2786	276	244	32
2787	240	246	-6
2788	239	243	-4
2789	246	235	11
2790	249	239	10
2791	257	238	19
2792	266	245	21
2793	269	248	21
2794	270	244	26
2795	270	236	34
2796	259	251	8
2797	257	256	1
2798	272	253	19
2799	261	252	9
2800	279	248	31
2801	275	241	34
2802	258	240	18
2803	263	245	18
2804	266	245	21
2805	262	241	21
2806	268	245	23
2807	257	243	14
2808	252	249	3
2809	266	238	28
2810	279	244	35
2811	255	247	8
2812	251	245	6
2813	258	246	12
2814	257	247	10
2815	250	245	5
2816	246	248	-2
2817	245	245	0
2818	253	240	13
2819	281	250	31
2820	266	241	25
2821	249	248	1
2822	260	247	13
2823	267	239	28
2824	275	247	28
2825	253	255	-2
2826	261	242	19
2827	265	238	27
2828	261	238	23
2829	257	245	12
2830	251	240	11
2831	258	243	15
2832	283	244	39
2833	282	235	47
2834	261	233	28
2835	250	246	4
2836	256	252	4
2837	257	247	10
2838	256	242	14
2839	260	240	20
2840	258	248	10
2841	253	239	14
2842	267	242	25
2843	255	241	14
2844	239	238	1
2845	237	227	10
2846	243	239	4
2847	258	248	10
2848	270	251	19
2849	275	248	27
2850	276	249	27
2851	254	244	10
2852	246	245	1
2853	244	242	2
2854	253	229	24
2855	267	239	28
2856	268	250	18
2857	267	242	25
2858	255	234	21
2859	239	245	-6
2860	223	249	-26
2861	222	255	-33
2862	254	254	0
2863	256	247	9
2864	257	242	15
2865	258	239	19
2866	265	243	22
2867	264	247	17
2868	256	250	6
2869	259	245	14
2870	268	244	24
2871	283	246	37
2872	253	247	6
2873	250	247	3
2874	258	247	11
2875	260	256	4
2876	253	242	11
2877	258	244	14
2878	264	252	12
2879	278	241	37
2880	277	242	35
2881	259	243	16
2882	265	241	24
2883	263	244	19
2884	243	256	-13
2885	240	249	-9
2886	243	235	8
2887	245	237	8
2888	231	244	-13
2889	241	243	-2
2890	241	243	-2
2891	237	240	-3
2892	251	234	17
2893	267	238	29
2894	259	246	13
2895	234	238	-4
2896	249	235	14
2897	255	238	17
2898	249	244	5
2899	242	243	-1
2900	253	241	12
2901	239	233	6
2902	244	244	0
2903	252	246	6
2904	255	241	14
2905	242	244	-2
2906	250	247	3
2907	268	245	23
2908	263	239	24
2909	250	239	11
2910	263	242	21
2911	270	247	23
2912	240	241	-1
2913	243	236	7
2914	259	239	20
2915	248	240	8
2916	253	253	0
2917	253	247	6
2918	262	233	29
2919	255	236	19
2920	241	238	3
2921	270	242	28
2922	255	239	16
2923	238	241	-3
2924	246	241	5
2925	256	243	13
2926	259	240	19
2927	265	234	31
2928	232	243	-11
2929	261	241	20
2930	264	241	23
2931	255	243	12
2932	252	240	12
2933	245	241	4
2934	238	246	-8
2935	246	242	4
2936	261	248	13
2937	267	257	10
2938	236	254	-18
2939	252	242	10
2940	282	248	34
2941	263	257	6
2942	231	240	-9
2943	237	233	4
2944	232	248	-16
2945	237	247	-10
2946	243	248	-5
2947	249	245	4
2948	274	238	36
2949	253	247	6
2950	244	247	-3
2951	256	232	24
2952	255	237	18
2953	234	239	-5
2954	232	235	-3
2955	247	234	13
2956	245	244	1
2957	268	251	17
2958	291	241	50
2959	270	238	32
2960	252	243	9
2961	261	250	11
2962	243	245	-2
2963	237	243	-6
2964	232	244	-12
2965	239	247	-8
2966	243	247	-4
2967	262	246	16
2968	248	239	9
2969	267	267	0
2970	253	249	4
2971	244	251	-7
2972	257	245	12
2973	279	233	46
2974	258	250	8
2975	231	248	-17
2976	269	247	22
2977	266	245	21
2978	260	247	13
2979	258	243	15
2980	256	234	22
2981	275	233	42
2982	262	241	21
2983	243	244	-1
2984	256	243	13
2985	278	226	52
2986	258	234	24
2987	233	244	-11
2988	233	251	-18
2989	259	243	16
2990	259	244	15
2991	258	244	14
2992	253	250	3
2993	231	248	-17
2994	228	243	-15
2995	273	232	41
2996	297	230	67
2997	264	240	24
2998	248	248	0
2999	237	241	-4
3000	241	239	2
3001	236	238	-2
3002	259	241	18
3003	258	244	14
3004	254	236	18
3005	276	233	43
3006	255	243	12
3007	259	239	20
3008	277	239	38
3009	270	235	35
3010	276	232	44
3011	250	240	10
3012	259	243	16
3013	277	236	41
3014	278	240	38
3015	288	241	47
3016	277	243	34
3017	272	239	33
3018	267	238	29
3019	253	234	19
3020	236	237	-1
3021	260	244	16
3022	280	245	35
3023	273	245	28
3024	272	244	28
3025	278	235	43
3026	264	239	25
3027	258	250	8
3028	256	246	10
3029	257	241	16
3030	250	248	2
3031	250	242	8
3032	232	239	-7
3033	247	246	1
3034	260	241	19
3035	241	242	-1
3036	233	240	-7
3037	253	238	15
3038	257	243	14
3039	252	244	8
3040	260	236	24
3041	265	235	30
3042	260	242	18
3043	260	248	12
3044	253	240	13
3045	257	244	13
3046	253	246	7
3047	270	247	23
3048	251	237	14
3049	237	238	-1
3050	236	245	-9
3051	232	252	-20
3052	261	253	8
3053	268	238	30
3054	242	236	6
3055	247	229	18
3056	249	232	17
3057	247	239	8
3058	263	244	19
3059	243	242	1
3060	250	241	9
3061	256	238	18
3062	238	241	-3
3063	240	245	-5
3064	242	245	-3
3065	258	243	15
3066	261	240	21
3067	272	237	35
3068	266	245	21
3069	255	240	15
3070	263	239	24
3071	264	242	22
3072	249	233	16
3073	241	238	3
3074	254	237	17
3075	274	233	41
3076	260	245	15
3077	254	238	16
3078	257	244	13
3079	256	247	9
3080	256	237	19
3081	270	227	43
3082	261	241	20
3083	245	238	7
3084	262	244	18
3085	254	247	7
3086	254	244	10
3087	265	240	25
3088	267	235	32
3089	261	237	24
3090	274	246	28
3091	276	248	28
3092	254	253	1
3093	253	250	3
3094	245	243	2
3095	249	242	7
3096	246	236	10
3097	250	242	8
3098	253	250	3
3099	255	251	4
3100	254	250	4
3101	250	254	-4
3102	237	240	-3
3103	250	238	12
3104	250	242	8
3105	245	241	4
3106	255	244	11
3107	247	245	2
3108	253	236	17
3109	260	239	21
3110	255	244	11
3111	266	242	24
3112	263	244	19
3113	262	244	18
3114	250	252	-2
3115	245	249	-4
3116	233	248	-15
3117	258	242	16
3118	283	243	40
3119	284	240	44
3120	252	246	6
3121	257	246	11
3122	267	250	17
3123	259	247	12
3124	277	246	31
3125	266	247	19
3126	260	242	18
3127	240	241	-1
3128	225	249	-24
3129	248	236	12
3130	255	243	12
3131	258	241	17
3132	245	242	3
3133	248	249	-1
3134	262	256	6
3135	264	254	10
3136	257	252	5
3137	255	254	1
3138	251	250	1
3139	244	253	-9
3140	248	250	-2
3141	243	245	-2
3142	235	240	-5
3143	255	247	8
3144	244	248	-4
3145	237	242	-5
3146	263	246	17
3147	256	247	9
3148	254	254	0
3149	275	248	27
3150	247	243	4
3151	247	248	-1
3152	252	249	3
3153	243	254	-11
3154	232	244	-12
3155	250	238	12
3156	253	239	14
3157	247	242	5
3158	243	247	-4
3159	258	248	10
3160	268	247	21
3161	257	234	23
3162	244	246	-2
3163	250	248	2
3164	256	248	8
3165	270	244	26
3166	270	249	21
3167	260	248	12
3168	261	245	16
3169	254	249	5
3170	254	244	10
3171	258	238	20
3172	237	241	-4
3173	245	237	8
3174	260	239	21
3175	252	248	4
3176	263	251	12
3177	269	243	26
3178	253	249	4
3179	267	242	25
3180	260	239	21
3181	254	241	13
3182	259	247	12
3183	255	250	5
3184	263	252	11
3185	234	251	-17
3186	242	246	-4
3187	254	245	9
3188	235	245	-10
3189	259	243	16
3190	250	236	14
3191	235	241	-6
3192	261	248	13
3193	305	249	56
3194	277	245	32
3195	246	236	10
3196	257	238	19
3197	261	243	18
3198	241	245	-4
3199	250	240	10
3200	268	247	21
3201	249	242	7
3202	250	239	11
3203	250	244	6
3204	251	238	13
3205	244	239	5
3206	236	240	-4
3207	248	244	4
3208	256	252	4
3209	255	248	7
3210	250	244	6
3211	259	242	17
3212	258	247	11
3213	268	250	18
3214	260	254	6
3215	250	244	6
3216	261	245	16
3217	256	247	9
3218	241	245	-4
3219	250	251	-1
3220	251	244	7
3221	255	236	19
3222	278	237	41
3223	254	236	18
3224	219	245	-26
3225	228	263	-35
3226	245	260	-15
3227	261	245	16
3228	259	239	20
3229	244	244	0
3230	256	238	18
3231	256	234	22
3232	241	241	0
3233	235	244	-9
3234	221	240	-19
3235	247	233	14
3236	259	236	23
3237	259	243	16
3238	255	244	11
3239	250	234	16
3240	245	235	10
3241	257	242	15
3242	258	253	5
3243	256	248	8
3244	246	249	-3
3245	252	238	14
3246	250	245	5
3247	242	246	-4
3248	243	248	-5
3249	260	245	15
3250	257	236	21
3251	247	247	0
3252	256	254	2
3253	265	251	14
3254	261	245	16
3255	281	242	39
3256	264	242	22
3257	258	232	26
3258	248	237	11
3259	243	242	1
3260	257	240	17
3261	257	247	10
3262	256	243	13
3263	253	233	20
3264	220	242	-22
3265	229	247	-18
3266	248	238	10
3267	247	238	9
3268	266	248	18
3269	256	250	6
3270	256	246	10
3271	253	252	1
3272	249	243	6
3273	240	246	-6
3274	241	248	-7
3275	266	241	25
3276	241	242	-1
3277	236	245	-9
3278	240	239	1
3279	238	238	0
3280	223	235	-12
3281	249	237	12
3282	283	239	44
3283	267	248	19
3284	266	251	15
3285	266	244	22
3286	256	234	22
3287	243	241	2
3288	241	242	-1
3289	248	236	12
3290	239	244	-5
3291	260	242	18
3292	255	247	8
3293	239	245	-6
3294	260	233	27
3295	250	234	16
3296	255	243	12
3297	260	244	16
3298	244	247	-3
3299	273	237	36
3300	258	236	22
3301	232	238	-6
3302	249	242	7
3303	249	236	13
3304	255	239	16
3305	244	244	0
3306	241	236	5
3307	256	235	21
3308	272	233	39
3309	263	246	17
3310	254	247	7
3311	247	248	-1
3312	261	244	17
3313	256	234	22
3314	270	250	20
3315	271	249	22
3316	232	243	-11
3317	233	237	-4
3318	251	242	9
3319	253	244	9
3320	260	250	10
3321	270	237	33
3322	257	234	23
3323	240	244	-4
3324	244	246	-2
3325	244	249	-5
3326	244	249	-5
3327	258	245	13
3328	254	245	9
3329	241	245	-4
3330	238	235	3
3331	241	241	0
3332	248	250	-2
3333	250	246	4
3334	249	238	11
3335	268	235	33
3336	257	230	27
3337	243	234	9
3338	233	233	0
3339	239	236	3
3340	241	242	-1
3341	254	245	9
3342	253	235	18
3343	246	240	6
3344	255	250	5
3345	284	244	40
3346	284	251	33
3347	265	248	17
3348	251	245	6
3349	247	249	-2
3350	268	240	28
3351	260	236	24
3352	260	238	22
3353	268	233	35
3354	266	237	29
3355	247	252	-5
3356	254	252	2
3357	247	248	-1
3358	241	249	-8
3359	243	247	-4
3360	251	244	7
3361	227	238	-11
3362	228	242	-14
3363	244	249	-5
3364	238	246	-8
3365	251	247	4
3366	245	248	-3
3367	237	247	-10
3368	235	240	-5
3369	248	237	11
3370	242	239	3
3371	246	242	4
3372	249	244	5
3373	256	238	18
3374	261	234	27
3375	250	236	14
3376	236	230	6
3377	250	238	12
3378	250	241	9
3379	248	234	14
3380	237	236	1
3381	234	245	-11
3382	269	249	20
3383	258	250	8
3384	243	249	-6
3385	231	251	-20
3386	240	249	-9
3387	254	243	11
3388	262	243	19
3389	243	235	8
3390	229	231	-2
3391	242	236	6
3392	253	243	10
3393	261	245	16
3394	257	239	18
3395	237	233	4
3396	243	245	-2
3397	264	240	24
3398	255	234	21
3399	239	244	-5
3400	240	241	-1
3401	242	241	1
3402	244	236	8
3403	246	241	5
3404	252	250	2
3405	258	238	20
3406	241	245	-4
3407	223	234	-11
3408	224	239	-15
3409	229	258	-29
3410	260	255	5
3411	265	248	17
3412	269	244	25
3413	260	241	19
3414	270	240	30
3415	254	237	17
3416	258	235	23
3417	237	233	4
3418	251	240	11
3419	255	245	10
3420	244	243	1
3421	241	245	-4
3422	236	244	-8
3423	236	245	-9
3424	240	247	-7
3425	247	240	7
3426	239	237	2
3427	252	242	10
3428	245	246	-1
3429	249	248	1
3430	240	238	2
3431	226	240	-14
3432	232	247	-15
3433	246	246	0
3434	262	247	15
3435	254	242	12
3436	255	236	19
3437	268	227	41
3438	253	234	19
3439	242	245	-3
3440	233	240	-7
3441	242	239	3
3442	265	241	24
3443	254	240	14
3444	235	240	-5
3445	218	233	-15
3446	225	238	-13
3447	236	243	-7
3448	218	244	-26
3449	241	249	-8
3450	260	243	17
3451	253	242	11
3452	239	237	2
3453	230	234	-4
3454	234	243	-9
3455	249	242	7
3456	244	242	2
3457	266	240	26
3458	265	248	17
3459	256	253	3
3460	238	245	-7
3461	243	250	-7
3462	239	245	-6
3463	218	238	-20
3464	224	244	-20
3465	235	239	-4
3466	239	239	0
3467	255	238	17
3468	247	249	-2
3469	246	249	-3
3470	256	245	11
3471	260	241	19
3472	244	247	-3
3473	241	242	-1
3474	234	237	-3
3475	239	233	6
3476	248	238	10
3477	235	246	-11
3478	239	245	-6
3479	253	232	21
3480	256	239	17
3481	261	240	21
3482	264	238	26
3483	266	240	26
3484	259	246	13
3485	250	242	8
3486	262	243	19
3487	256	239	17
3488	250	242	8
3489	254	244	10
3490	243	245	-2
3491	238	245	-7
3492	237	243	-6
3493	227	241	-14
3494	233	236	-3
3495	242	245	-3
3496	247	251	-4
3497	241	251	-10
3498	244	244	0
3499	263	254	9
3500	283	246	37
3501	257	243	14
3502	247	241	6
3503	257	240	17
3504	241	244	-3
3505	234	235	-1
3506	248	230	18
3507	249	231	18
3508	252	237	15
3509	260	244	16
3510	265	239	26
3511	237	235	2
3512	231	237	-6
3513	241	236	5
3514	243	237	6
3515	255	236	19
3516	249	239	10
3517	231	242	-11
3518	241	237	4
3519	241	245	-4
3520	240	242	-2
3521	229	237	-8
3522	243	243	0
3523	242	237	5
3524	249	232	17
3525	253	240	13
3526	245	245	0
3527	260	233	27
3528	254	239	15
3529	250	237	13
3530	246	239	7
3531	245	238	7
3532	248	241	7
3533	251	241	10
3534	259	257	2
3535	267	247	20
3536	270	245	25
3537	243	245	-2
3538	226	246	-20
3539	227	239	-12
3540	239	235	4
3541	252	244	8
3542	249	247	2
3543	242	233	9
3544	243	230	13
3545	257	245	12
3546	265	244	21
3547	265	242	23
3548	261	236	25
3549	245	243	2
3550	242	248	-6
3551	257	239	18
3552	260	248	12
3553	255	244	11
3554	260	237	23
3555	261	233	28
3556	243	241	2
3557	239	245	-6
3558	255	232	23
3559	243	236	7
3560	256	242	14
3561	274	251	23
3562	242	248	-6
3563	268	240	28
3564	273	233	40
3565	245	238	7
3566	247	253	-6
3567	254	247	7
3568	266	247	19
3569	270	250	20
3570	263	242	21
3571	251	242	9
3572	250	243	7
3573	258	242	16
3574	232	248	-16
3575	237	243	-6
3576	245	232	13
3577	265	232	33
3578	257	233	24
3579	258	237	21
3580	255	246	9
3581	247	244	3
3582	251	247	4
3583	258	243	15
3584	259	249	10
3585	259	245	14
3586	267	242	25
3587	263	244	19
3588	245	247	-2
3589	240	244	-4
3590	268	253	15
3591	249	247	2
3592	257	235	22
3593	277	237	40
3594	249	242	7
3595	242	243	-1
3596	251	244	7
3597	251	243	8
3598	246	246	0
3599	245	244	1
3600	248	250	-2
3601	241	250	-9
3602	265	238	27
3603	253	243	10
3604	244	246	-2
3605	239	243	-4
3606	236	234	2
3607	255	230	25
3608	263	232	31
3609	265	239	26
3610	251	238	13
3611	232	247	-15
3612	232	234	-2
3613	241	241	0
3614	268	240	28
3615	267	239	28
3616	257	232	25
3617	259	236	23
3618	269	242	27
3619	268	244	24
3620	259	249	10
3621	244	238	6
3622	250	235	15
3623	258	234	24
3624	246	232	14
3625	245	231	14
3626	239	235	4
3627	256	236	20
3628	268	242	26
3629	272	243	29
3630	270	240	30
3631	253	244	9
3632	247	249	-2
3633	251	249	2
3634	260	240	20
3635	253	229	24
3636	278	234	44
3637	281	242	39
3638	256	246	10
3639	228	242	-14
3640	236	236	0
3641	244	237	7
3642	232	237	-5
3643	251	229	22
3644	254	231	23
3645	225	239	-14
3646	222	242	-20
3647	238	240	-2
3648	268	245	23
