index	original	background	difference
-----------------------------------------------------
1	667	249	418
2	675	238	437
3	672	236	436
4	672	240	432
5	684	244	440
6	683	252	431
7	676	249	427
8	682	247	435
9	694	254	440
10	708	256	452
11	709	257	452
12	716	245	471
13	709	250	459
14	700	252	448
15	706	255	451
16	711	261	450
17	706	261	445
18	716	258	458
19	723	253	470
20	724	260	464
21	727	253	474
22	722	250	472
23	715	259	456
24	715	261	454
25	725	257	468
26	729	261	468
27	724	266	458
28	729	254	475
29	736	264	472
30	727	265	462
31	735	257	478
32	738	255	483
33	735	267	468
34	728	261	467
35	736	264	472
36	738	271	467
37	738	272	466
38	738	272	466
39	735	263	472
40	750	266	484
41	758	264	494
42	748	270	478
43	745	269	476
44	756	265	491
45	745	269	476
46	739	274	465
47	748	273	475
48	754	267	487
49	744	267	477
50	764	267	497
51	772	269	503
52	779	264	515
53	779	259	520
54	768	267	501
55	765	267	498
56	766	281	485
57	771	278	493
58	787	272	515
59	785	275	510
60	776	269	507
61	782	266	516
62	788	265	523
63	797	275	522
64	780	273	507
65	774	270	504
66	793	270	523
67	794	277	517
68	781	273	508
69	794	280	514
70	789	289	500
71	793	278	515
72	793	280	513
73	799	281	518
74	818	271	547
75	809	268	541
76	814	268	546
77	819	271	548
78	814	274	540
79	819	279	540
80	815	280	535
81	825	274	551
82	825	270	555
83	833	277	556
84	823	273	550
85	815	277	538
86	809	287	522
87	826	283	543
88	845	275	570
89	846	274	572
90	860	268	592
91	853	272	581
92	851	273	578
93	866	261	605
94	864	274	590
95	855	277	578
96	860	274	586
97	865	277	588
98	860	272	588
99	857	271	586
100	868	278	590
101	887	281	606
102	890	272	618
103	890	275	615
104	895	276	619
105	899	277	622
106	901	286	615
107	900	279	621
108	902	272	630
109	907	284	623
110	897	274	623
111	907	276	631
112	920	287	633
113	924	274	650
114	921	272	649
115	928	280	648
116	933	277	656
117	947	276	671
118	944	293	651
119	960	288	672
120	952	269	683
121	948	272	676
122	958	274	684
123	958	287	671
124	970	294	676
125	965	281	684
126	956	281	675
127	975	290	685
128	985	281	704
129	976	279	697
130	975	275	700
131	991	277	714
132	980	279	701
133	994	276	718
134	1005	282	723
135	1001	279	722
136	982	287	695
137	984	283	701
138	1004	278	726
139	1007	278	729
140	1015	278	737
141	1012	280	732
142	1011	276	735
143	1026	291	735
144	1044	288	756
145	1038	279	759
146	1027	274	753
147	1036	277	759
148	1044	276	768
149	1047	282	765
150	1051	278	773
151	1054	278	776
152	1052	279	773
153	1061	287	774
154	1074	278	796
155	1067	271	796
156	1061	269	792
157	1072	274	798
158	1059	279	780
159	1068	280	788
160	1085	284	801
161	1083	277	806
162	1079	279	800
163	1086	279	807
164	1098	276	822
165	1102	279	823
166	1090	283	807
167	1095	286	809
168	1107	287	820
169	1112	292	820
170	1114	283	831
171	1121	288	833
172	1130	275	855
173	1140	269	871
174	1138	277	861
175	1134	288	846
176	1131	281	850
177	1154	282	872
178	1152	285	867
179	1159	281	878
180	1155	280	875
181	1157	280	877
182	1147	279	868
183	1153	285	868
184	1158	285	873
185	1147	279	868
186	1160	282	878
187	1157	286	871
188	1169	280	889
189	1174	283	891
190	1189	279	910
191	1187	281	906
192	1180	280	900
193	1195	279	916
194	1199	284	915
195	1197	283	914
196	1200	284	916
197	1206	277	929
198	1212	281	931
199	1208	283	925
200	1220	287	933
201	1223	288	935
202	1239	276	963
203	1218	282	936
204	1222	289	933
205	1232	286	946
206	1248	281	967
207	1240	282	958
208	1242	279	963
209	1231	279	952
210	1224	281	943
211	1221	283	938
212	1241	278	963
213	1255	276	979
214	1244	274	970
215	1256	268	988
216	1255	275	980
217	1257	284	973
218	1259	267	992
219	1259	290	969
220	1264	274	990
221	1266	272	994
222	1281	276	1005
223	1276	281	995
224	1270	285	985
225	1287	280	1007
226	1291	280	1011
227	1292	284	1008
228	1284	281	1003
229	1289	274	1015
230	1295	285	1010
231	1316	275	1041
232	1321	274	1047
233	1314	285	1029
234	1318	286	1032
235	1321	286	1035
236	1316	278	1038
237	1320	277	1043
238	1336	270	1066
239	1337	275	1062
240	1329	276	1053
241	1340	280	1060
242	1339	287	1052
243	1323	288	1035
244	1333	280	1053
245	1352	273	1079
246	1339	276	1063
247	1352	287	1065
248	1359	283	1076
249	1355	280	1075
250	1365	281	1084
251	1354	279	1075
252	1364	276	1088
253	1387	283	1104
254	1381	280	1101
255	1401	278	1123
256	1393	279	1114
257	1379	280	1099
258	1380	282	1098
259	1387	276	1111
260	1395	276	1119
261	1405	279	1126
262	1401	275	1126
263	1400	279	1121
264	1416	276	1140
265	1415	269	1146
266	1414	274	1140
267	1408	280	1128
268	1430	277	1153
269	1441	272	1169
270	1457	272	1185
271	1462	272	1190
272	1437	275	1162
273	1442	279	1163
274	1443	282	1161
275	1441	282	1159
276	1464	283	1181
277	1466	287	1179
278	1467	273	1194
279	1460	276	1184
280	1468	273	1195
281	1491	278	1213
282	1500	280	1220
283	1482	282	1200
284	1490	282	1208
285	1499	288	1211
286	1494	282	1212
287	1495	292	1203
288	1466	293	1173
289	1477	286	1191
290	1495	280	1215
291	1498	274	1224
292	1516	273	1243
293	1517	277	1240
294	1492	276	1216
295	1511	280	1231
296	1525	279	1246
297	1524	277	1247
298	1521	279	1242
299	1534	279	1255
300	1547	280	1267
301	1564	285	1279
302	1550	273	1277
303	1564	274	1290
304	1570	275	1295
305	1565	283	1282
306	1564	285	1279
307	1582	290	1292
308	1577	297	1280
309	1581	280	1301
310	1589	279	1310
311	1598	279	1319
312	1590	282	1308
313	1592	272	1320
314	1609	269	1340
315	1602	276	1326
316	1609	283	1326
317	1609	278	1331
318	1620	280	1340
319	1619	284	1335
320	1611	277	1334
321	1605	281	1324
322	1624	271	1353
323	1638	268	1370
324	1657	269	1388
325	1653	278	1375
326	1647	276	1371
327	1649	275	1374
328	1667	283	1384
329	1638	278	1360
330	1651	280	1371
331	1672	277	1395
332	1660	275	1385
333	1655	284	1371
334	1670	274	1396
335	1670	276	1394
336	1679	283	1396
337	1672	281	1391
338	1667	283	1384
339	1685	284	1401
340	1699	279	1420
341	1716	283	1433
342	1718	279	1439
343	1721	276	1445
344	1740	270	1470
345	1723	268	1455
346	1709	267	1442
347	1722	272	1450
348	1725	271	1454
349	1744	286	1458
350	1765	273	1492
351	1740	270	1470
352	1757	274	1483
353	1761	281	1480
354	1759	277	1482
355	1774	275	1499
356	1800	271	1529
357	1819	273	1546
358	1825	278	1547
359	1807	271	1536
360	1786	264	1522
361	1803	274	1529
362	1829	267	1562
363	1835	268	1567
364	1856	271	1585
365	1868	278	1590
366	1844	281	1563
367	1836	288	1548
368	1864	290	1574
369	1873	290	1583
370	1883	284	1599
371	1882	274	1608
372	1888	273	1615
373	1885	277	1608
374	1880	282	1598
375	1889	281	1608
376	1893	274	1619
377	1888	274	1614
378	1912	279	1633
379	1921	282	1639
380	1922	271	1651
381	1919	288	1631
382	1937	285	1652
383	1960	270	1690
384	1950	264	1686
385	1946	274	1672
386	1951	280	1671
387	1971	280	1691
388	1971	273	1698
389	1957	280	1677
390	1972	286	1686
391	1994	279	1715
392	2015	282	1733
393	1997	279	1718
394	1999	273	1726
395	2011	282	1729
396	2026	278	1748
397	2045	278	1767
398	2036	274	1762
399	2054	286	1768
400	2051	284	1767
401	2038	276	1762
402	2059	278	1781
403	2070	284	1786
404	2062	275	1787
405	2078	273	1805
406	2083	273	1810
407	2062	276	1786
408	2054	273	1781
409	2087	265	1822
410	2105	272	1833
411	2117	281	1836
412	2107	287	1820
413	2126	281	1845
414	2127	279	1848
415	2118	271	1847
416	2120	278	1842
417	2128	282	1846
418	2149	279	1870
419	2153	273	1880
420	2145	271	1874
421	2169	269	1900
422	2157	278	1879
423	2163	286	1877
424	2174	283	1891
425	2176	284	1892
426	2195	287	1908
427	2201	288	1913
428	2205	285	1920
429	2206	283	1923
430	2229	275	1954
431	2232	276	1956
432	2215	281	1934
433	2199	276	1923
434	2202	274	1928
435	2238	281	1957
436	2261	276	1985
437	2246	276	1970
438	2244	282	1962
439	2249	284	1965
440	2256	280	1976
441	2272	286	1986
442	2275	289	1986
443	2263	284	1979
444	2251	277	1974
445	2292	286	2006
446	2289	279	2010
447	2267	283	1984
448	2279	284	1995
449	2293	281	2012
450	2314	282	2032
451	2307	281	2026
452	2311	267	2044
453	2325	278	2047
454	2320	284	2036
455	2318	287	2031
456	2333	282	2051
457	2336	277	2059
458	2327	273	2054
459	2334	277	2057
460	2339	284	2055
461	2348	281	2067
462	2367	279	2088
463	2401	279	2122
464	2392	277	2115
465	2380	281	2099
466	2364	279	2085
467	2331	276	2055
468	2337	263	2074
469	2366	299	2067
470	2378	281	2097
471	2379	281	2098
472	2364	283	2081
473	2406	280	2126
474	2435	279	2156
475	2445	280	2165
476	2428	277	2151
477	2399	274	2125
478	2421	268	2153
479	2431	272	2159
480	2447	278	2169
481	2452	278	2174
482	2456	279	2177
483	2451	284	2167
484	2450	281	2169
485	2467	273	2194
486	2461	271	2190
487	2469	280	2189
488	2481	287	2194
489	2487	289	2198
490	2480	291	2189
491	2510	290	2220
492	2510	283	2227
493	2486	275	2211
494	2478	282	2196
495	2487	288	2199
496	2516	283	2233
497	2530	275	2255
498	2521	272	2249
499	2530	278	2252
500	2514	279	2235
501	2540	279	2261
502	2539	276	2263
503	2534	282	2252
504	2531	282	2249
505	2526	284	2242
506	2541	279	2262
507	2567	285	2282
508	2555	281	2274
509	2549	276	2273
510	2564	275	2289
511	2576	276	2300
512	2578	277	2301
513	2593	280	2313
514	2591	277	2314
515	2582	276	2306
516	2575	277	2298
517	2584	281	2303
518	2586	284	2302
519	2583	287	2296
520	2600	288	2312
521	2611	285	2326
522	2618	283	2335
523	2607	290	2317
524	2600	282	2318
525	2605	273	2332
526	2620	278	2342
527	2623	276	2347
528	2625	278	2347
529	2623	285	2338
530	2622	280	2342
531	2636	280	2356
532	2653	289	2364
533	2648	282	2366
534	2661	270	2391
535	2666	272	2394
536	2668	274	2394
537	2663	290	2373
538	2663	285	2378
539	2648	281	2367
540	2659	281	2378
541	2654	281	2373
542	2649	287	2362
543	2653	283	2370
544	2693	277	2416
545	2716	285	2431
546	2722	276	2446
547	2711	285	2426
548	2698	293	2405
549	2703	285	2418
550	2721	284	2437
551	2722	285	2437
552	2721	285	2436
553	2730	276	2454
554	2728	278	2450
555	2751	282	2469
556	2776	269	2507
557	2770	287	2483
558	2771	284	2487
559	2773	287	2486
560	2774	287	2487
561	2803	283	2520
562	2797	280	2517
563	2811	277	2534
564	2826	282	2544
565	2840	293	2547
566	2829	285	2544
567	2831	280	2551
568	2845	272	2573
569	2850	276	2574
570	2850	282	2568
571	2855	295	2560
572	2870	293	2577
573	2879	289	2590
574	2896	285	2611
575	2903	281	2622
576	2898	282	2616
577	2901	272	2629
578	2897	276	2621
579	2908	267	2641
580	2914	272	2642
581	2910	272	2638
582	2945	274	2671
583	2965	285	2680
584	2941	273	2668
585	2936	274	2662
586	2943	280	2663
587	2963	287	2676
588	2980	279	2701
589	3018	278	2740
590	3026	283	2743
591	3020	283	2737
592	3022	280	2742
593	3042	277	2765
594	3050	278	2772
595	3066	281	2785
596	3068	279	2789
597	3078	281	2797
598	3090	276	2814
599	3099	282	2817
600	3129	284	2845
601	3138	285	2853
602	3129	283	2846
603	3182	281	2901
604	3200	268	2932
605	3168	272	2896
606	3186	270	2916
607	3211	274	2937
608	3192	276	2916
609	3176	281	2895
610	3210	276	2934
611	3248	280	2968
612	3234	284	2950
613	3234	286	2948
614	3266	282	2984
615	3269	275	2994
616	3266	277	2989
617	3291	271	3020
618	3292	267	3025
619	3306	283	3023
620	3323	277	3046
621	3340	284	3056
622	3361	282	3079
623	3378	279	3099
624	3387	286	3101
625	3376	289	3087
626	3400	280	3120
627	3406	281	3125
628	3404	272	3132
629	3412	270	3142
630	3426	272	3154
631	3440	278	3162
632	3475	273	3202
633	3467	277	3190
634	3478	281	3197
635	3526	279	3247
636	3531	274	3257
637	3523	278	3245
638	3547	283	3264
639	3568	292	3276
640	3550	283	3267
641	3553	276	3277
642	3565	272	3293
643	3551	281	3270
644	3584	279	3305
645	3618	284	3334
646	3628	277	3351
647	3608	280	3328
648	3623	276	3347
649	3657	286	3371
650	3673	280	3393
651	3656	280	3376
652	3660	281	3379
653	3696	287	3409
654	3710	291	3419
655	3714	282	3432
656	3720	277	3443
657	3732	286	3446
658	3748	287	3461
659	3764	280	3484
660	3767	282	3485
661	3791	289	3502
662	3810	277	3533
663	3793	285	3508
664	3815	278	3537
665	3815	268	3547
666	3827	272	3555
667	3869	276	3593
668	3878	274	3604
669	3862	280	3582
670	3873	275	3598
671	3918	275	3643
672	3931	284	3647
673	3911	294	3617
674	3911	283	3628
675	3913	279	3634
676	3925	281	3644
677	3936	277	3659
678	3957	274	3683
679	3982	276	3706
680	3985	275	3710
681	3984	279	3705
682	3976	273	3703
683	3977	278	3699
684	3998	279	3719
685	4013	288	3725
686	4025	283	3742
687	4053	275	3778
688	4043	279	3764
689	4045	284	3761
690	4051	287	3764
691	4064	287	3777
692	4080	277	3803
693	4061	275	3786
694	4074	277	3797
695	4093	285	3808
696	4098	273	3825
697	4107	282	3825
698	4108	284	3824
699	4110	283	3827
700	4107	288	3819
701	4113	294	3819
702	4124	286	3838
703	4139	279	3860
704	4155	278	3877
705	4174	273	3901
706	4183	280	3903
707	4183	282	3901
708	4169	276	3893
709	4155	269	3886
710	4167	275	3892
711	4179	287	3892
712	4165	282	3883
713	4205	284	3921
714	4220	278	3942
715	4196	267	3929
716	4178	272	3906
717	4181	280	3901
718	4203	267	3936
719	4246	291	3955
720	4239	285	3954
721	4216	279	3937
722	4234	286	3948
723	4237	290	3947
724	4225	280	3945
725	4229	287	3942
726	4241	284	3957
727	4253	276	3977
728	4246	274	3972
729	4246	280	3966
730	4265	292	3973
731	4276	289	3987
732	4295	282	4013
733	4278	284	3994
734	4273	280	3993
735	4274	279	3995
736	4284	279	4005
737	4294	277	4017
738	4298	277	4021
739	4323	278	4045
740	4348	281	4067
741	4335	281	4054
742	4327	288	4039
743	4312	287	4025
744	4317	269	4048
745	4340	281	4059
746	4369	284	4085
747	4352	282	4070
748	4335	286	4049
749	4320	283	4037
750	4363	275	4088
751	4360	280	4080
752	4365	286	4079
753	4384	281	4103
754	4364	278	4086
755	4360	283	4077
756	4383	277	4106
757	4378	278	4100
758	4373	274	4099
759	4382	277	4105
760	4357	280	4077
761	4361	282	4079
762	4379	276	4103
763	4392	280	4112
764	4375	278	4097
765	4358	282	4076
766	4376	284	4092
767	4389	287	4102
768	4373	278	4095
769	4376	277	4099
770	4364	276	4088
771	4397	288	4109
772	4374	284	4090
773	4355	280	4075
774	4370	276	4094
775	4344	284	4060
776	4362	285	4077
777	4361	273	4088
778	4371	276	4095
779	4371	284	4087
780	4340	274	4066
781	4313	267	4046
782	4349	272	4077
783	4355	280	4075
784	4378	281	4097
785	4395	278	4117
786	4389	278	4111
787	4396	285	4111
788	4400	274	4126
789	4377	278	4099
790	4414	287	4127
791	4437	279	4158
792	4421	283	4138
793	4408	281	4127
794	4425	276	4149
795	4437	278	4159
796	4425	277	4148
797	4446	277	4169
798	4433	278	4155
799	4439	275	4164
800	4443	278	4165
801	4416	291	4125
802	4404	281	4123
803	4418	286	4132
804	4420	293	4127
805	4441	290	4151
806	4451	285	4166
807	4472	288	4184
808	4480	290	4190
809	4482	286	4196
810	4503	280	4223
811	4521	279	4242
812	4522	290	4232
813	4508	281	4227
814	4501	272	4229
815	4493	292	4201
816	4530	285	4245
817	4517	275	4242
818	4553	281	4272
819	4587	290	4297
820	4573	286	4287
821	4552	285	4267
822	4573	285	4288
823	4601	284	4317
824	4589	275	4314
825	4584	274	4310
826	4612	281	4331
827	4597	277	4320
828	4613	286	4327
829	4632	285	4347
830	4616	271	4345
831	4632	279	4353
832	4651	275	4376
833	4694	269	4425
834	4716	278	4438
835	4717	279	4438
836	4732	278	4454
837	4757	282	4475
838	4761	285	4476
839	4753	284	4469
840	4771	286	4485
841	4827	283	4544
842	4866	280	4586
843	4839	286	4553
844	4866	285	4581
845	4868	287	4581
846	4885	279	4606
847	4902	269	4633
848	4890	266	4624
849	4925	277	4648
850	4961	282	4679
851	4951	282	4669
852	4938	284	4654
853	4994	274	4720
854	5013	269	4744
855	5021	277	4744
856	5033	284	4749
857	5051	285	4766
858	5075	284	4791
859	5068	281	4787
860	5061	275	4786
861	5057	276	4781
862	5093	273	4820
863	5071	275	4796
864	5096	280	4816
865	5114	281	4833
866	5116	273	4843
867	5154	273	4881
868	5153	276	4877
869	5157	283	4874
870	5192	279	4913
871	5192	273	4919
872	5216	275	4941
873	5216	275	4941
874	5248	274	4974
875	5259	284	4975
876	5255	280	4975
877	5274	283	4991
878	5289	280	5009
879	5318	284	5034
880	5357	286	5071
881	5402	285	5117
882	5399	282	5117
883	5407	278	5129
884	5407	279	5128
885	5418	288	5130
886	5459	280	5179
887	5458	272	5186
888	5490	279	5211
889	5500	280	5220
890	5531	277	5254
891	5533	281	5252
892	5545	286	5259
893	5581	281	5300
894	5609	272	5337
895	5608	279	5329
896	5632	289	5343
897	5643	288	5355
898	5659	283	5376
899	5692	273	5419
900	5721	267	5454
901	5716	273	5443
902	5748	275	5473
903	5771	280	5491
904	5789	279	5510
905	5799	290	5509
906	5834	283	5551
907	5875	271	5604
908	5881	277	5604
909	5906	284	5622
910	5926	279	5647
911	5979	281	5698
912	5974	284	5690
913	5985	278	5707
914	5984	284	5700
915	6000	283	5717
916	6042	282	5760
917	6046	282	5764
918	6043	296	5747
919	6039	286	5753
920	6028	283	5745
921	6035	282	5753
922	6067	271	5796
923	6057	276	5781
924	6071	273	5798
925	6155	268	5887
926	6188	288	5900
927	6196	292	5904
928	6246	288	5958
929	6269	282	5987
930	6310	274	6036
931	6325	272	6053
932	6341	280	6061
933	6334	283	6051
934	6366	284	6082
935	6394	276	6118
936	6390	275	6115
937	6424	277	6147
938	6462	277	6185
939	6474	286	6188
940	6495	283	6212
941	6499	284	6215
942	6521	286	6235
943	6575	280	6295
944	6591	278	6313
945	6604	279	6325
946	6622	278	6344
947	6636	274	6362
948	6631	273	6358
949	6622	276	6346
950	6656	278	6378
951	6693	279	6414
952	6719	279	6440
953	6720	278	6442
954	6726	282	6444
955	6744	271	6473
956	6746	270	6476
957	6754	283	6471
958	6764	289	6475
959	6789	289	6500
960	6817	280	6537
961	6844	281	6563
962	6862	279	6583
963	6854	290	6564
964	6877	291	6586
965	6880	287	6593
966	6908	289	6619
967	6927	286	6641
968	6949	265	6684
969	6934	291	6643
970	6951	279	6672
971	6987	282	6705
972	6994	284	6710
973	7008	282	6726
974	7017	283	6734
975	7010	278	6732
976	6999	280	6719
977	7012	280	6732
978	7044	281	6763
979	7055	272	6783
980	7036	272	6764
981	7046	282	6764
982	7041	277	6764
983	7034	284	6750
984	7030	288	6742
985	7005	279	6726
986	7019	282	6737
987	7004	280	6724
988	7021	277	6744
989	7051	275	6776
990	7048	279	6769
991	7069	282	6787
992	7095	280	6815
993	7054	281	6773
994	7051	286	6765
995	7101	289	6812
996	7078	277	6801
997	7065	282	6783
998	7051	275	6776
999	7037	282	6755
1000	7083	274	6809
1001	7081	269	6812
1002	7088	282	6806
1003	7131	286	6845
1004	7120	271	6849
1005	7086	272	6814
1006	7074	283	6791
1007	7085	284	6801
1008	7087	283	6804
1009	7065	284	6781
1010	7078	285	6793
1011	7095	282	6813
1012	7104	281	6823
1013	7087	283	6804
1014	7105	284	6821
1015	7100	288	6812
1016	7078	289	6789
1017	7063	280	6783
1018	7107	274	6833
1019	7095	281	6814
1020	7110	275	6835
1021	7113	277	6836
1022	7079	276	6803
1023	7067	276	6791
1024	7069	280	6789
1025	7036	284	6752
1026	7064	277	6787
1027	7086	275	6811
1028	7081	272	6809
1029	7067	276	6791
1030	7070	285	6785
1031	7072	288	6784
1032	7074	285	6789
1033	7062	281	6781
1034	7056	282	6774
1035	7052	273	6779
1036	7007	277	6730
1037	7031	285	6746
1038	7037	276	6761
1039	6990	276	6714
1040	6984	277	6707
1041	6979	280	6699
1042	6991	284	6707
1043	6968	281	6687
1044	7002	278	6724
1045	6982	272	6710
1046	6959	266	6693
1047	6943	275	6668
1048	6961	282	6679
1049	6964	288	6676
1050	6938	277	6661
1051	6923	278	6645
1052	6920	286	6634
1053	6947	283	6664
1054	6954	285	6669
1055	6913	285	6628
1056	6924	278	6646
1057	6931	281	6650
1058	6908	277	6631
1059	6898	286	6612
1060	6877	284	6593
1061	6878	273	6605
1062	6862	278	6584
1063	6829	288	6541
1064	6824	279	6545
1065	6837	276	6561
1066	6832	276	6556
1067	6856	275	6581
1068	6865	272	6593
1069	6857	290	6567
1070	6837	288	6549
1071	6857	278	6579
1072	6829	287	6542
1073	6804	289	6515
1074	6809	284	6525
1075	6791	290	6501
1076	6810	284	6526
1077	6817	279	6538
1078	6783	278	6505
1079	6770	281	6489
1080	6781	286	6495
1081	6775	285	6490
1082	6778	274	6504
1083	6776	273	6503
1084	6765	274	6491
1085	6749	286	6463
1086	6761	288	6473
1087	6777	282	6495
1088	6786	282	6504
1089	6747	282	6465
1090	6734	280	6454
1091	6763	279	6484
1092	6759	274	6485
1093	6733	274	6459
1094	6742	276	6466
1095	6727	288	6439
1096	6750	290	6460
1097	6794	275	6519
1098	6776	280	6496
1099	6748	276	6472
1100	6775	273	6502
1101	6770	279	6491
1102	6770	282	6488
1103	6748	288	6460
1104	6769	294	6475
1105	6756	286	6470
1106	6727	283	6444
1107	6753	282	6471
1108	6744	284	6460
1109	6753	286	6467
1110	6770	288	6482
1111	6770	282	6488
1112	6750	288	6462
1113	6760	284	6476
1114	6766	282	6484
1115	6804	282	6522
1116	6772	276	6496
1117	6770	272	6498
1118	6776	271	6505
1119	6803	284	6519
1120	6802	285	6517
1121	6814	283	6531
1122	6837	288	6549
1123	6855	291	6564
1124	6840	271	6569
1125	6826	274	6552
1126	6862	280	6582
1127	6837	281	6556
1128	6869	271	6598
1129	6893	272	6621
1130	6913	273	6640
1131	6924	284	6640
1132	6922	284	6638
1133	6924	281	6643
1134	6930	277	6653
1135	6940	278	6662
1136	6965	279	6686
1137	6992	271	6721
1138	7003	275	6728
1139	6998	289	6709
1140	7001	285	6716
1141	6989	284	6705
1142	6998	277	6721
1143	7012	276	6736
1144	7040	285	6755
1145	7068	283	6785
1146	7083	274	6809
1147	7084	276	6808
1148	7098	276	6822
1149	7132	279	6853
1150	7116	274	6842
1151	7122	278	6844
1152	7156	287	6869
1153	7169	282	6887
1154	7177	281	6896
1155	7187	286	6901
1156	7212	280	6932
1157	7211	278	6933
1158	7238	278	6960
1159	7234	282	6952
1160	7240	298	6942
1161	7271	297	6974
1162	7269	283	6986
1163	7279	281	6998
1164	7266	277	6989
1165	7325	277	7048
1166	7346	270	7076
1167	7395	278	7117
1168	7444	281	7163
1169	7420	290	7130
1170	7456	285	7171
1171	7479	283	7196
1172	7497	283	7214
1173	7497	275	7222
1174	7533	281	7252
1175	7551	281	7270
1176	7578	277	7301
1177	7620	274	7346
1178	7620	279	7341
1179	7627	284	7343
1180	7632	275	7357
1181	7682	280	7402
1182	7718	272	7446
1183	7737	275	7462
1184	7754	278	7476
1185	7766	272	7494
1186	7787	266	7521
1187	7824	281	7543
1188	7846	280	7566
1189	7895	277	7618
1190	7938	284	7654
1191	7972	278	7694
1192	7954	276	7678
1193	7940	278	7662
1194	8032	285	7747
1195	8084	282	7802
1196	8076	275	7801
1197	8089	285	7804
1198	8120	275	7845
1199	8120	280	7840
1200	8120	288	7832
1201	8192	279	7913
1202	8235	277	7958
1203	8283	281	8002
1204	8327	280	8047
1205	8298	291	8007
1206	8317	284	8033
1207	8379	283	8096
1208	8402	279	8123
1209	8446	282	8164
1210	8447	279	8168
1211	8447	279	8168
1212	8502	272	8230
1213	8544	264	8280
1214	8578	268	8310
1215	8583	274	8309
1216	8605	274	8331
1217	8641	282	8359
1218	8684	266	8418
1219	8700	287	8413
1220	8706	269	8437
1221	8745	274	8471
1222	8785	275	8510
1223	8874	284	8590
1224	8905	279	8626
1225	8869	282	8587
1226	8875	285	8590
1227	8914	289	8625
1228	8961	282	8679
1229	8999	272	8727
1230	8994	270	8724
1231	9013	270	8743
1232	9061	262	8799
1233	9089	273	8816
1234	9101	280	8821
1235	9109	281	8828
1236	9180	275	8905
1237	9201	281	8920
1238	9205	285	8920
1239	9227	277	8950
1240	9277	271	9006
1241	9316	278	9038
1242	9344	279	9065
1243	9369	282	9087
1244	9362	292	9070
1245	9403	291	9112
1246	9449	275	9174
1247	9466	270	9196
1248	9450	274	9176
1249	9504	284	9220
1250	9548	287	9261
1251	9552	283	9269
1252	9568	274	9294
1253	9630	279	9351
1254	9651	282	9369
1255	9644	280	9364
1256	9634	283	9351
1257	9655	284	9371
1258	9679	279	9400
1259	9688	276	9412
1260	9706	280	9426
1261	9747	277	9470
1262	9746	283	9463
1263	9806	286	9520
1264	9832	284	9548
1265	9826	286	9540
1266	9887	279	9608
1267	9890	280	9610
1268	9889	286	9603
1269	9903	280	9623
1270	9944	281	9663
1271	9948	277	9671
1272	9979	272	9707
1273	10014	281	9733
1274	10037	283	9754
1275	10037	273	9764
1276	10033	272	9761
1277	10032	280	9752
1278	10067	283	9784
1279	10033	280	9753
1280	10016	276	9740
1281	10052	275	9777
1282	10071	275	9796
1283	10121	281	9840
1284	10139	286	9853
1285	10137	277	9860
1286	10110	269	9841
1287	10128	279	9849
1288	10168	273	9895
1289	10194	276	9918
1290	10191	279	9912
1291	10213	284	9929
1292	10197	273	9924
1293	10209	273	9936
1294	10217	283	9934
1295	10248	277	9971
1296	10257	272	9985
1297	10260	273	9987
1298	10245	268	9977
1299	10243	281	9962
1300	10261	287	9974
1301	10271	279	9992
1302	10314	277	10037
1303	10310	281	10029
1304	10289	278	10011
1305	10282	267	10015
1306	10319	270	10049
1307	10290	281	10009
1308	10289	279	10010
1309	10303	276	10027
1310	10310	280	10030
1311	10330	273	10057
1312	10305	281	10024
1313	10315	290	10025
1314	10274	276	9998
1315	10233	273	9960
1316	10244	277	9967
1317	10258	277	9981
1318	10296	274	10022
1319	10321	279	10042
1320	10322	274	10048
1321	10292	282	10010
1322	10247	278	9969
1323	10263	281	9982
1324	10262	280	9982
1325	10269	271	9998
1326	10261	273	9988
1327	10240	280	9960
1328	10242	273	9969
1329	10266	276	9990
1330	10280	278	10002
1331	10244	280	9964
1332	10222	280	9942
1333	10217	281	9936
1334	10230	278	9952
1335	10232	280	9952
1336	10231	272	9959
1337	10200	274	9926
1338	10173	271	9902
1339	10171	272	9899
1340	10161	283	9878
1341	10136	279	9857
1342	10122	268	9854
1343	10109	275	9834
1344	10080	275	9805
1345	10103	274	9829
1346	10056	272	9784
1347	10046	273	9773
1348	10053	270	9783
1349	10028	279	9749
1350	10028	275	9753
1351	10014	271	9743
1352	9990	271	9719
1353	9944	278	9666
1354	9928	273	9655
1355	9941	271	9670
1356	9930	273	9657
1357	9887	271	9616
1358	9859	276	9583
1359	9869	276	9593
1360	9791	275	9516
1361	9767	280	9487
1362	9812	273	9539
1363	9778	271	9507
1364	9719	284	9435
1365	9730	279	9451
1366	9699	269	9430
1367	9664	273	9391
1368	9650	278	9372
1369	9642	279	9363
1370	9648	270	9378
1371	9607	276	9331
1372	9553	280	9273
1373	9522	282	9240
1374	9521	285	9236
1375	9502	287	9215
1376	9512	287	9225
1377	9503	281	9222
1378	9483	276	9207
1379	9491	280	9211
1380	9456	286	9170
1381	9445	279	9166
1382	9437	281	9156
1383	9388	282	9106
1384	9379	272	9107
1385	9401	274	9127
1386	9412	273	9139
1387	9383	266	9117
1388	9366	278	9088
1389	9372	280	9092
1390	9353	268	9085
1391	9328	281	9047
1392	9305	276	9029
1393	9292	277	9015
1394	9311	284	9027
1395	9306	278	9028
1396	9250	278	8972
1397	9262	282	8980
1398	9262	283	8979
1399	9217	278	8939
1400	9218	272	8946
1401	9211	271	8940
1402	9149	268	8881
1403	9130	272	8858
1404	9094	277	8817
1405	9059	281	8778
1406	9079	269	8810
1407	9052	280	8772
1408	9015	282	8733
1409	9003	272	8731
1410	8961	265	8696
1411	8935	271	8664
1412	8887	271	8616
1413	8870	285	8585
1414	8848	293	8555
1415	8865	283	8582
1416	8869	269	8600
1417	8840	266	8574
1418	8848	266	8582
1419	8850	273	8577
1420	8832	276	8556
1421	8800	275	8525
1422	8847	272	8575
1423	8819	277	8542
1424	8812	274	8538
1425	8800	278	8522
1426	8788	286	8502
1427	8804	285	8519
1428	8794	280	8514
1429	8737	273	8464
1430	8739	275	8464
1431	8738	278	8460
1432	8751	273	8478
1433	8783	275	8508
1434	8751	270	8481
1435	8734	271	8463
1436	8767	276	8491
1437	8775	280	8495
1438	8750	276	8474
1439	8737	280	8457
1440	8788	276	8512
1441	8731	266	8465
1442	8730	270	8460
1443	8718	276	8442
1444	8687	280	8407
1445	8693	278	8415
1446	8707	270	8437
1447	8710	276	8434
1448	8671	276	8395
1449	8625	279	8346
1450	8636	282	8354
1451	8640	281	8359
1452	8608	281	8327
1453	8592	284	8308
1454	8617	285	8332
1455	8662	284	8378
1456	8642	286	8356
1457	8644	275	8369
1458	8601	272	8329
1459	8601	288	8313
1460	8609	277	8332
1461	8610	276	8334
1462	8642	286	8356
1463	8630	287	8343
1464	8621	276	8345
1465	8637	275	8362
1466	8616	283	8333
1467	8605	278	8327
1468	8638	262	8376
1469	8654	278	8376
1470	8624	272	8352
1471	8645	283	8362
1472	8670	272	8398
1473	8627	278	8349
1474	8622	280	8342
1475	8605	279	8326
1476	8621	282	8339
1477	8630	278	8352
1478	8649	276	8373
1479	8664	277	8387
1480	8675	276	8399
1481	8697	277	8420
1482	8659	290	8369
1483	8611	286	8325
1484	8656	281	8375
1485	8683	283	8400
1486	8722	283	8439
1487	8740	287	8453
1488	8703	274	8429
1489	8714	267	8447
1490	8747	267	8480
1491	8745	283	8462
1492	8734	282	8452
1493	8758	281	8477
1494	8764	286	8478
1495	8756	275	8481
1496	8779	270	8509
1497	8825	272	8553
1498	8829	286	8543
1499	8807	296	8511
1500	8819	278	8541
1501	8781	274	8507
1502	8780	272	8508
1503	8796	270	8526
1504	8847	279	8568
1505	8848	278	8570
1506	8878	265	8613
1507	8892	270	8622
1508	8882	282	8600
1509	8913	292	8621
1510	8925	288	8637
1511	8958	279	8679
1512	8960	278	8682
1513	8954	286	8668
1514	9008	288	8720
1515	9039	286	8753
1516	9027	284	8743
1517	9053	276	8777
1518	9077	282	8795
1519	9125	289	8836
1520	9123	283	8840
1521	9145	278	8867
1522	9126	273	8853
1523	9108	275	8833
1524	9134	278	8856
1525	9194	280	8914
1526	9208	280	8928
1527	9218	284	8934
1528	9266	287	8979
1529	9308	287	9021
1530	9340	283	9057
1531	9391	281	9110
1532	9371	275	9096
1533	9328	281	9047
1534	9360	282	9078
1535	9406	281	9125
1536	9424	278	9146
1537	9434	278	9156
1538	9463	280	9183
1539	9478	278	9200
1540	9491	278	9213
1541	9524	277	9247
1542	9561	276	9285
1543	9584	285	9299
1544	9622	291	9331
1545	9620	279	9341
1546	9634	274	9360
1547	9667	280	9387
1548	9664	272	9392
1549	9676	270	9406
1550	9748	267	9481
1551	9765	269	9496
1552	9777	270	9507
1553	9828	271	9557
1554	9842	270	9572
1555	9896	270	9626
1556	9932	272	9660
1557	9929	279	9650
1558	9902	277	9625
1559	9942	277	9665
1560	9986	275	9711
1561	10015	281	9734
1562	10067	280	9787
1563	10069	283	9786
1564	10091	282	9809
1565	10121	274	9847
1566	10142	276	9866
1567	10171	278	9893
1568	10169	279	9890
1569	10242	280	9962
1570	10280	288	9992
1571	10269	291	9978
1572	10284	288	9996
1573	10269	284	9985
1574	10292	285	10007
1575	10311	282	10029
1576	10294	282	10012
1577	10330	290	10040
1578	10418	293	10125
1579	10398	292	10106
1580	10408	280	10128
1581	10464	280	10184
1582	10507	288	10219
1583	10517	286	10231
1584	10550	275	10275
1585	10566	276	10290
1586	10581	275	10306
1587	10593	279	10314
1588	10599	282	10317
1589	10662	277	10385
1590	10681	273	10408
1591	10701	282	10419
1592	10740	285	10455
1593	10722	272	10450
1594	10767	270	10497
1595	10835	278	10557
1596	10887	280	10607
1597	10881	283	10598
1598	10846	273	10573
1599	10867	281	10586
1600	10910	282	10628
1601	10969	277	10692
1602	10949	284	10665
1603	10948	284	10664
1604	11026	276	10750
1605	11066	278	10788
1606	11015	284	10731
1607	11056	285	10771
1608	11105	280	10825
1609	11152	282	10870
1610	11200	277	10923
1611	11200	295	10905
1612	11195	291	10904
1613	11183	291	10892
1614	11205	288	10917
1615	11274	288	10986
1616	11262	278	10984
1617	11280	283	10997
1618	11309	291	11018
1619	11317	288	11029
1620	11373	280	11093
1621	11401	287	11114
1622	11401	285	11116
1623	11416	287	11129
1624	11401	290	11111
1625	11456	289	11167
1626	11497	280	11217
1627	11516	274	11242
1628	11583	277	11306
1629	11581	282	11299
1630	11577	280	11297
1631	11606	285	11321
1632	11667	283	11384
1633	11708	283	11425
1634	11743	282	11461
1635	11737	280	11457
1636	11785	276	11509
1637	11806	281	11525
1638	11838	286	11552
1639	11889	279	11610
1640	11887	277	11610
1641	11872	290	11582
1642	11870	282	11588
1643	11897	276	11621
1644	11943	277	11666
1645	11938	284	11654
1646	11989	289	11700
1647	12028	285	11743
1648	12062	287	11775
1649	12121	280	11841
1650	12114	276	11838
1651	12098	282	11816
1652	12152	285	11867
1653	12151	282	11869
1654	12201	279	11922
1655	12187	285	11902
1656	12197	278	11919
1657	12193	282	11911
1658	12242	281	11961
1659	12288	285	12003
1660	12284	291	11993
1661	12259	286	11973
1662	12264	282	11982
1663	12288	282	12006
1664	12291	273	12018
1665	12322	278	12044
1666	12339	282	12057
1667	12368	277	12091
1668	12393	279	12114
1669	12448	289	12159
1670	12489	280	12209
1671	12520	273	12247
1672	12537	282	12255
1673	12537	287	12250
1674	12594	279	12315
1675	12600	286	12314
1676	12566	280	12286
1677	12598	284	12314
1678	12630	279	12351
1679	12623	277	12346
1680	12640	281	12359
1681	12654	274	12380
1682	12644	267	12377
1683	12670	274	12396
1684	12674	286	12388
1685	12699	288	12411
1686	12707	283	12424
1687	12715	281	12434
1688	12724	294	12430
1689	12697	299	12398
1690	12713	294	12419
1691	12776	277	12499
1692	12798	274	12524
1693	12795	281	12514
1694	12834	272	12562
1695	12881	271	12610
1696	12854	278	12576
1697	12846	286	12560
1698	12832	278	12554
1699	12844	274	12570
1700	12910	274	12636
1701	12935	285	12650
1702	12958	283	12675
1703	12991	284	12707
1704	12953	283	12670
1705	12905	277	12628
1706	12906	281	12625
1707	12894	277	12617
1708	12905	282	12623
1709	12908	291	12617
1710	12833	284	12549
1711	12784	286	12498
1712	12792	282	12510
1713	12776	279	12497
1714	12797	284	12513
1715	12806	276	12530
1716	12835	275	12560
1717	12844	284	12560
1718	12865	268	12597
1719	12876	298	12578
1720	12889	286	12603
1721	12938	274	12664
1722	12978	281	12697
1723	12976	285	12691
1724	12983	286	12697
1725	13011	283	12728
1726	13016	274	12742
1727	12988	268	12720
1728	12993	277	12716
1729	12987	276	12711
1730	12927	277	12650
1731	12967	282	12685
1732	13004	279	12725
1733	12963	279	12684
1734	12910	287	12623
1735	12938	285	12653
1736	12935	272	12663
1737	12889	272	12617
1738	12892	280	12612
1739	12845	286	12559
1740	12827	281	12546
1741	12837	278	12559
1742	12788	277	12511
1743	12761	273	12488
1744	12784	272	12512
1745	12758	276	12482
1746	12741	274	12467
1747	12733	272	12461
1748	12703	274	12429
1749	12715	283	12432
1750	12700	281	12419
1751	12717	280	12437
1752	12761	277	12484
1753	12694	281	12413
1754	12641	279	12362
1755	12649	278	12371
1756	12666	281	12385
1757	12655	275	12380
1758	12560	276	12284
1759	12513	278	12235
1760	12517	284	12233
1761	12519	287	12232
1762	12495	282	12213
1763	12449	289	12160
1764	12412	284	12128
1765	12382	280	12102
1766	12393	281	12112
1767	12390	280	12110
1768	12355	272	12083
1769	12315	272	12043
1770	12295	281	12014
1771	12286	289	11997
1772	12252	285	11967
1773	12221	284	11937
1774	12171	285	11886
1775	12176	280	11896
1776	12183	278	11905
1777	12144	287	11857
1778	12097	286	11811
1779	12085	286	11799
1780	12086	285	11801
1781	12004	286	11718
1782	12011	280	11731
1783	12010	279	11731
1784	11992	276	11716
1785	11945	276	11669
1786	11924	285	11639
1787	11903	289	11614
1788	11853	284	11569
1789	11820	277	11543
1790	11782	278	11504
1791	11769	281	11488
1792	11764	279	11485
1793	11751	279	11472
1794	11721	287	11434
1795	11705	285	11420
1796	11675	278	11397
1797	11621	286	11335
1798	11582	284	11298
1799	11573	281	11292
1800	11540	266	11274
1801	11491	272	11219
1802	11417	277	11140
1803	11413	275	11138
1804	11379	274	11105
1805	11309	281	11028
1806	11291	278	11013
1807	11274	275	10999
1808	11217	267	10950
1809	11208	272	10936
1810	11203	278	10925
1811	11156	277	10879
1812	11087	282	10805
1813	11025	290	10735
1814	10973	293	10680
1815	10939	292	10647
1816	10956	282	10674
1817	10959	283	10676
1818	10943	285	10658
1819	10931	273	10658
1820	10906	273	10633
1821	10878	283	10595
1822	10840	278	10562
1823	10790	278	10512
1824	10754	286	10468
1825	10756	281	10475
1826	10724	276	10448
1827	10717	276	10441
1828	10711	282	10429
1829	10670	284	10386
1830	10643	277	10366
1831	10615	283	10332
1832	10592	283	10309
1833	10598	277	10321
1834	10594	270	10324
1835	10548	278	10270
1836	10534	285	10249
1837	10512	271	10241
1838	10518	269	10249
1839	10493	278	10215
1840	10447	285	10162
1841	10416	285	10131
1842	10417	277	10140
1843	10415	278	10137
1844	10362	275	10087
1845	10357	275	10082
1846	10325	276	10049
1847	10296	277	10019
1848	10300	270	10030
1849	10271	270	10001
1850	10256	272	9984
1851	10213	277	9936
1852	10182	286	9896
1853	10180	283	9897
1854	10198	276	9922
1855	10215	273	9942
1856	10193	269	9924
1857	10114	270	9844
1858	10115	282	9833
1859	10123	280	9843
1860	10124	272	9852
1861	10077	276	9801
1862	10067	282	9785
1863	10073	283	9790
1864	10073	276	9797
1865	10075	274	9801
1866	10051	274	9777
1867	10024	280	9744
1868	10028	280	9748
1869	9997	282	9715
1870	9980	277	9703
1871	9977	271	9706
1872	9925	277	9648
1873	9911	285	9626
1874	9906	282	9624
1875	9878	279	9599
1876	9864	275	9589
1877	9818	288	9530
1878	9807	288	9519
1879	9804	280	9524
1880	9775	275	9500
1881	9758	275	9483
1882	9792	279	9513
1883	9754	281	9473
1884	9703	280	9423
1885	9714	279	9435
1886	9740	284	9456
1887	9689	288	9401
1888	9670	283	9387
1889	9688	280	9408
1890	9643	274	9369
1891	9607	281	9326
1892	9577	286	9291
1893	9587	289	9298
1894	9587	287	9300
1895	9595	280	9315
1896	9602	271	9331
1897	9556	277	9279
1898	9555	273	9282
1899	9580	271	9309
1900	9540	272	9268
1901	9508	270	9238
1902	9497	282	9215
1903	9496	290	9206
1904	9496	280	9216
1905	9531	287	9244
1906	9533	290	9243
1907	9541	276	9265
1908	9505	281	9224
1909	9494	282	9212
1910	9492	283	9209
1911	9538	284	9254
1912	9499	283	9216
1913	9483	286	9197
1914	9453	280	9173
1915	9414	276	9138
1916	9459	278	9181
1917	9430	283	9147
1918	9368	286	9082
1919	9381	287	9094
1920	9362	280	9082
1921	9326	280	9046
1922	9287	274	9013
1923	9250	278	8972
1924	9257	283	8974
1925	9221	284	8937
1926	9212	284	8928
1927	9209	285	8924
1928	9222	278	8944
1929	9244	273	8971
1930	9226	282	8944
1931	9231	281	8950
1932	9225	277	8948
1933	9250	282	8968
1934	9264	287	8977
1935	9244	284	8960
1936	9270	279	8991
1937	9277	276	9001
1938	9260	287	8973
1939	9246	290	8956
1940	9243	277	8966
1941	9232	282	8950
1942	9258	294	8964
1943	9322	285	9037
1944	9315	275	9040
1945	9296	279	9017
1946	9274	276	8998
1947	9278	278	9000
1948	9270	279	8991
1949	9284	290	8994
1950	9300	285	9015
1951	9286	269	9017
1952	9277	266	9011
1953	9271	279	8992
1954	9263	289	8974
1955	9239	286	8953
1956	9229	277	8952
1957	9262	276	8986
1958	9316	279	9037
1959	9288	283	9005
1960	9253	279	8974
1961	9261	270	8991
1962	9292	274	9018
1963	9293	281	9012
1964	9268	283	8985
1965	9266	280	8986
1966	9269	280	8989
1967	9237	285	8952
1968	9236	271	8965
1969	9218	291	8927
1970	9225	274	8951
1971	9262	270	8992
1972	9232	272	8960
1973	9258	276	8982
1974	9284	278	9006
1975	9289	283	9006
1976	9275	285	8990
1977	9264	277	8987
1978	9301	282	9019
1979	9295	281	9014
1980	9277	284	8993
1981	9300	289	9011
1982	9325	286	9039
1983	9298	286	9012
1984	9341	280	9061
1985	9368	275	9093
1986	9383	278	9105
1987	9360	287	9073
1988	9371	279	9092
1989	9422	284	9138
1990	9444	291	9153
1991	9416	285	9131
1992	9441	276	9165
1993	9481	272	9209
1994	9498	274	9224
1995	9458	281	9177
1996	9475	282	9193
1997	9494	279	9215
1998	9512	280	9232
1999	9542	281	9261
2000	9521	282	9239
2001	9557	281	9276
2002	9611	280	9331
2003	9635	282	9353
2004	9632	281	9351
2005	9640	284	9356
2006	9666	283	9383
2007	9680	281	9399
2008	9653	279	9374
2009	9684	281	9403
2010	9711	274	9437
2011	9679	277	9402
2012	9687	281	9406
2013	9702	280	9422
2014	9700	278	9422
2015	9661	279	9382
2016	9713	284	9429
2017	9723	289	9434
2018	9704	281	9423
2019	9685	275	9410
2020	9710	280	9430
2021	9687	284	9403
2022	9651	280	9371
2023	9650	270	9380
2024	9620	267	9353
2025	9618	270	9348
2026	9632	270	9362
2027	9630	281	9349
2028	9620	288	9332
2029	9609	277	9332
2030	9581	272	9309
2031	9590	288	9302
2032	9569	289	9280
2033	9574	290	9284
2034	9602	279	9323
2035	9609	275	9334
2036	9570	285	9285
2037	9537	285	9252
2038	9545	279	9266
2039	9506	288	9218
2040	9512	288	9224
2041	9493	283	9210
2042	9527	280	9247
2043	9517	279	9238
2044	9508	280	9228
2045	9519	279	9240
2046	9507	276	9231
2047	9525	277	9248
2048	9551	278	9273
2049	9529	279	9250
2050	9533	280	9253
2051	9545	283	9262
2052	9538	283	9255
2053	9529	291	9238
2054	9533	280	9253
2055	9548	283	9265
2056	9533	280	9253
2057	9524	277	9247
2058	9525	278	9247
2059	9536	278	9258
2060	9583	274	9309
2061	9589	285	9304
2062	9561	285	9276
2063	9545	281	9264
2064	9566	272	9294
2065	9572	266	9306
2066	9572	274	9298
2067	9556	283	9273
2068	9554	290	9264
2069	9573	285	9288
2070	9592	280	9312
2071	9582	279	9303
2072	9598	284	9314
2073	9540	291	9249
2074	9570	286	9284
2075	9572	286	9286
2076	9594	288	9306
2077	9576	285	9291
2078	9557	284	9273
2079	9606	283	9323
2080	9621	271	9350
2081	9630	279	9351
2082	9662	288	9374
2083	9642	283	9359
2084	9635	275	9360
2085	9635	284	9351
2086	9630	285	9345
2087	9623	278	9345
2088	9598	265	9333
2089	9633	277	9356
2090	9661	281	9380
2091	9623	277	9346
2092	9593	269	9324
2093	9597	276	9321
2094	9572	282	9290
2095	9579	284	9295
2096	9632	285	9347
2097	9638	280	9358
2098	9644	278	9366
2099	9589	285	9304
2100	9590	285	9305
2101	9606	278	9328
2102	9601	276	9325
2103	9580	278	9302
2104	9584	274	9310
2105	9600	284	9316
2106	9586	281	9305
2107	9607	278	9329
2108	9608	274	9334
2109	9625	269	9356
2110	9634	272	9362
2111	9588	274	9314
2112	9608	283	9325
2113	9539	279	9260
2114	9541	278	9263
2115	9509	274	9235
2116	9525	274	9251
2117	9524	276	9248
2118	9542	282	9260
2119	9541	278	9263
2120	9499	281	9218
2121	9485	281	9204
2122	9496	280	9216
2123	9483	291	9192
2124	9429	286	9143
2125	9474	272	9202
2126	9507	272	9235
2127	9525	280	9245
2128	9499	278	9221
2129	9504	276	9228
2130	9520	274	9246
2131	9539	280	9259
2132	9500	274	9226
2133	9500	279	9221
2134	9488	279	9209
2135	9470	278	9192
2136	9490	281	9209
2137	9455	283	9172
2138	9460	281	9179
2139	9460	279	9181
2140	9433	282	9151
2141	9425	275	9150
2142	9449	273	9176
2143	9451	277	9174
2144	9447	277	9170
2145	9443	280	9163
2146	9427	276	9151
2147	9428	278	9150
2148	9416	279	9137
2149	9437	282	9155
2150	9428	287	9141
2151	9407	284	9123
2152	9393	274	9119
2153	9387	274	9113
2154	9386	279	9107
2155	9370	288	9082
2156	9357	279	9078
2157	9349	278	9071
2158	9320	295	9025
2159	9345	281	9064
2160	9327	272	9055
2161	9280	277	9003
2162	9290	273	9017
2163	9319	278	9041
2164	9265	283	8982
2165	9231	287	8944
2166	9246	281	8965
2167	9279	277	9002
2168	9274	280	8994
2169	9233	277	8956
2170	9220	285	8935
2171	9213	282	8931
2172	9186	284	8902
2173	9231	277	8954
2174	9182	280	8902
2175	9138	281	8857
2176	9155	273	8882
2177	9136	272	8864
2178	9135	284	8851
2179	9136	280	8856
2180	9109	274	8835
2181	9084	276	8808
2182	9071	285	8786
2183	9083	289	8794
2184	9104	280	8824
2185	9052	280	8772
2186	9022	281	8741
2187	9011	278	8733
2188	9015	273	8742
2189	8989	278	8711
2190	9020	282	8738
2191	8999	285	8714
2192	8949	281	8668
2193	8932	277	8655
2194	8912	282	8630
2195	8936	281	8655
2196	8967	279	8688
2197	8913	281	8632
2198	8880	274	8606
2199	8861	270	8591
2200	8858	274	8584
2201	8823	285	8538
2202	8818	285	8533
2203	8811	284	8527
2204	8787	280	8507
2205	8771	277	8494
2206	8761	278	8483
2207	8736	278	8458
2208	8683	278	8405
2209	8667	277	8390
2210	8671	278	8393
2211	8682	286	8396
2212	8692	275	8417
2213	8661	274	8387
2214	8647	279	8368
2215	8628	278	8350
2216	8635	280	8355
2217	8574	280	8294
2218	8551	264	8287
2219	8571	288	8283
2220	8555	280	8275
2221	8511	281	8230
2222	8491	273	8218
2223	8506	279	8227
2224	8466	280	8186
2225	8446	271	8175
2226	8387	280	8107
2227	8356	283	8073
2228	8393	280	8113
2229	8405	276	8129
2230	8348	276	8072
2231	8317	276	8041
2232	8296	277	8019
2233	8273	273	8000
2234	8240	278	7962
2235	8239	287	7952
2236	8233	287	7946
2237	8176	292	7884
2238	8145	283	7862
2239	8129	280	7849
2240	8088	281	7807
2241	8075	290	7785
2242	8020	288	7732
2243	7964	276	7688
2244	7967	275	7692
2245	7968	277	7691
2246	7899	279	7620
2247	7900	280	7620
2248	7861	275	7586
2249	7829	283	7546
2250	7845	285	7560
2251	7812	274	7538
2252	7755	269	7486
2253	7749	275	7474
2254	7775	270	7505
2255	7734	269	7465
2256	7685	279	7406
2257	7686	281	7405
2258	7675	280	7395
2259	7643	276	7367
2260	7627	283	7344
2261	7573	277	7296
2262	7573	274	7299
2263	7563	292	7271
2264	7540	285	7255
2265	7483	283	7200
2266	7488	270	7218
2267	7462	274	7188
2268	7430	281	7149
2269	7425	273	7152
2270	7382	270	7112
2271	7349	273	7076
2272	7339	282	7057
2273	7314	285	7029
2274	7296	280	7016
2275	7300	283	7017
2276	7261	287	6974
2277	7206	287	6919
2278	7197	285	6912
2279	7175	272	6903
2280	7189	275	6914
2281	7178	275	6903
2282	7149	281	6868
2283	7116	285	6831
2284	7116	282	6834
2285	7118	287	6831
2286	7100	285	6815
2287	7070	279	6791
2288	7046	286	6760
2289	7002	282	6720
2290	6996	275	6721
2291	7009	274	6735
2292	7008	283	6725
2293	6976	285	6691
2294	6953	284	6669
2295	6937	296	6641
2296	6924	288	6636
2297	6881	280	6601
2298	6865	279	6586
2299	6875	286	6589
2300	6864	277	6587
2301	6817	275	6542
2302	6837	274	6563
2303	6843	283	6560
2304	6822	282	6540
2305	6814	278	6536
2306	6784	288	6496
2307	6763	289	6474
2308	6736	280	6456
2309	6726	279	6447
2310	6712	288	6424
2311	6696	280	6416
2312	6672	270	6402
2313	6692	275	6417
2314	6619	275	6344
2315	6591	281	6310
2316	6611	281	6330
2317	6596	286	6310
2318	6584	283	6301
2319	6578	286	6292
2320	6526	284	6242
2321	6503	278	6225
2322	6516	271	6245
2323	6468	276	6192
2324	6442	277	6165
2325	6425	278	6147
2326	6397	277	6120
2327	6390	267	6123
2328	6399	271	6128
2329	6365	281	6084
2330	6352	279	6073
2331	6355	279	6076
2332	6350	280	6070
2333	6324	275	6049
2334	6285	270	6015
2335	6260	275	5985
2336	6263	274	5989
2337	6259	272	5987
2338	6229	275	5954
2339	6225	276	5949
2340	6203	277	5926
2341	6200	281	5919
2342	6195	287	5908
2343	6217	278	5939
2344	6209	277	5932
2345	6158	279	5879
2346	6168	271	5897
2347	6157	277	5880
2348	6139	276	5863
2349	6157	281	5876
2350	6127	279	5848
2351	6102	279	5823
2352	6086	283	5803
2353	6082	281	5801
2354	6116	269	5847
2355	6072	271	5801
2356	6017	281	5736
2357	6018	283	5735
2358	5998	283	5715
2359	5973	280	5693
2360	5983	271	5712
2361	5955	270	5685
2362	5936	268	5668
2363	5921	271	5650
2364	5916	271	5645
2365	5921	280	5641
2366	5923	283	5640
2367	5920	269	5651
2368	5897	271	5626
2369	5894	279	5615
2370	5889	267	5622
2371	5893	270	5623
2372	5898	275	5623
2373	5898	282	5616
2374	5913	289	5624
2375	5882	274	5608
2376	5804	275	5529
2377	5810	287	5523
2378	5832	290	5542
2379	5828	285	5543
2380	5815	276	5539
2381	5813	282	5531
2382	5823	278	5545
2383	5807	275	5532
2384	5792	277	5515
2385	5774	282	5492
2386	5752	280	5472
2387	5776	275	5501
2388	5760	275	5485
2389	5694	276	5418
2390	5681	276	5405
2391	5678	280	5398
2392	5687	278	5409
2393	5678	272	5406
2394	5661	276	5385
2395	5683	288	5395
2396	5637	287	5350
2397	5609	287	5322
2398	5631	283	5348
2399	5632	272	5360
2400	5649	269	5380
2401	5627	275	5352
2402	5596	277	5319
2403	5597	282	5315
2404	5589	285	5304
2405	5563	290	5273
2406	5543	285	5258
2407	5559	272	5287
2408	5558	268	5290
2409	5541	279	5262
2410	5528	281	5247
2411	5518	276	5242
2412	5509	270	5239
2413	5485	276	5209
2414	5496	282	5214
2415	5494	284	5210
2416	5484	280	5204
2417	5452	278	5174
2418	5466	280	5186
2419	5460	283	5177
2420	5430	286	5144
2421	5392	286	5106
2422	5385	277	5108
2423	5404	272	5132
2424	5416	267	5149
2425	5414	274	5140
2426	5410	277	5133
2427	5389	285	5104
2428	5385	285	5100
2429	5407	280	5127
2430	5398	275	5123
2431	5352	268	5084
2432	5305	265	5040
2433	5299	272	5027
2434	5314	276	5038
2435	5319	273	5046
2436	5305	281	5024
2437	5313	272	5041
2438	5322	262	5060
2439	5286	266	5020
2440	5274	279	4995
2441	5283	271	5012
2442	5289	270	5019
2443	5262	280	4982
2444	5237	274	4963
2445	5227	273	4954
2446	5258	276	4982
2447	5250	280	4970
2448	5217	283	4934
2449	5200	282	4918
2450	5192	283	4909
2451	5183	286	4897
2452	5177	285	4892
2453	5171	285	4886
2454	5170	290	4880
2455	5181	288	4893
2456	5163	283	4880
2457	5168	291	4877
2458	5158	281	4877
2459	5163	274	4889
2460	5131	284	4847
2461	5122	284	4838
2462	5120	286	4834
2463	5133	288	4845
2464	5116	278	4838
2465	5085	281	4804
2466	5110	282	4828
2467	5141	282	4859
2468	5105	267	4838
2469	5106	290	4816
2470	5090	277	4813
2471	5096	283	4813
2472	5083	286	4797
2473	5064	285	4779
2474	5058	276	4782
2475	5032	278	4754
2476	5044	276	4768
2477	5055	280	4775
2478	5014	282	4732
2479	5038	283	4755
2480	5041	286	4755
2481	5023	290	4733
2482	5021	280	4741
2483	5007	274	4733
2484	5006	274	4732
2485	5018	276	4742
2486	4995	282	4713
2487	4958	279	4679
2488	4990	276	4714
2489	4959	278	4681
2490	4934	272	4662
2491	4944	279	4665
2492	4960	278	4682
2493	4972	282	4690
2494	4956	283	4673
2495	4961	282	4679
2496	4955	285	4670
2497	4911	288	4623
2498	4906	271	4635
2499	4899	275	4624
2500	4915	270	4645
2501	4938	278	4660
2502	4905	282	4623
2503	4897	279	4618
2504	4915	284	4631
2505	4879	281	4598
2506	4856	276	4580
2507	4886	267	4619
2508	4912	274	4638
2509	4880	286	4594
2510	4874	273	4601
2511	4902	269	4633
2512	4867	267	4600
2513	4843	276	4567
2514	4847	276	4571
2515	4857	279	4578
2516	4867	276	4591
2517	4839	280	4559
2518	4835	288	4547
2519	4822	286	4536
2520	4808	268	4540
2521	4839	269	4570
2522	4835	276	4559
2523	4825	283	4542
2524	4816	290	4526
2525	4796	286	4510
2526	4800	279	4521
2527	4801	274	4527
2528	4800	270	4530
2529	4791	282	4509
2530	4782	277	4505
2531	4803	274	4529
2532	4779	282	4497
2533	4790	289	4501
2534	4804	282	4522
2535	4795	282	4513
2536	4819	276	4543
2537	4779	269	4510
2538	4782	280	4502
2539	4784	289	4495
2540	4755	285	4470
2541	4783	274	4509
2542	4817	270	4547
2543	4796	276	4520
2544	4785	276	4509
2545	4785	281	4504
2546	4823	281	4542
2547	4804	284	4520
2548	4784	279	4505
2549	4779	271	4508
2550	4755	275	4480
2551	4769	279	4490
2552	4792	276	4516
2553	4767	277	4490
2554	4737	280	4457
2555	4734	279	4455
2556	4712	282	4430
2557	4702	278	4424
2558	4721	273	4448
2559	4710	273	4437
2560	4683	283	4400
2561	4707	290	4417
2562	4726	281	4445
2563	4708	282	4426
2564	4701	283	4418
2565	4700	283	4417
2566	4715	283	4432
2567	4732	292	4440
2568	4733	292	4441
2569	4744	288	4456
2570	4748	273	4475
2571	4747	271	4476
2572	4732	279	4453
2573	4741	284	4457
2574	4741	277	4464
2575	4729	279	4450
2576	4738	275	4463
2577	4740	281	4459
2578	4756	282	4474
2579	4745	276	4469
2580	4719	269	4450
2581	4712	273	4439
2582	4703	274	4429
2583	4739	279	4460
2584	4732	280	4452
2585	4729	274	4455
2586	4736	273	4463
2587	4723	281	4442
2588	4734	281	4453
2589	4723	284	4439
2590	4706	283	4423
2591	4725	280	4445
2592	4734	281	4453
2593	4715	284	4431
2594	4691	279	4412
2595	4691	282	4409
2596	4658	273	4385
2597	4682	277	4405
2598	4716	279	4437
2599	4724	282	4442
2600	4701	277	4424
2601	4715	268	4447
2602	4714	277	4437
2603	4703	278	4425
2604	4739	282	4457
2605	4743	288	4455
2606	4719	281	4438
2607	4744	275	4469
2608	4704	272	4432
2609	4692	278	4414
2610	4679	281	4398
2611	4683	280	4403
2612	4717	273	4444
2613	4714	275	4439
2614	4684	281	4403
2615	4680	277	4403
2616	4697	280	4417
2617	4727	281	4446
2618	4707	277	4430
2619	4695	279	4416
2620	4712	284	4428
2621	4694	282	4412
2622	4670	280	4390
2623	4672	276	4396
2624	4684	274	4410
2625	4699	268	4431
2626	4713	278	4435
2627	4700	286	4414
2628	4686	281	4405
2629	4687	283	4404
2630	4666	281	4385
2631	4681	286	4395
2632	4675	282	4393
2633	4644	279	4365
2634	4634	283	4351
2635	4652	280	4372
2636	4645	279	4366
2637	4680	280	4400
2638	4663	274	4389
2639	4638	273	4365
2640	4648	265	4383
2641	4628	267	4361
2642	4668	267	4401
2643	4669	278	4391
2644	4651	283	4368
2645	4657	287	4370
2646	4661	286	4375
2647	4667	279	4388
2648	4661	279	4382
2649	4674	289	4385
2650	4692	278	4414
2651	4688	270	4418
2652	4650	276	4374
2653	4629	279	4350
2654	4666	283	4383
2655	4672	278	4394
2656	4696	277	4419
2657	4676	279	4397
2658	4669	284	4385
2659	4698	288	4410
2660	4669	277	4392
2661	4657	277	4380
2662	4667	282	4385
2663	4665	293	4372
2664	4654	294	4360
2665	4654	285	4369
2666	4648	276	4372
2667	4656	277	4379
2668	4668	282	4386
2669	4669	277	4392
2670	4651	273	4378
2671	4663	281	4382
2672	4650	288	4362
2673	4650	282	4368
2674	4692	274	4418
2675	4686	278	4408
2676	4664	278	4386
2677	4689	277	4412
2678	4668	279	4389
2679	4685	281	4404
2680	4698	280	4418
2681	4695	285	4410
2682	4708	286	4422
2683	4685	283	4402
2684	4710	279	4431
2685	4709	285	4424
2686	4702	281	4421
2687	4705	279	4426
2688	4704	275	4429
2689	4680	277	4403
2690	4661	273	4388
2691	4644	277	4367
2692	4661	281	4380
2693	4689	279	4410
2694	4688	284	4404
2695	4677	288	4389
2696	4658	289	4369
2697	4652	280	4372
2698	4667	283	4384
2699	4668	274	4394
2700	4674	266	4408
2701	4673	275	4398
2702	4665	287	4378
2703	4641	285	4356
2704	4636	275	4361
2705	4620	283	4337
2706	4621	280	4341
2707	4620	285	4335
2708	4649	290	4359
2709	4649	285	4364
2710	4662	287	4375
2711	4650	288	4362
2712	4624	281	4343
2713	4622	288	4334
2714	4681	289	4392
2715	4678	283	4395
2716	4674	277	4397
2717	4691	277	4414
2718	4672	263	4409
2719	4669	279	4390
2720	4691	274	4417
2721	4696	274	4422
2722	4710	273	4437
2723	4710	283	4427
2724	4707	272	4435
2725	4700	273	4427
2726	4696	281	4415
2727	4700	280	4420
2728	4701	277	4424
2729	4693	278	4415
2730	4701	285	4416
2731	4701	290	4411
2732	4712	290	4422
2733	4723	288	4435
2734	4680	284	4396
2735	4658	283	4375
2736	4682	291	4391
2737	4678	283	4395
2738	4688	280	4408
2739	4686	280	4406
2740	4681	273	4408
2741	4661	276	4385
2742	4675	276	4399
2743	4672	278	4394
2744	4665	276	4389
2745	4659	275	4384
2746	4681	278	4403
2747	4651	276	4375
2748	4629	275	4354
2749	4631	275	4356
2750	4651	286	4365
2751	4650	298	4352
2752	4648	282	4366
2753	4652	285	4367
2754	4648	287	4361
2755	4665	285	4380
2756	4666	290	4376
2757	4678	289	4389
2758	4675	272	4403
2759	4639	274	4365
2760	4608	284	4324
2761	4610	277	4333
2762	4624	283	4341
2763	4633	284	4349
2764	4626	274	4352
2765	4640	273	4367
2766	4622	277	4345
2767	4635	278	4357
2768	4648	277	4371
2769	4618	279	4339
2770	4634	278	4356
2771	4646	283	4363
2772	4640	281	4359
2773	4644	279	4365
2774	4644	277	4367
2775	4647	283	4364
2776	4639	277	4362
2777	4626	283	4343
2778	4642	285	4357
2779	4622	283	4339
2780	4625	281	4344
2781	4639	281	4358
2782	4624	274	4350
2783	4597	282	4315
2784	4600	285	4315
2785	4575	280	4295
2786	4569	285	4284
2787	4569	286	4283
2788	4578	277	4301
2789	4581	282	4299
2790	4571	287	4284
2791	4596	277	4319
2792	4596	272	4324
2793	4588	276	4312
2794	4574	277	4297
2795	4553	282	4271
2796	4544	283	4261
2797	4539	281	4258
2798	4542	281	4261
2799	4546	279	4267
2800	4558	281	4277
2801	4527	278	4249
2802	4537	276	4261
2803	4544	281	4263
2804	4540	287	4253
2805	4527	283	4244
2806	4523	285	4238
2807	4530	288	4242
2808	4509	279	4230
2809	4505	283	4222
2810	4524	283	4241
2811	4518	278	4240
2812	4530	274	4256
2813	4530	282	4248
2814	4520	291	4229
2815	4541	284	4257
2816	4500	264	4236
2817	4488	267	4221
2818	4511	284	4227
2819	4492	279	4213
2820	4491	278	4213
2821	4479	286	4193
2822	4490	288	4202
2823	4493	283	4210
2824	4460	270	4190
2825	4443	275	4168
2826	4475	284	4191
2827	4474	290	4184
2828	4497	284	4213
2829	4479	279	4200
2830	4453	274	4179
2831	4447	274	4173
2832	4464	276	4188
2833	4456	286	4170
2834	4432	282	4150
2835	4425	287	4138
2836	4440	285	4155
2837	4411	291	4120
2838	4408	285	4123
2839	4420	287	4133
2840	4415	292	4123
2841	4405	281	4124
2842	4395	273	4122
2843	4394	273	4121
2844	4396	274	4122
2845	4427	276	4151
2846	4391	272	4119
2847	4385	270	4115
2848	4359	270	4089
2849	4352	276	4076
2850	4358	289	4069
2851	4364	286	4078
2852	4359	274	4085
2853	4354	281	4073
2854	4343	282	4061
2855	4324	278	4046
2856	4337	279	4058
2857	4332	282	4050
2858	4338	282	4056
2859	4322	276	4046
2860	4320	274	4046
2861	4327	277	4050
2862	4321	277	4044
2863	4306	285	4021
2864	4296	283	4013
2865	4302	280	4022
2866	4312	283	4029
2867	4272	286	3986
2868	4268	288	3980
2869	4272	292	3980
2870	4277	286	3991
2871	4272	286	3986
2872	4252	272	3980
2873	4230	273	3957
2874	4235	279	3956
2875	4221	288	3933
2876	4220	279	3941
2877	4216	283	3933
2878	4209	277	3932
2879	4215	262	3953
2880	4204	272	3932
2881	4193	280	3913
2882	4192	292	3900
2883	4190	277	3913
2884	4204	268	3936
2885	4203	278	3925
2886	4205	282	3923
2887	4182	278	3904
2888	4186	278	3908
2889	4181	281	3900
2890	4148	275	3873
2891	4141	287	3854
2892	4133	289	3844
2893	4122	282	3840
2894	4120	278	3842
2895	4091	286	3805
2896	4042	289	3753
2897	4057	286	3771
2898	4067	277	3790
2899	4070	282	3788
2900	4033	292	3741
2901	4021	282	3739
2902	4025	280	3745
2903	4006	280	3726
2904	3999	274	3725
2905	3998	273	3725
2906	4000	272	3728
2907	3971	275	3696
2908	3970	277	3693
2909	3967	280	3687
2910	3970	280	3690
2911	3955	277	3678
2912	3942	278	3664
2913	3945	275	3670
2914	3957	275	3682
2915	3949	277	3672
2916	3948	285	3663
2917	3974	286	3688
2918	3940	280	3660
2919	3935	278	3657
2920	3940	279	3661
2921	3919	287	3632
2922	3931	273	3658
2923	3913	275	3638
2924	3886	273	3613
2925	3883	276	3607
2926	3883	281	3602
2927	3862	285	3577
2928	3861	282	3579
2929	3840	282	3558
2930	3834	280	3554
2931	3840	288	3552
2932	3822	280	3542
2933	3805	274	3531
2934	3778	284	3494
2935	3786	283	3503
2936	3775	279	3496
2937	3744	284	3460
2938	3737	287	3450
2939	3759	275	3484
2940	3770	277	3493
2941	3743	281	3462
2942	3739	273	3466
2943	3744	271	3473
2944	3736	276	3460
2945	3708	280	3428
2946	3692	280	3412
2947	3676	280	3396
2948	3673	275	3398
2949	3652	278	3374
2950	3660	273	3387
2951	3661	270	3391
2952	3652	277	3375
2953	3646	275	3371
2954	3619	273	3346
2955	3639	272	3367
2956	3626	280	3346
2957	3621	279	3342
2958	3621	271	3350
2959	3587	270	3317
2960	3572	279	3293
2961	3569	284	3285
2962	3565	273	3292
2963	3573	280	3293
2964	3564	289	3275
2965	3541	281	3260
2966	3574	279	3295
2967	3534	288	3246
2968	3479	276	3203
2969	3500	283	3217
2970	3516	271	3245
2971	3492	281	3211
2972	3463	287	3176
2973	3430	280	3150
2974	3457	276	3181
2975	3471	271	3200
2976	3452	276	3176
2977	3413	281	3132
2978	3399	267	3132
2979	3382	278	3104
2980	3364	278	3086
2981	3357	283	3074
2982	3372	285	3087
2983	3368	282	3086
2984	3347	279	3068
2985	3309	282	3027
2986	3320	283	3037
2987	3322	276	3046
2988	3319	261	3058
2989	3289	270	3019
2990	3293	271	3022
2991	3303	286	3017
2992	3273	282	2991
2993	3264	271	2993
2994	3272	269	3003
2995	3277	275	3002
2996	3246	278	2968
2997	3195	278	2917
2998	3184	281	2903
2999	3202	294	2908
3000	3221	288	2933
3001	3183	284	2899
3002	3165	285	2880
3003	3161	278	2883
3004	3156	282	2874
3005	3130	279	2851
3006	3123	278	2845
3007	3114	277	2837
3008	3113	276	2837
3009	3084	290	2794
3010	3094	271	2823
3011	3089	277	2812
3012	3082	280	2802
3013	3065	277	2788
3014	3060	277	2783
3015	3043	272	2771
3016	3004	274	2730
3017	3006	279	2727
3018	3003	275	2728
3019	2972	275	2697
3020	2971	283	2688
3021	2956	279	2677
3022	2957	276	2681
3023	2939	284	2655
3024	2930	286	2644
3025	2924	285	2639
3026	2921	279	2642
3027	2891	283	2608
3028	2884	283	2601
3029	2869	276	2593
3030	2847	273	2574
3031	2826	280	2546
3032	2813	274	2539
3033	2819	281	2538
3034	2806	281	2525
3035	2783	279	2504
3036	2779	287	2492
3037	2740	287	2453
3038	2736	278	2458
3039	2737	280	2457
3040	2710	283	2427
3041	2698	285	2413
3042	2685	278	2407
3043	2677	277	2400
3044	2667	282	2385
3045	2642	291	2351
3046	2630	285	2345
3047	2614	282	2332
3048	2595	287	2308
3049	2592	287	2305
3050	2598	282	2316
3051	2570	282	2288
3052	2553	278	2275
3053	2539	273	2266
3054	2533	285	2248
3055	2539	287	2252
3056	2512	274	2238
3057	2505	270	2235
3058	2493	264	2229
3059	2462	264	2198
3060	2434	270	2164
3061	2432	281	2151
3062	2414	281	2133
3063	2389	278	2111
3064	2386	282	2104
3065	2405	287	2118
3066	2400	285	2115
3067	2371	284	2087
3068	2362	275	2087
3069	2339	275	2064
3070	2309	278	2031
3071	2310	278	2032
3072	2296	274	2022
3073	2271	282	1989
3074	2277	288	1989
3075	2258	277	1981
3076	2252	281	1971
3077	2234	283	1951
3078	2209	287	1922
3079	2187	292	1895
3080	2171	285	1886
3081	2156	281	1875
3082	2145	278	1867
3083	2110	283	1827
3084	2099	278	1821
3085	2095	270	1825
3086	2076	282	1794
3087	2056	297	1759
3088	2056	288	1768
3089	2061	290	1771
3090	2046	279	1767
3091	2019	276	1743
3092	2015	279	1736
3093	1997	288	1709
3094	1978	287	1691
3095	1964	285	1679
3096	1959	289	1670
3097	1937	287	1650
3098	1913	274	1639
3099	1903	280	1623
3100	1882	281	1601
3101	1876	279	1597
3102	1861	274	1587
3103	1845	275	1570
3104	1830	278	1552
3105	1799	285	1514
3106	1785	284	1501
3107	1786	281	1505
3108	1787	275	1512
3109	1769	282	1487
3110	1732	277	1455
3111	1738	281	1457
3112	1736	278	1458
3113	1711	274	1437
3114	1703	283	1420
3115	1700	288	1412
3116	1700	282	1418
3117	1668	281	1387
3118	1643	278	1365
3119	1620	280	1340
3120	1605	278	1327
3121	1615	283	1332
3122	1598	287	1311
3123	1567	285	1282
3124	1564	278	1286
3125	1544	278	1266
3126	1537	278	1259
3127	1528	280	1248
3128	1533	270	1263
3129	1523	268	1255
3130	1507	275	1232
3131	1497	285	1212
3132	1481	278	1203
3133	1466	274	1192
3134	1439	271	1168
3135	1447	272	1175
3136	1440	279	1161
3137	1436	285	1151
3138	1414	281	1133
3139	1395	280	1115
3140	1389	291	1098
3141	1379	282	1097
3142	1369	275	1094
3143	1364	282	1082
3144	1333	281	1052
3145	1329	279	1050
3146	1311	284	1027
3147	1295	286	1009
3148	1296	279	1017
3149	1284	276	1008
3150	1279	282	997
3151	1271	286	985
3152	1257	284	973
3153	1242	286	956
3154	1242	288	954
3155	1230	278	952
3156	1210	282	928
3157	1216	284	932
3158	1211	281	930
3159	1190	281	909
3160	1183	282	901
3161	1158	282	876
3162	1144	273	871
3163	1126	282	844
3164	1112	280	832
3165	1103	278	825
3166	1092	282	810
3167	1094	283	811
3168	1094	284	810
3169	1065	283	782
3170	1064	283	781
3171	1054	281	773
3172	1040	284	756
3173	1036	278	758
3174	1030	281	749
3175	1020	286	734
3176	1019	286	733
3177	993	286	707
3178	985	289	696
3179	976	282	694
3180	972	285	687
3181	970	291	679
3182	963	282	681
3183	943	278	665
3184	939	277	662
3185	927	279	648
3186	917	276	641
3187	909	274	635
3188	911	277	634
3189	894	279	615
3190	888	274	614
3191	885	273	612
3192	878	277	601
3193	879	283	596
3194	861	278	583
3195	849	284	565
3196	847	286	561
3197	840	287	553
3198	828	282	546
3199	828	274	554
3200	829	281	548
3201	813	289	524
3202	800	278	522
3203	797	284	513
3204	794	287	507
3205	783	287	496
3206	761	283	478
3207	765	284	481
3208	763	279	484
3209	755	284	471
3210	738	279	459
3211	744	281	463
3212	740	288	452
3213	730	280	450
3214	728	277	451
3215	714	288	426
3216	718	275	443
3217	723	279	444
3218	710	277	433
3219	686	303	383
3220	696	285	411
3221	703	287	416
3222	701	295	406
3223	697	293	404
3224	690	281	409
3225	675	277	398
3226	681	285	396
3227	680	288	392
3228	673	283	390
3229	657	286	371
3230	656	279	377
3231	656	281	375
3232	658	285	373
3233	655	279	376
3234	648	282	366
3235	649	288	361
3236	645	288	357
3237	631	274	357
3238	611	274	337
3239	623	274	349
3240	634	280	354
3241	629	284	345
3242	613	281	332
3243	606	277	329
3244	603	278	325
3245	594	286	308
3246	592	283	309
3247	596	279	317
3248	597	282	315
3249	593	279	314
3250	587	278	309
3251	582	291	291
3252	582	292	290
3253	578	285	293
3254	571	284	287
3255	573	273	300
3256	572	282	290
3257	575	284	291
3258	572	278	294
3259	570	280	290
3260	553	273	280
3261	555	278	277
3262	552	287	265
3263	539	278	261
3264	551	273	278
3265	565	279	286
3266	542	279	263
3267	532	283	249
3268	537	281	256
3269	540	288	252
3270	535	278	257
3271	525	277	248
3272	523	285	238
3273	526	286	240
3274	521	281	240
3275	529	288	241
3276	535	288	247
3277	531	284	247
3278	530	276	254
3279	517	277	240
3280	520	277	243
3281	516	276	240
3282	509	267	242
3283	509	272	237
3284	504	274	230
3285	514	273	241
3286	512	272	240
3287	500	283	217
3288	494	284	210
3289	486	285	201
3290	481	284	197
3291	489	285	204
3292	485	285	200
3293	478	282	196
3294	478	277	201
3295	485	282	203
3296	487	279	208
3297	490	287	203
3298	481	278	203
3299	469	279	190
3300	465	285	180
3301	461	283	178
3302	455	282	173
3303	462	278	184
3304	465	276	189
3305	456	283	173
3306	454	277	177
3307	462	281	181
3308	459	273	186
3309	448	262	186
3310	455	268	187
3311	439	275	164
3312	447	277	170
3313	455	278	177
3314	446	275	171
3315	436	279	157
3316	434	279	155
3317	428	286	142
3318	431	283	148
3319	442	280	162
3320	440	278	162
3321	438	281	157
3322	420	283	137
3323	418	279	139
3324	432	284	148
3325	422	283	139
3326	423	281	142
3327	425	277	148
3328	421	282	139
3329	409	288	121
3330	413	281	132
3331	414	285	129
3332	417	277	140
3333	422	282	140
3334	418	282	136
3335	400	279	121
3336	406	287	119
3337	408	282	126
3338	414	278	136
3339	421	280	141
3340	421	282	139
3341	414	285	129
3342	409	280	129
3343	412	286	126
3344	411	285	126
3345	401	291	110
3346	397	287	110
3347	399	279	120
3348	405	273	132
3349	406	279	127
3350	415	286	129
3351	416	282	134
3352	406	286	120
3353	398	285	113
3354	404	282	122
3355	404	281	123
3356	402	283	119
3357	399	294	105
3358	393	287	106
3359	392	288	104
3360	392	286	106
3361	392	286	106
3362	398	282	116
3363	399	284	115
3364	396	283	113
3365	391	288	103
3366	385	285	100
3367	388	279	109
3368	397	289	108
3369	390	290	100
3370	395	283	112
3371	391	286	105
3372	389	278	111
3373	390	287	103
3374	390	285	105
3375	392	282	110
3376	385	280	105
3377	383	279	104
3378	383	285	98
3379	394	291	103
3380	392	289	103
3381	386	290	96
3382	392	288	104
3383	389	281	108
3384	376	274	102
3385	374	284	90
3386	381	282	99
3387	378	287	91
3388	384	286	98
3389	386	280	106
3390	382	284	98
3391	383	283	100
3392	371	279	92
3393	380	283	97
3394	398	287	111
3395	391	282	109
3396	382	276	106
3397	380	273	107
3398	385	280	105
3399	384	295	89
3400	381	288	93
3401	387	275	112
3402	381	270	111
3403	373	280	93
3404	368	276	92
3405	375	281	94
3406	376	286	90
3407	376	283	93
3408	376	276	100
3409	373	277	96
3410	377	289	88
3411	376	290	86
3412	379	281	98
3413	379	277	102
3414	379	274	105
3415	384	275	109
3416	384	270	114
3417	382	265	117
3418	379	260	119
3419	373	263	110
3420	386	271	115
3421	389	281	108
3422	386	282	104
3423	377	275	102
3424	379	279	100
3425	377	272	105
3426	375	274	101
3427	374	281	93
3428	379	279	100
3429	380	276	104
3430	382	275	107
3431	385	275	110
3432	383	277	106
3433	376	280	96
3434	375	288	87
3435	381	288	93
3436	373	279	94
3437	370	283	87
3438	377	285	92
3439	374	280	94
3440	376	282	94
3441	381	273	108
3442	374	274	100
3443	370	273	97
3444	368	277	91
3445	368	276	92
3446	375	284	91
3447	378	290	88
3448	366	275	91
3449	379	275	104
3450	380	281	99
3451	375	281	94
3452	369	286	83
3453	370	285	85
3454	367	281	86
3455	381	286	95
3456	379	279	100
3457	380	281	99
3458	380	282	98
3459	374	289	85
3460	370	289	81
3461	367	289	78
3462	362	277	85
3463	372	283	89
3464	368	294	74
3465	363	289	74
3466	366	279	87
3467	358	286	72
3468	369	272	97
3469	374	290	84
3470	375	277	98
3471	371	275	96
3472	374	287	87
3473	368	285	83
3474	373	279	94
3475	371	281	90
3476	361	285	76
3477	364	287	77
3478	365	282	83
3479	371	284	87
3480	371	275	96
3481	363	280	83
3482	365	280	85
3483	364	271	93
3484	370	275	95
3485	377	281	96
3486	369	283	86
3487	366	280	86
3488	365	281	84
3489	368	273	95
3490	365	270	95
3491	367	282	85
3492	362	277	85
3493	367	278	89
3494	382	279	103
3495	377	277	100
3496	373	270	103
3497	364	269	95
3498	350	280	70
3499	361	286	75
3500	360	276	84
3501	371	274	97
3502	368	276	92
3503	349	272	77
3504	349	274	75
3505	352	281	71
3506	367	282	85
3507	377	284	93
3508	366	279	87
3509	357	276	81
3510	363	276	87
3511	371	272	99
3512	360	271	89
3513	355	279	76
3514	357	272	85
3515	358	274	84
3516	367	290	77
3517	375	291	84
3518	363	280	83
3519	356	284	72
3520	359	275	84
3521	352	273	79
3522	353	279	74
3523	370	278	92
3524	370	282	88
3525	360	293	67
3526	353	284	69
3527	355	283	72
3528	363	282	81
3529	364	283	81
3530	358	280	78
3531	354	281	73
3532	347	282	65
3533	364	270	94
3534	366	273	93
3535	361	278	83
3536	357	280	77
3537	358	284	74
3538	362	277	85
3539	360	282	78
3540	366	287	79
3541	368	285	83
3542	367	279	88
3543	359	273	86
3544	360	273	87
3545	362	282	80
3546	358	282	76
3547	360	286	74
3548	367	274	93
3549	364	269	95
3550	369	269	100
3551	361	278	83
3552	351	277	74
3553	358	285	73
3554	369	289	80
3555	357	282	75
3556	348	283	65
3557	357	281	76
3558	365	280	85
3559	358	278	80
3560	354	285	69
3561	356	286	70
3562	365	271	94
3563	359	279	80
3564	359	283	76
3565	355	285	70
3566	352	277	75
3567	358	281	77
3568	353	280	73
3569	360	280	80
3570	356	282	74
3571	352	280	72
3572	356	273	83
3573	361	279	82
3574	361	281	80
3575	361	281	80
3576	346	289	57
3577	349	288	61
3578	356	280	76
3579	357	285	72
3580	359	285	74
3581	351	287	64
3582	353	290	63
3583	359	280	79
3584	357	283	74
3585	350	281	69
3586	348	272	76
3587	349	279	70
3588	354	284	70
3589	358	288	70
3590	352	280	72
3591	363	289	74
3592	357	288	69
3593	354	280	74
3594	359	276	83
3595	347	284	63
3596	342	297	45
3597	348	289	59
3598	356	275	81
3599	356	282	74
3600	358	277	81
3601	362	276	86
3602	352	282	70
3603	353	283	70
3604	357	284	73
3605	345	286	59
3606	344	297	47
3607	365	299	66
3608	359	280	79
3609	358	276	82
3610	358	283	75
3611	361	288	73
3612	355	277	78
3613	355	274	81
3614	356	279	77
3615	350	280	70
3616	354	286	68
3617	361	287	74
3618	363	291	72
3619	351	288	63
3620	346	281	65
3621	349	286	63
3622	350	278	72
3623	350	281	69
3624	349	280	69
3625	344	279	65
3626	339	288	51
3627	350	293	57
3628	354	288	66
3629	350	281	69
3630	352	278	74
3631	346	279	67
3632	351	275	76
3633	353	276	77
3634	343	274	69
3635	346	275	71
3636	351	268	83
3637	353	279	74
3638	349	288	61
3639	353	291	62
3640	346	281	65
3641	337	277	60
3642	342	281	61
3643	352	275	77
3644	348	277	71
3645	336	290	46
3646	345	285	60
3647	352	278	74
3648	344	272	72
