index	original	background	difference
-----------------------------------------------------
1	692	249	443
2	675	238	437
3	647	236	411
4	671	240	431
5	706	244	462
6	704	252	452
7	705	249	456
8	714	247	467
9	711	254	457
10	716	256	460
11	702	257	445
12	677	245	432
13	709	250	459
14	749	252	497
15	736	255	481
16	733	261	472
17	728	261	467
18	748	258	490
19	736	253	483
20	733	260	473
21	723	253	470
22	734	250	484
23	710	259	451
24	708	261	447
25	729	257	472
26	734	261	473
27	725	266	459
28	731	254	477
29	711	264	447
30	720	265	455
31	753	257	496
32	757	255	502
33	741	267	474
34	766	261	505
35	762	264	498
36	741	271	470
37	744	272	472
38	733	272	461
39	732	263	469
40	758	266	492
41	780	264	516
42	774	270	504
43	790	269	521
44	753	265	488
45	711	269	442
46	742	274	468
47	755	273	482
48	758	267	491
49	752	267	485
50	757	267	490
51	782	269	513
52	782	264	518
53	788	259	529
54	773	267	506
55	778	267	511
56	764	281	483
57	754	278	476
58	760	272	488
59	758	275	483
60	770	269	501
61	795	266	529
62	833	265	568
63	795	275	520
64	780	273	507
65	798	270	528
66	786	270	516
67	782	277	505
68	815	273	542
69	818	280	538
70	824	289	535
71	795	278	517
72	774	280	494
73	804	281	523
74	814	271	543
75	813	268	545
76	834	268	566
77	836	271	565
78	846	274	572
79	830	279	551
80	843	280	563
81	847	274	573
82	832	270	562
83	817	277	540
84	853	273	580
85	876	277	599
86	876	287	589
87	878	283	595
88	859	275	584
89	861	274	587
90	880	268	612
91	887	272	615
92	868	273	595
93	829	261	568
94	850	274	576
95	899	277	622
96	933	274	659
97	915	277	638
98	909	272	637
99	866	271	595
100	885	278	607
101	905	281	624
102	904	272	632
103	872	275	597
104	878	276	602
105	904	277	627
106	917	286	631
107	911	279	632
108	919	272	647
109	896	284	612
110	895	274	621
111	918	276	642
112	957	287	670
113	958	274	684
114	947	272	675
115	937	280	657
116	927	277	650
117	934	276	658
118	953	293	660
119	938	288	650
120	941	269	672
121	946	272	674
122	971	274	697
123	978	287	691
124	955	294	661
125	958	281	677
126	995	281	714
127	1001	290	711
128	998	281	717
129	978	279	699
130	981	275	706
131	1002	277	725
132	996	279	717
133	987	276	711
134	1024	282	742
135	1040	279	761
136	1026	287	739
137	1018	283	735
138	1037	278	759
139	1042	278	764
140	1054	278	776
141	1044	280	764
142	1026	276	750
143	1041	291	750
144	1023	288	735
145	1039	279	760
146	1056	274	782
147	1048	277	771
148	1060	276	784
149	1070	282	788
150	1065	278	787
151	1053	278	775
152	1077	279	798
153	1092	287	805
154	1076	278	798
155	1070	271	799
156	1073	269	804
157	1040	274	766
158	1073	279	794
159	1086	280	806
160	1088	284	804
161	1107	277	830
162	1130	279	851
163	1138	279	859
164	1121	276	845
165	1109	279	830
166	1100	283	817
167	1119	286	833
168	1138	287	851
169	1121	292	829
170	1147	283	864
171	1174	288	886
172	1145	275	870
173	1142	269	873
174	1162	277	885
175	1171	288	883
176	1159	281	878
177	1130	282	848
178	1165	285	880
179	1157	281	876
180	1183	280	903
181	1200	280	920
182	1191	279	912
183	1160	285	875
184	1155	285	870
185	1182	279	903
186	1234	282	952
187	1216	286	930
188	1163	280	883
189	1177	283	894
190	1224	279	945
191	1196	281	915
192	1180	280	900
193	1215	279	936
194	1217	284	933
195	1221	283	938
196	1253	284	969
197	1209	277	932
198	1210	281	929
199	1228	283	945
200	1239	287	952
201	1204	288	916
202	1218	276	942
203	1239	282	957
204	1242	289	953
205	1262	286	976
206	1290	281	1009
207	1262	282	980
208	1262	279	983
209	1269	279	990
210	1262	281	981
211	1260	283	977
212	1275	278	997
213	1266	276	990
214	1270	274	996
215	1309	268	1041
216	1312	275	1037
217	1302	284	1018
218	1302	267	1035
219	1292	290	1002
220	1278	274	1004
221	1305	272	1033
222	1317	276	1041
223	1285	281	1004
224	1292	285	1007
225	1295	280	1015
226	1315	280	1035
227	1349	284	1065
228	1349	281	1068
229	1368	274	1094
230	1356	285	1071
231	1335	275	1060
232	1370	274	1096
233	1305	285	1020
234	1296	286	1010
235	1294	286	1008
236	1320	278	1042
237	1354	277	1077
238	1351	270	1081
239	1352	275	1077
240	1365	276	1089
241	1381	280	1101
242	1390	287	1103
243	1361	288	1073
244	1356	280	1076
245	1368	273	1095
246	1356	276	1080
247	1370	287	1083
248	1390	283	1107
249	1411	280	1131
250	1411	281	1130
251	1408	279	1129
252	1399	276	1123
253	1407	283	1124
254	1400	280	1120
255	1407	278	1129
256	1434	279	1155
257	1452	280	1172
258	1447	282	1165
259	1467	276	1191
260	1428	276	1152
261	1384	279	1105
262	1428	275	1153
263	1475	279	1196
264	1471	276	1195
265	1480	269	1211
266	1473	274	1199
267	1463	280	1183
268	1462	277	1185
269	1457	272	1185
270	1459	272	1187
271	1459	272	1187
272	1470	275	1195
273	1434	279	1155
274	1436	282	1154
275	1492	282	1210
276	1492	283	1209
277	1438	287	1151
278	1494	273	1221
279	1493	276	1217
280	1483	273	1210
281	1519	278	1241
282	1521	280	1241
283	1516	282	1234
284	1525	282	1243
285	1530	288	1242
286	1560	282	1278
287	1559	292	1267
288	1565	293	1272
289	1566	286	1280
290	1516	280	1236
291	1567	274	1293
292	1578	273	1305
293	1561	277	1284
294	1562	276	1286
295	1563	280	1283
296	1610	279	1331
297	1597	277	1320
298	1575	279	1296
299	1617	279	1338
300	1632	280	1352
301	1596	285	1311
302	1581	273	1308
303	1565	274	1291
304	1589	275	1314
305	1595	283	1312
306	1593	285	1308
307	1605	290	1315
308	1660	297	1363
309	1646	280	1366
310	1652	279	1373
311	1619	279	1340
312	1631	282	1349
313	1668	272	1396
314	1618	269	1349
315	1618	276	1342
316	1655	283	1372
317	1672	278	1394
318	1676	280	1396
319	1701	284	1417
320	1676	277	1399
321	1684	281	1403
322	1675	271	1404
323	1646	268	1378
324	1662	269	1393
325	1662	278	1384
326	1665	276	1389
327	1677	275	1402
328	1723	283	1440
329	1730	278	1452
330	1704	280	1424
331	1734	277	1457
332	1719	275	1444
333	1731	284	1447
334	1738	274	1464
335	1711	276	1435
336	1690	283	1407
337	1719	281	1438
338	1762	283	1479
339	1764	284	1480
340	1772	279	1493
341	1765	283	1482
342	1763	279	1484
343	1778	276	1502
344	1768	270	1498
345	1767	268	1499
346	1784	267	1517
347	1802	272	1530
348	1816	271	1545
349	1801	286	1515
350	1803	273	1530
351	1819	270	1549
352	1794	274	1520
353	1803	281	1522
354	1835	277	1558
355	1869	275	1594
356	1866	271	1595
357	1847	273	1574
358	1834	278	1556
359	1870	271	1599
360	1900	264	1636
361	1903	274	1629
362	1883	267	1616
363	1892	268	1624
364	1930	271	1659
365	1918	278	1640
366	1896	281	1615
367	1881	288	1593
368	1904	290	1614
369	1920	290	1630
370	1925	284	1641
371	1920	274	1646
372	1901	273	1628
373	1922	277	1645
374	1943	282	1661
375	1942	281	1661
376	1921	274	1647
377	1970	274	1696
378	1987	279	1708
379	2011	282	1729
380	2008	271	1737
381	1969	288	1681
382	1997	285	1712
383	1988	270	1718
384	1986	264	1722
385	2003	274	1729
386	2037	280	1757
387	2047	280	1767
388	2040	273	1767
389	2023	280	1743
390	2032	286	1746
391	2064	279	1785
392	2071	282	1789
393	2110	279	1831
394	2129	273	1856
395	2118	282	1836
396	2109	278	1831
397	2110	278	1832
398	2122	274	1848
399	2125	286	1839
400	2119	284	1835
401	2126	276	1850
402	2181	278	1903
403	2162	284	1878
404	2117	275	1842
405	2136	273	1863
406	2156	273	1883
407	2143	276	1867
408	2181	273	1908
409	2187	265	1922
410	2174	272	1902
411	2151	281	1870
412	2135	287	1848
413	2174	281	1893
414	2195	279	1916
415	2209	271	1938
416	2194	278	1916
417	2135	282	1853
418	2176	279	1897
419	2209	273	1936
420	2254	271	1983
421	2224	269	1955
422	2239	278	1961
423	2263	286	1977
424	2243	283	1960
425	2281	284	1997
426	2287	287	2000
427	2278	288	1990
428	2306	285	2021
429	2247	283	1964
430	2290	275	2015
431	2298	276	2022
432	2330	281	2049
433	2302	276	2026
434	2299	274	2025
435	2319	281	2038
436	2313	276	2037
437	2308	276	2032
438	2330	282	2048
439	2385	284	2101
440	2372	280	2092
441	2306	286	2020
442	2316	289	2027
443	2348	284	2064
444	2387	277	2110
445	2366	286	2080
446	2393	279	2114
447	2392	283	2109
448	2363	284	2079
449	2379	281	2098
450	2404	282	2122
451	2422	281	2141
452	2396	267	2129
453	2342	278	2064
454	2324	284	2040
455	2408	287	2121
456	2478	282	2196
457	2463	277	2186
458	2408	273	2135
459	2405	277	2128
460	2442	284	2158
461	2467	281	2186
462	2432	279	2153
463	2444	279	2165
464	2452	277	2175
465	2476	281	2195
466	2524	279	2245
467	2498	276	2222
468	2483	263	2220
469	2494	299	2195
470	2481	281	2200
471	2504	281	2223
472	2563	283	2280
473	2531	280	2251
474	2501	279	2222
475	2517	280	2237
476	2518	277	2241
477	2517	274	2243
478	2597	268	2329
479	2539	272	2267
480	2500	278	2222
481	2526	278	2248
482	2548	279	2269
483	2557	284	2273
484	2562	281	2281
485	2551	273	2278
486	2589	271	2318
487	2610	280	2330
488	2602	287	2315
489	2542	289	2253
490	2522	291	2231
491	2549	290	2259
492	2590	283	2307
493	2632	275	2357
494	2610	282	2328
495	2602	288	2314
496	2599	283	2316
497	2598	275	2323
498	2654	272	2382
499	2673	278	2395
500	2655	279	2376
501	2641	279	2362
502	2631	276	2355
503	2614	282	2332
504	2640	282	2358
505	2621	284	2337
506	2639	279	2360
507	2626	285	2341
508	2669	281	2388
509	2629	276	2353
510	2646	275	2371
511	2648	276	2372
512	2683	277	2406
513	2718	280	2438
514	2704	277	2427
515	2668	276	2392
516	2653	277	2376
517	2646	281	2365
518	2686	284	2402
519	2702	287	2415
520	2699	288	2411
521	2708	285	2423
522	2689	283	2406
523	2700	290	2410
524	2750	282	2468
525	2783	273	2510
526	2785	278	2507
527	2773	276	2497
528	2783	278	2505
529	2817	285	2532
530	2781	280	2501
531	2781	280	2501
532	2855	289	2566
533	2794	282	2512
534	2764	270	2494
535	2774	272	2502
536	2779	274	2505
537	2775	290	2485
538	2776	285	2491
539	2757	281	2476
540	2835	281	2554
541	2885	281	2604
542	2837	287	2550
543	2826	283	2543
544	2845	277	2568
545	2849	285	2564
546	2864	276	2588
547	2847	285	2562
548	2844	293	2551
549	2841	285	2556
550	2858	284	2574
551	2868	285	2583
552	2865	285	2580
553	2876	276	2600
554	2880	278	2602
555	2879	282	2597
556	2927	269	2658
557	2958	287	2671
558	2929	284	2645
559	2926	287	2639
560	2941	287	2654
561	2958	283	2675
562	2974	280	2694
563	2931	277	2654
564	3000	282	2718
565	2992	293	2699
566	2936	285	2651
567	2998	280	2718
568	2999	272	2727
569	2948	276	2672
570	2974	282	2692
571	3023	295	2728
572	3041	293	2748
573	3010	289	2721
574	3055	285	2770
575	3071	281	2790
576	3036	282	2754
577	3024	272	2752
578	2994	276	2718
579	3015	267	2748
580	3074	272	2802
581	3106	272	2834
582	3079	274	2805
583	3087	285	2802
584	3154	273	2881
585	3105	274	2831
586	3093	280	2813
587	3163	287	2876
588	3113	279	2834
589	3140	278	2862
590	3191	283	2908
591	3231	283	2948
592	3232	280	2952
593	3187	277	2910
594	3225	278	2947
595	3194	281	2913
596	3201	279	2922
597	3240	281	2959
598	3279	276	3003
599	3249	282	2967
600	3228	284	2944
601	3247	285	2962
602	3307	283	3024
603	3318	281	3037
604	3337	268	3069
605	3335	272	3063
606	3316	270	3046
607	3274	274	3000
608	3295	276	3019
609	3331	281	3050
610	3404	276	3128
611	3410	280	3130
612	3440	284	3156
613	3409	286	3123
614	3414	282	3132
615	3398	275	3123
616	3333	277	3056
617	3398	271	3127
618	3503	267	3236
619	3508	283	3225
620	3476	277	3199
621	3531	284	3247
622	3502	282	3220
623	3518	279	3239
624	3586	286	3300
625	3562	289	3273
626	3591	280	3311
627	3526	281	3245
628	3541	272	3269
629	3608	270	3338
630	3641	272	3369
631	3607	278	3329
632	3661	273	3388
633	3651	277	3374
634	3599	281	3318
635	3626	279	3347
636	3654	274	3380
637	3630	278	3352
638	3642	283	3359
639	3662	292	3370
640	3723	283	3440
641	3737	276	3461
642	3722	272	3450
643	3775	281	3494
644	3756	279	3477
645	3722	284	3438
646	3787	277	3510
647	3789	280	3509
648	3838	276	3562
649	3852	286	3566
650	3847	280	3567
651	3888	280	3608
652	3877	281	3596
653	3836	287	3549
654	3881	291	3590
655	3917	282	3635
656	3930	277	3653
657	3893	286	3607
658	3938	287	3651
659	4028	280	3748
660	4014	282	3732
661	3917	289	3628
662	3914	277	3637
663	3927	285	3642
664	3985	278	3707
665	3948	268	3680
666	4024	272	3752
667	4073	276	3797
668	4021	274	3747
669	4011	280	3731
670	4040	275	3765
671	4121	275	3846
672	4058	284	3774
673	3957	294	3663
674	4021	283	3738
675	4059	279	3780
676	4079	281	3798
677	4119	277	3842
678	4164	274	3890
679	4059	276	3783
680	4119	275	3844
681	4111	279	3832
682	4114	273	3841
683	4195	278	3917
684	4177	279	3898
685	4213	288	3925
686	4261	283	3978
687	4183	275	3908
688	4214	279	3935
689	4231	284	3947
690	4208	287	3921
691	4210	287	3923
692	4206	277	3929
693	4217	275	3942
694	4217	277	3940
695	4185	285	3900
696	4222	273	3949
697	4211	282	3929
698	4264	284	3980
699	4269	283	3986
700	4234	288	3946
701	4272	294	3978
702	4323	286	4037
703	4251	279	3972
704	4285	278	4007
705	4327	273	4054
706	4337	280	4057
707	4356	282	4074
708	4399	276	4123
709	4423	269	4154
710	4344	275	4069
711	4333	287	4046
712	4303	282	4021
713	4290	284	4006
714	4372	278	4094
715	4365	267	4098
716	4383	272	4111
717	4394	280	4114
718	4364	267	4097
719	4362	291	4071
720	4377	285	4092
721	4381	279	4102
722	4394	286	4108
723	4363	290	4073
724	4396	280	4116
725	4404	287	4117
726	4423	284	4139
727	4388	276	4112
728	4484	274	4210
729	4508	280	4228
730	4486	292	4194
731	4505	289	4216
732	4442	282	4160
733	4412	284	4128
734	4466	280	4186
735	4480	279	4201
736	4468	279	4189
737	4430	277	4153
738	4504	277	4227
739	4491	278	4213
740	4473	281	4192
741	4484	281	4203
742	4515	288	4227
743	4557	287	4270
744	4528	269	4259
745	4532	281	4251
746	4551	284	4267
747	4565	282	4283
748	4490	286	4204
749	4491	283	4208
750	4544	275	4269
751	4544	280	4264
752	4505	286	4219
753	4494	281	4213
754	4531	278	4253
755	4531	283	4248
756	4574	277	4297
757	4522	278	4244
758	4481	274	4207
759	4508	277	4231
760	4524	280	4244
761	4549	282	4267
762	4605	276	4329
763	4618	280	4338
764	4637	278	4359
765	4595	282	4313
766	4563	284	4279
767	4566	287	4279
768	4607	278	4329
769	4628	277	4351
770	4580	276	4304
771	4521	288	4233
772	4512	284	4228
773	4533	280	4253
774	4609	276	4333
775	4572	284	4288
776	4559	285	4274
777	4495	273	4222
778	4474	276	4198
779	4541	284	4257
780	4564	274	4290
781	4534	267	4267
782	4499	272	4227
783	4488	280	4208
784	4566	281	4285
785	4574	278	4296
786	4578	278	4300
787	4600	285	4315
788	4612	274	4338
789	4590	278	4312
790	4633	287	4346
791	4603	279	4324
792	4619	283	4336
793	4623	281	4342
794	4632	276	4356
795	4634	278	4356
796	4597	277	4320
797	4664	277	4387
798	4702	278	4424
799	4655	275	4380
800	4639	278	4361
801	4615	291	4324
802	4655	281	4374
803	4642	286	4356
804	4605	293	4312
805	4652	290	4362
806	4657	285	4372
807	4643	288	4355
808	4658	290	4368
809	4697	286	4411
810	4676	280	4396
811	4717	279	4438
812	4786	290	4496
813	4745	281	4464
814	4739	272	4467
815	4722	292	4430
816	4769	285	4484
817	4749	275	4474
818	4759	281	4478
819	4738	290	4448
820	4790	286	4504
821	4809	285	4524
822	4840	285	4555
823	4793	284	4509
824	4806	275	4531
825	4747	274	4473
826	4764	281	4483
827	4806	277	4529
828	4821	286	4535
829	4838	285	4553
830	4816	271	4545
831	4832	279	4553
832	4867	275	4592
833	4917	269	4648
834	4945	278	4667
835	4937	279	4658
836	4949	278	4671
837	4950	282	4668
838	4996	285	4711
839	4992	284	4708
840	5057	286	4771
841	5069	283	4786
842	5008	280	4728
843	5004	286	4718
844	5082	285	4797
845	5088	287	4801
846	5160	279	4881
847	5135	269	4866
848	5150	266	4884
849	5182	277	4905
850	5135	282	4853
851	5107	282	4825
852	5196	284	4912
853	5204	274	4930
854	5204	269	4935
855	5158	277	4881
856	5185	284	4901
857	5199	285	4914
858	5194	284	4910
859	5246	281	4965
860	5290	275	5015
861	5352	276	5076
862	5326	273	5053
863	5308	275	5033
864	5328	280	5048
865	5356	281	5075
866	5408	273	5135
867	5383	273	5110
868	5359	276	5083
869	5400	283	5117
870	5384	279	5105
871	5404	273	5131
872	5476	275	5201
873	5485	275	5210
874	5465	274	5191
875	5503	284	5219
876	5574	280	5294
877	5579	283	5296
878	5569	280	5289
879	5557	284	5273
880	5561	286	5275
881	5620	285	5335
882	5596	282	5314
883	5597	278	5319
884	5625	279	5346
885	5625	288	5337
886	5669	280	5389
887	5683	272	5411
888	5668	279	5389
889	5762	280	5482
890	5829	277	5552
891	5779	281	5498
892	5759	286	5473
893	5756	281	5475
894	5762	272	5490
895	5843	279	5564
896	5900	289	5611
897	5893	288	5605
898	5900	283	5617
899	5957	273	5684
900	6011	267	5744
901	5984	273	5711
902	6019	275	5744
903	6002	280	5722
904	5967	279	5688
905	6100	290	5810
906	6101	283	5818
907	6060	271	5789
908	6108	277	5831
909	6121	284	5837
910	6164	279	5885
911	6265	281	5984
912	6248	284	5964
913	6214	278	5936
914	6174	284	5890
915	6178	283	5895
916	6183	282	5901
917	6122	282	5840
918	6214	296	5918
919	6237	286	5951
920	6162	283	5879
921	6179	282	5897
922	6251	271	5980
923	6344	276	6068
924	6373	273	6100
925	6329	268	6061
926	6325	288	6037
927	6360	292	6068
928	6468	288	6180
929	6534	282	6252
930	6564	274	6290
931	6564	272	6292
932	6588	280	6308
933	6611	283	6328
934	6637	284	6353
935	6611	276	6335
936	6635	275	6360
937	6694	277	6417
938	6770	277	6493
939	6699	286	6413
940	6722	283	6439
941	6734	284	6450
942	6830	286	6544
943	6807	280	6527
944	6831	278	6553
945	6860	279	6581
946	6896	278	6618
947	6896	274	6622
948	6926	273	6653
949	6868	276	6592
950	6949	278	6671
951	7014	279	6735
952	7029	279	6750
953	6941	278	6663
954	6883	282	6601
955	7015	271	6744
956	7000	270	6730
957	7052	283	6769
958	7100	289	6811
959	7098	289	6809
960	7135	280	6855
961	7134	281	6853
962	7094	279	6815
963	7064	290	6774
964	7149	291	6858
965	7117	287	6830
966	7135	289	6846
967	7105	286	6819
968	7107	265	6842
969	7222	291	6931
970	7265	279	6986
971	7206	282	6924
972	7243	284	6959
973	7266	282	6984
974	7244	283	6961
975	7277	278	6999
976	7269	280	6989
977	7275	280	6995
978	7296	281	7015
979	7268	272	6996
980	7232	272	6960
981	7312	282	7030
982	7397	277	7120
983	7324	284	7040
984	7335	288	7047
985	7286	279	7007
986	7255	282	6973
987	7292	280	7012
988	7353	277	7076
989	7342	275	7067
990	7325	279	7046
991	7353	282	7071
992	7349	280	7069
993	7320	281	7039
994	7306	286	7020
995	7218	289	6929
996	7257	277	6980
997	7262	282	6980
998	7273	275	6998
999	7348	282	7066
1000	7309	274	7035
1001	7199	269	6930
1002	7311	282	7029
1003	7295	286	7009
1004	7341	271	7070
1005	7284	272	7012
1006	7307	283	7024
1007	7301	284	7017
1008	7312	283	7029
1009	7336	284	7052
1010	7399	285	7114
1011	7433	282	7151
1012	7370	281	7089
1013	7356	283	7073
1014	7379	284	7095
1015	7361	288	7073
1016	7420	289	7131
1017	7345	280	7065
1018	7354	274	7080
1019	7332	281	7051
1020	7374	275	7099
1021	7399	277	7122
1022	7420	276	7144
1023	7457	276	7181
1024	7417	280	7137
1025	7341	284	7057
1026	7266	277	6989
1027	7244	275	6969
1028	7222	272	6950
1029	7255	276	6979
1030	7340	285	7055
1031	7328	288	7040
1032	7326	285	7041
1033	7286	281	7005
1034	7287	282	7005
1035	7236	273	6963
1036	7251	277	6974
1037	7323	285	7038
1038	7321	276	7045
1039	7276	276	7000
1040	7238	277	6961
1041	7236	280	6956
1042	7279	284	6995
1043	7248	281	6967
1044	7181	278	6903
1045	7147	272	6875
1046	7228	266	6962
1047	7194	275	6919
1048	7201	282	6919
1049	7161	288	6873
1050	7178	277	6901
1051	7189	278	6911
1052	7164	286	6878
1053	7213	283	6930
1054	7239	285	6954
1055	7187	285	6902
1056	7163	278	6885
1057	7181	281	6900
1058	7165	277	6888
1059	7110	286	6824
1060	7100	284	6816
1061	7074	273	6801
1062	7110	278	6832
1063	7142	288	6854
1064	7183	279	6904
1065	7198	276	6922
1066	7085	276	6809
1067	7099	275	6824
1068	7147	272	6875
1069	7155	290	6865
1070	7105	288	6817
1071	7100	278	6822
1072	7047	287	6760
1073	6979	289	6690
1074	6992	284	6708
1075	7065	290	6775
1076	7075	284	6791
1077	6999	279	6720
1078	6999	278	6721
1079	6925	281	6644
1080	6971	286	6685
1081	6985	285	6700
1082	6990	274	6716
1083	7045	273	6772
1084	7045	274	6771
1085	7011	286	6725
1086	7020	288	6732
1087	6967	282	6685
1088	6953	282	6671
1089	6996	282	6714
1090	6898	280	6618
1091	6832	279	6553
1092	6853	274	6579
1093	6905	274	6631
1094	6964	276	6688
1095	6959	288	6671
1096	6969	290	6679
1097	6981	275	6706
1098	6936	280	6656
1099	6900	276	6624
1100	6920	273	6647
1101	6995	279	6716
1102	6992	282	6710
1103	6964	288	6676
1104	6948	294	6654
1105	6891	286	6605
1106	6831	283	6548
1107	6912	282	6630
1108	6940	284	6656
1109	6926	286	6640
1110	6974	288	6686
1111	6950	282	6668
1112	6938	288	6650
1113	7033	284	6749
1114	7016	282	6734
1115	6987	282	6705
1116	6966	276	6690
1117	7003	272	6731
1118	6951	271	6680
1119	6999	284	6715
1120	6963	285	6678
1121	6941	283	6658
1122	7035	288	6747
1123	7015	291	6724
1124	7070	271	6799
1125	7086	274	6812
1126	7010	280	6730
1127	7090	281	6809
1128	7109	271	6838
1129	7103	272	6831
1130	7085	273	6812
1131	7105	284	6821
1132	7141	284	6857
1133	7070	281	6789
1134	7081	277	6804
1135	7099	278	6821
1136	7139	279	6860
1137	7125	271	6854
1138	7185	275	6910
1139	7239	289	6950
1140	7184	285	6899
1141	7145	284	6861
1142	7219	277	6942
1143	7289	276	7013
1144	7255	285	6970
1145	7243	283	6960
1146	7296	274	7022
1147	7298	276	7022
1148	7256	276	6980
1149	7258	279	6979
1150	7310	274	7036
1151	7295	278	7017
1152	7343	287	7056
1153	7390	282	7108
1154	7347	281	7066
1155	7298	286	7012
1156	7394	280	7114
1157	7473	278	7195
1158	7439	278	7161
1159	7429	282	7147
1160	7423	298	7125
1161	7439	297	7142
1162	7468	283	7185
1163	7504	281	7223
1164	7478	277	7201
1165	7535	277	7258
1166	7570	270	7300
1167	7538	278	7260
1168	7547	281	7266
1169	7586	290	7296
1170	7645	285	7360
1171	7623	283	7340
1172	7610	283	7327
1173	7672	275	7397
1174	7718	281	7437
1175	7760	281	7479
1176	7855	277	7578
1177	7900	274	7626
1178	7925	279	7646
1179	7889	284	7605
1180	7903	275	7628
1181	7927	280	7647
1182	7999	272	7727
1183	7926	275	7651
1184	7926	278	7648
1185	7960	272	7688
1186	7977	266	7711
1187	8050	281	7769
1188	8063	280	7783
1189	8085	277	7808
1190	8101	284	7817
1191	8138	278	7860
1192	8249	276	7973
1193	8214	278	7936
1194	8253	285	7968
1195	8322	282	8040
1196	8334	275	8059
1197	8266	285	7981
1198	8311	275	8036
1199	8288	280	8008
1200	8351	288	8063
1201	8426	279	8147
1202	8495	277	8218
1203	8475	281	8194
1204	8495	280	8215
1205	8594	291	8303
1206	8606	284	8322
1207	8507	283	8224
1208	8548	279	8269
1209	8581	282	8299
1210	8560	279	8281
1211	8659	279	8380
1212	8701	272	8429
1213	8660	264	8396
1214	8733	268	8465
1215	8802	274	8528
1216	8883	274	8609
1217	8933	282	8651
1218	8907	266	8641
1219	8835	287	8548
1220	8962	269	8693
1221	8983	274	8709
1222	9022	275	8747
1223	9048	284	8764
1224	8989	279	8710
1225	9072	282	8790
1226	9110	285	8825
1227	9117	289	8828
1228	9134	282	8852
1229	9211	272	8939
1230	9235	270	8965
1231	9225	270	8955
1232	9257	262	8995
1233	9258	273	8985
1234	9263	280	8983
1235	9361	281	9080
1236	9377	275	9102
1237	9314	281	9033
1238	9381	285	9096
1239	9455	277	9178
1240	9532	271	9261
1241	9533	278	9255
1242	9520	279	9241
1243	9550	282	9268
1244	9605	292	9313
1245	9622	291	9331
1246	9662	275	9387
1247	9740	270	9470
1248	9673	274	9399
1249	9635	284	9351
1250	9655	287	9368
1251	9714	283	9431
1252	9840	274	9566
1253	9821	279	9542
1254	9847	282	9565
1255	9939	280	9659
1256	9843	283	9560
1257	9880	284	9596
1258	9927	279	9648
1259	9916	276	9640
1260	9892	280	9612
1261	9872	277	9595
1262	9962	283	9679
1263	10028	286	9742
1264	10005	284	9721
1265	10027	286	9741
1266	10053	279	9774
1267	10121	280	9841
1268	10105	286	9819
1269	10022	280	9742
1270	10083	281	9802
1271	10161	277	9884
1272	10155	272	9883
1273	10124	281	9843
1274	10172	283	9889
1275	10187	273	9914
1276	10187	272	9915
1277	10273	280	9993
1278	10297	283	10014
1279	10194	280	9914
1280	10195	276	9919
1281	10220	275	9945
1282	10287	275	10012
1283	10296	281	10015
1284	10334	286	10048
1285	10401	277	10124
1286	10376	269	10107
1287	10375	279	10096
1288	10348	273	10075
1289	10328	276	10052
1290	10304	279	10025
1291	10327	284	10043
1292	10419	273	10146
1293	10450	273	10177
1294	10437	283	10154
1295	10484	277	10207
1296	10438	272	10166
1297	10439	273	10166
1298	10457	268	10189
1299	10469	281	10188
1300	10511	287	10224
1301	10440	279	10161
1302	10493	277	10216
1303	10506	281	10225
1304	10566	278	10288
1305	10515	267	10248
1306	10465	270	10195
1307	10464	281	10183
1308	10455	279	10176
1309	10458	276	10182
1310	10536	280	10256
1311	10532	273	10259
1312	10511	281	10230
1313	10497	290	10207
1314	10476	276	10200
1315	10509	273	10236
1316	10479	277	10202
1317	10416	277	10139
1318	10473	274	10199
1319	10478	279	10199
1320	10370	274	10096
1321	10406	282	10124
1322	10584	278	10306
1323	10537	281	10256
1324	10500	280	10220
1325	10477	271	10206
1326	10478	273	10205
1327	10540	280	10260
1328	10496	273	10223
1329	10404	276	10128
1330	10414	278	10136
1331	10407	280	10127
1332	10352	280	10072
1333	10399	281	10118
1334	10365	278	10087
1335	10390	280	10110
1336	10437	272	10165
1337	10388	274	10114
1338	10387	271	10116
1339	10322	272	10050
1340	10347	283	10064
1341	10319	279	10040
1342	10320	268	10052
1343	10285	275	10010
1344	10334	275	10059
1345	10286	274	10012
1346	10240	272	9968
1347	10254	273	9981
1348	10266	270	9996
1349	10278	279	9999
1350	10231	275	9956
1351	10171	271	9900
1352	10166	271	9895
1353	10170	278	9892
1354	10157	273	9884
1355	10073	271	9802
1356	10039	273	9766
1357	10047	271	9776
1358	10055	276	9779
1359	10040	276	9764
1360	10088	275	9813
1361	10050	280	9770
1362	10011	273	9738
1363	9920	271	9649
1364	9885	284	9601
1365	9958	279	9679
1366	9946	269	9677
1367	9856	273	9583
1368	9843	278	9565
1369	9896	279	9617
1370	9879	270	9609
1371	9770	276	9494
1372	9812	280	9532
1373	9761	282	9479
1374	9692	285	9407
1375	9677	287	9390
1376	9704	287	9417
1377	9676	281	9395
1378	9608	276	9332
1379	9596	280	9316
1380	9604	286	9318
1381	9632	279	9353
1382	9619	281	9338
1383	9612	282	9330
1384	9639	272	9367
1385	9624	274	9350
1386	9655	273	9382
1387	9589	266	9323
1388	9578	278	9300
1389	9591	280	9311
1390	9595	268	9327
1391	9505	281	9224
1392	9540	276	9264
1393	9546	277	9269
1394	9436	284	9152
1395	9451	278	9173
1396	9408	278	9130
1397	9378	282	9096
1398	9431	283	9148
1399	9426	278	9148
1400	9342	272	9070
1401	9309	271	9038
1402	9220	268	8952
1403	9286	272	9014
1404	9312	277	9035
1405	9200	281	8919
1406	9181	269	8912
1407	9199	280	8919
1408	9230	282	8948
1409	9148	272	8876
1410	9203	265	8938
1411	9165	271	8894
1412	9171	271	8900
1413	9158	285	8873
1414	9114	293	8821
1415	9064	283	8781
1416	9022	269	8753
1417	9078	266	8812
1418	9093	266	8827
1419	8989	273	8716
1420	8998	276	8722
1421	9104	275	8829
1422	9124	272	8852
1423	8972	277	8695
1424	8987	274	8713
1425	8988	278	8710
1426	8958	286	8672
1427	8953	285	8668
1428	8952	280	8672
1429	8965	273	8692
1430	8944	275	8669
1431	8938	278	8660
1432	8961	273	8688
1433	8866	275	8591
1434	8831	270	8561
1435	8856	271	8585
1436	8936	276	8660
1437	8964	280	8684
1438	8901	276	8625
1439	8877	280	8597
1440	8900	276	8624
1441	8937	266	8671
1442	8873	270	8603
1443	8899	276	8623
1444	8822	280	8542
1445	8806	278	8528
1446	8825	270	8555
1447	8864	276	8588
1448	8874	276	8598
1449	8864	279	8585
1450	8822	282	8540
1451	8834	281	8553
1452	8761	281	8480
1453	8772	284	8488
1454	8794	285	8509
1455	8791	284	8507
1456	8823	286	8537
1457	8861	275	8586
1458	8866	272	8594
1459	8836	288	8548
1460	8796	277	8519
1461	8765	276	8489
1462	8791	286	8505
1463	8721	287	8434
1464	8715	276	8439
1465	8779	275	8504
1466	8717	283	8434
1467	8748	278	8470
1468	8787	262	8525
1469	8850	278	8572
1470	8837	272	8565
1471	8819	283	8536
1472	8841	272	8569
1473	8826	278	8548
1474	8732	280	8452
1475	8684	279	8405
1476	8781	282	8499
1477	8779	278	8501
1478	8776	276	8500
1479	8785	277	8508
1480	8854	276	8578
1481	8852	277	8575
1482	8763	290	8473
1483	8716	286	8430
1484	8720	281	8439
1485	8787	283	8504
1486	8811	283	8528
1487	8803	287	8516
1488	8791	274	8517
1489	8823	267	8556
1490	8819	267	8552
1491	8885	283	8602
1492	8882	282	8600
1493	8951	281	8670
1494	8980	286	8694
1495	8988	275	8713
1496	8980	270	8710
1497	8949	272	8677
1498	8965	286	8679
1499	9003	296	8707
1500	9028	278	8750
1501	9058	274	8784
1502	9022	272	8750
1503	8935	270	8665
1504	8934	279	8655
1505	8985	278	8707
1506	8993	265	8728
1507	8987	270	8717
1508	9008	282	8726
1509	9010	292	8718
1510	9053	288	8765
1511	9198	279	8919
1512	9221	278	8943
1513	9204	286	8918
1514	9235	288	8947
1515	9219	286	8933
1516	9150	284	8866
1517	9220	276	8944
1518	9229	282	8947
1519	9244	289	8955
1520	9307	283	9024
1521	9357	278	9079
1522	9321	273	9048
1523	9323	275	9048
1524	9354	278	9076
1525	9403	280	9123
1526	9369	280	9089
1527	9341	284	9057
1528	9382	287	9095
1529	9411	287	9124
1530	9423	283	9140
1531	9490	281	9209
1532	9515	275	9240
1533	9563	281	9282
1534	9591	282	9309
1535	9569	281	9288
1536	9576	278	9298
1537	9640	278	9362
1538	9648	280	9368
1539	9651	278	9373
1540	9655	278	9377
1541	9767	277	9490
1542	9856	276	9580
1543	9850	285	9565
1544	9864	291	9573
1545	9788	279	9509
1546	9806	274	9532
1547	9744	280	9464
1548	9774	272	9502
1549	9795	270	9525
1550	9811	267	9544
1551	9861	269	9592
1552	9919	270	9649
1553	9877	271	9606
1554	9955	270	9685
1555	9949	270	9679
1556	10018	272	9746
1557	10041	279	9762
1558	10062	277	9785
1559	10099	277	9822
1560	10147	275	9872
1561	10191	281	9910
1562	10226	280	9946
1563	10232	283	9949
1564	10299	282	10017
1565	10224	274	9950
1566	10264	276	9988
1567	10310	278	10032
1568	10341	279	10062
1569	10449	280	10169
1570	10428	288	10140
1571	10386	291	10095
1572	10370	288	10082
1573	10430	284	10146
1574	10439	285	10154
1575	10429	282	10147
1576	10386	282	10104
1577	10343	290	10053
1578	10431	293	10138
1579	10524	292	10232
1580	10558	280	10278
1581	10677	280	10397
1582	10680	288	10392
1583	10624	286	10338
1584	10661	275	10386
1585	10721	276	10445
1586	10711	275	10436
1587	10700	279	10421
1588	10741	282	10459
1589	10840	277	10563
1590	10864	273	10591
1591	10757	282	10475
1592	10858	285	10573
1593	10878	272	10606
1594	10891	270	10621
1595	10941	278	10663
1596	10908	280	10628
1597	10978	283	10695
1598	11035	273	10762
1599	11029	281	10748
1600	10965	282	10683
1601	11075	277	10798
1602	11160	284	10876
1603	11134	284	10850
1604	11188	276	10912
1605	11119	278	10841
1606	11192	284	10908
1607	11271	285	10986
1608	11248	280	10968
1609	11323	282	11041
1610	11404	277	11127
1611	11315	295	11020
1612	11276	291	10985
1613	11414	291	11123
1614	11386	288	11098
1615	11398	288	11110
1616	11465	278	11187
1617	11382	283	11099
1618	11380	291	11089
1619	11393	288	11105
1620	11494	280	11214
1621	11564	287	11277
1622	11531	285	11246
1623	11495	287	11208
1624	11537	290	11247
1625	11518	289	11229
1626	11649	280	11369
1627	11776	274	11502
1628	11724	277	11447
1629	11729	282	11447
1630	11719	280	11439
1631	11704	285	11419
1632	11776	283	11493
1633	11816	283	11533
1634	11876	282	11594
1635	11870	280	11590
1636	11847	276	11571
1637	11920	281	11639
1638	11903	286	11617
1639	11969	279	11690
1640	11979	277	11702
1641	11916	290	11626
1642	11995	282	11713
1643	12108	276	11832
1644	12148	277	11871
1645	12114	284	11830
1646	12108	289	11819
1647	12184	285	11899
1648	12195	287	11908
1649	12224	280	11944
1650	12153	276	11877
1651	12229	282	11947
1652	12230	285	11945
1653	12276	282	11994
1654	12348	279	12069
1655	12245	285	11960
1656	12323	278	12045
1657	12417	282	12135
1658	12511	281	12230
1659	12527	285	12242
1660	12443	291	12152
1661	12407	286	12121
1662	12364	282	12082
1663	12326	282	12044
1664	12371	273	12098
1665	12542	278	12264
1666	12537	282	12255
1667	12556	277	12279
1668	12555	279	12276
1669	12512	289	12223
1670	12461	280	12181
1671	12503	273	12230
1672	12512	282	12230
1673	12552	287	12265
1674	12685	279	12406
1675	12762	286	12476
1676	12673	280	12393
1677	12640	284	12356
1678	12645	279	12366
1679	12709	277	12432
1680	12725	281	12444
1681	12755	274	12481
1682	12701	267	12434
1683	12723	274	12449
1684	12742	286	12456
1685	12726	288	12438
1686	12775	283	12492
1687	12784	281	12503
1688	12853	294	12559
1689	12820	299	12521
1690	12839	294	12545
1691	12840	277	12563
1692	12904	274	12630
1693	12883	281	12602
1694	12828	272	12556
1695	12829	271	12558
1696	12854	278	12576
1697	12839	286	12553
1698	12932	278	12654
1699	12959	274	12685
1700	12974	274	12700
1701	12888	285	12603
1702	12929	283	12646
1703	12914	284	12630
1704	12909	283	12626
1705	12918	277	12641
1706	13017	281	12736
1707	12995	277	12718
1708	12897	282	12615
1709	12863	291	12572
1710	12945	284	12661
1711	12872	286	12586
1712	12838	282	12556
1713	12973	279	12694
1714	12920	284	12636
1715	12833	276	12557
1716	12863	275	12588
1717	12879	284	12595
1718	12916	268	12648
1719	12868	298	12570
1720	12902	286	12616
1721	13026	274	12752
1722	13012	281	12731
1723	12992	285	12707
1724	13052	286	12766
1725	12900	283	12617
1726	12931	274	12657
1727	12936	268	12668
1728	12992	277	12715
1729	13003	276	12727
1730	12992	277	12715
1731	12986	282	12704
1732	13001	279	12722
1733	13020	279	12741
1734	13062	287	12775
1735	12994	285	12709
1736	12877	272	12605
1737	12917	272	12645
1738	12869	280	12589
1739	12785	286	12499
1740	12829	281	12548
1741	12796	278	12518
1742	12818	277	12541
1743	12786	273	12513
1744	12783	272	12511
1745	12723	276	12447
1746	12777	274	12503
1747	12799	272	12527
1748	12745	274	12471
1749	12686	283	12403
1750	12670	281	12389
1751	12679	280	12399
1752	12680	277	12403
1753	12651	281	12370
1754	12687	279	12408
1755	12617	278	12339
1756	12556	281	12275
1757	12600	275	12325
1758	12644	276	12368
1759	12508	278	12230
1760	12480	284	12196
1761	12494	287	12207
1762	12460	282	12178
1763	12350	289	12061
1764	12355	284	12071
1765	12358	280	12078
1766	12305	281	12024
1767	12307	280	12027
1768	12273	272	12001
1769	12191	272	11919
1770	12221	281	11940
1771	12194	289	11905
1772	12088	285	11803
1773	12080	284	11796
1774	12098	285	11813
1775	12141	280	11861
1776	12098	278	11820
1777	12012	287	11725
1778	11972	286	11686
1779	11990	286	11704
1780	12059	285	11774
1781	12002	286	11716
1782	11900	280	11620
1783	11886	279	11607
1784	11902	276	11626
1785	11810	276	11534
1786	11835	285	11550
1787	11792	289	11503
1788	11800	284	11516
1789	11769	277	11492
1790	11765	278	11487
1791	11804	281	11523
1792	11744	279	11465
1793	11510	279	11231
1794	11527	287	11240
1795	11549	285	11264
1796	11470	278	11192
1797	11479	286	11193
1798	11465	284	11181
1799	11426	281	11145
1800	11441	266	11175
1801	11429	272	11157
1802	11353	277	11076
1803	11380	275	11105
1804	11365	274	11091
1805	11202	281	10921
1806	11243	278	10965
1807	11168	275	10893
1808	11099	267	10832
1809	11085	272	10813
1810	11053	278	10775
1811	11080	277	10803
1812	11089	282	10807
1813	11012	290	10722
1814	10980	293	10687
1815	10946	292	10654
1816	10879	282	10597
1817	10732	283	10449
1818	10820	285	10535
1819	10755	273	10482
1820	10794	273	10521
1821	10820	283	10537
1822	10836	278	10558
1823	10727	278	10449
1824	10691	286	10405
1825	10662	281	10381
1826	10641	276	10365
1827	10635	276	10359
1828	10576	282	10294
1829	10519	284	10235
1830	10606	277	10329
1831	10564	283	10281
1832	10407	283	10124
1833	10522	277	10245
1834	10578	270	10308
1835	10423	278	10145
1836	10399	285	10114
1837	10405	271	10134
1838	10415	269	10146
1839	10392	278	10114
1840	10365	285	10080
1841	10349	285	10064
1842	10304	277	10027
1843	10312	278	10034
1844	10273	275	9998
1845	10186	275	9911
1846	10181	276	9905
1847	10176	277	9899
1848	10192	270	9922
1849	10191	270	9921
1850	10288	272	10016
1851	10257	277	9980
1852	10102	286	9816
1853	10059	283	9776
1854	10107	276	9831
1855	10166	273	9893
1856	10183	269	9914
1857	10132	270	9862
1858	10045	282	9763
1859	10015	280	9735
1860	10025	272	9753
1861	9972	276	9696
1862	9950	282	9668
1863	10009	283	9726
1864	9958	276	9682
1865	9885	274	9611
1866	9892	274	9618
1867	9953	280	9673
1868	9965	280	9685
1869	9923	282	9641
1870	9921	277	9644
1871	9869	271	9598
1872	9836	277	9559
1873	9817	285	9532
1874	9784	282	9502
1875	9802	279	9523
1876	9766	275	9491
1877	9729	288	9441
1878	9728	288	9440
1879	9681	280	9401
1880	9603	275	9328
1881	9597	275	9322
1882	9648	279	9369
1883	9622	281	9341
1884	9547	280	9267
1885	9497	279	9218
1886	9597	284	9313
1887	9549	288	9261
1888	9514	283	9231
1889	9488	280	9208
1890	9486	274	9212
1891	9530	281	9249
1892	9473	286	9187
1893	9453	289	9164
1894	9528	287	9241
1895	9508	280	9228
1896	9449	271	9178
1897	9442	277	9165
1898	9459	273	9186
1899	9487	271	9216
1900	9435	272	9163
1901	9400	270	9130
1902	9439	282	9157
1903	9405	290	9115
1904	9292	280	9012
1905	9320	287	9033
1906	9396	290	9106
1907	9386	276	9110
1908	9342	281	9061
1909	9289	282	9007
1910	9342	283	9059
1911	9360	284	9076
1912	9343	283	9060
1913	9288	286	9002
1914	9260	280	8980
1915	9276	276	9000
1916	9268	278	8990
1917	9262	283	8979
1918	9282	286	8996
1919	9280	287	8993
1920	9215	280	8935
1921	9138	280	8858
1922	9053	274	8779
1923	9073	278	8795
1924	9098	283	8815
1925	9088	284	8804
1926	9001	284	8717
1927	8993	285	8708
1928	9040	278	8762
1929	8991	273	8718
1930	8951	282	8669
1931	8971	281	8690
1932	8984	277	8707
1933	9197	282	8915
1934	9222	287	8935
1935	9184	284	8900
1936	9109	279	8830
1937	9065	276	8789
1938	9127	287	8840
1939	9145	290	8855
1940	9103	277	8826
1941	9031	282	8749
1942	9023	294	8729
1943	9088	285	8803
1944	9089	275	8814
1945	9107	279	8828
1946	9083	276	8807
1947	9064	278	8786
1948	8981	279	8702
1949	9032	290	8742
1950	9048	285	8763
1951	9024	269	8755
1952	9057	266	8791
1953	9087	279	8808
1954	9074	289	8785
1955	9016	286	8730
1956	9036	277	8759
1957	9108	276	8832
1958	9105	279	8826
1959	9130	283	8847
1960	9116	279	8837
1961	9030	270	8760
1962	9062	274	8788
1963	9046	281	8765
1964	9008	283	8725
1965	8990	280	8710
1966	9008	280	8728
1967	8950	285	8665
1968	9013	271	8742
1969	8979	291	8688
1970	8995	274	8721
1971	9082	270	8812
1972	9050	272	8778
1973	9048	276	8772
1974	9069	278	8791
1975	9033	283	8750
1976	9075	285	8790
1977	9106	277	8829
1978	9075	282	8793
1979	8927	281	8646
1980	8985	284	8701
1981	8983	289	8694
1982	9007	286	8721
1983	9027	286	8741
1984	8979	280	8699
1985	8981	275	8706
1986	9107	278	8829
1987	9063	287	8776
1988	9074	279	8795
1989	9067	284	8783
1990	9082	291	8791
1991	9145	285	8860
1992	9161	276	8885
1993	9223	272	8951
1994	9212	274	8938
1995	9285	281	9004
1996	9217	282	8935
1997	9126	279	8847
1998	9114	280	8834
1999	9140	281	8859
2000	9106	282	8824
2001	9124	281	8843
2002	9125	280	8845
2003	9226	282	8944
2004	9277	281	8996
2005	9280	284	8996
2006	9253	283	8970
2007	9258	281	8977
2008	9290	279	9011
2009	9234	281	8953
2010	9241	274	8967
2011	9306	277	9029
2012	9263	281	8982
2013	9246	280	8966
2014	9285	278	9007
2015	9299	279	9020
2016	9256	284	8972
2017	9283	289	8994
2018	9295	281	9014
2019	9210	275	8935
2020	9182	280	8902
2021	9279	284	8995
2022	9214	280	8934
2023	9150	270	8880
2024	9072	267	8805
2025	9163	270	8893
2026	9248	270	8978
2027	9148	281	8867
2028	9084	288	8796
2029	9140	277	8863
2030	9115	272	8843
2031	9119	288	8831
2032	9055	289	8766
2033	9013	290	8723
2034	9026	279	8747
2035	9028	275	8753
2036	9040	285	8755
2037	9020	285	8735
2038	9017	279	8738
2039	8997	288	8709
2040	9028	288	8740
2041	8962	283	8679
2042	8877	280	8597
2043	8950	279	8671
2044	8994	280	8714
2045	8946	279	8667
2046	8891	276	8615
2047	8862	277	8585
2048	8977	278	8699
2049	8971	279	8692
2050	8934	280	8654
2051	8906	283	8623
2052	8903	283	8620
2053	8873	291	8582
2054	8957	280	8677
2055	8995	283	8712
2056	8961	280	8681
2057	8871	277	8594
2058	8923	278	8645
2059	9014	278	8736
2060	8946	274	8672
2061	8948	285	8663
2062	8961	285	8676
2063	8904	281	8623
2064	8892	272	8620
2065	8890	266	8624
2066	8900	274	8626
2067	8863	283	8580
2068	8908	290	8618
2069	8883	285	8598
2070	8839	280	8559
2071	8851	279	8572
2072	8870	284	8586
2073	8902	291	8611
2074	8962	286	8676
2075	8894	286	8608
2076	8821	288	8533
2077	8841	285	8556
2078	8834	284	8550
2079	8807	283	8524
2080	8854	271	8583
2081	8824	279	8545
2082	8809	288	8521
2083	8833	283	8550
2084	8802	275	8527
2085	8776	284	8492
2086	8856	285	8571
2087	8814	278	8536
2088	8764	265	8499
2089	8721	277	8444
2090	8825	281	8544
2091	8778	277	8501
2092	8720	269	8451
2093	8801	276	8525
2094	8823	282	8541
2095	8762	284	8478
2096	8741	285	8456
2097	8681	280	8401
2098	8652	278	8374
2099	8646	285	8361
2100	8710	285	8425
2101	8721	278	8443
2102	8778	276	8502
2103	8782	278	8504
2104	8767	274	8493
2105	8813	284	8529
2106	8813	281	8532
2107	8715	278	8437
2108	8658	274	8384
2109	8633	269	8364
2110	8615	272	8343
2111	8615	274	8341
2112	8617	283	8334
2113	8610	279	8331
2114	8608	278	8330
2115	8568	274	8294
2116	8531	274	8257
2117	8561	276	8285
2118	8596	282	8314
2119	8544	278	8266
2120	8509	281	8228
2121	8441	281	8160
2122	8433	280	8153
2123	8457	291	8166
2124	8419	286	8133
2125	8371	272	8099
2126	8421	272	8149
2127	8358	280	8078
2128	8393	278	8115
2129	8429	276	8153
2130	8378	274	8104
2131	8415	280	8135
2132	8392	274	8118
2133	8355	279	8076
2134	8327	279	8048
2135	8274	278	7996
2136	8297	281	8016
2137	8333	283	8050
2138	8382	281	8101
2139	8373	279	8094
2140	8356	282	8074
2141	8383	275	8108
2142	8360	273	8087
2143	8364	277	8087
2144	8357	277	8080
2145	8260	280	7980
2146	8235	276	7959
2147	8232	278	7954
2148	8239	279	7960
2149	8299	282	8017
2150	8285	287	7998
2151	8255	284	7971
2152	8184	274	7910
2153	8213	274	7939
2154	8302	279	8023
2155	8240	288	7952
2156	8237	279	7958
2157	8248	278	7970
2158	8177	295	7882
2159	8200	281	7919
2160	8218	272	7946
2161	8117	277	7840
2162	8098	273	7825
2163	8095	278	7817
2164	8103	283	7820
2165	8080	287	7793
2166	8119	281	7838
2167	8170	277	7893
2168	8020	280	7740
2169	7950	277	7673
2170	7946	285	7661
2171	7994	282	7712
2172	8040	284	7756
2173	7993	277	7716
2174	7983	280	7703
2175	8027	281	7746
2176	8004	273	7731
2177	7933	272	7661
2178	7868	284	7584
2179	7843	280	7563
2180	7893	274	7619
2181	7917	276	7641
2182	7862	285	7577
2183	7814	289	7525
2184	7793	280	7513
2185	7781	280	7501
2186	7805	281	7524
2187	7814	278	7536
2188	7843	273	7570
2189	7820	278	7542
2190	7732	282	7450
2191	7699	285	7414
2192	7725	281	7444
2193	7720	277	7443
2194	7657	282	7375
2195	7677	281	7396
2196	7718	279	7439
2197	7705	281	7424
2198	7617	274	7343
2199	7605	270	7335
2200	7607	274	7333
2201	7612	285	7327
2202	7612	285	7327
2203	7560	284	7276
2204	7504	280	7224
2205	7444	277	7167
2206	7473	278	7195
2207	7480	278	7202
2208	7525	278	7247
2209	7474	277	7197
2210	7485	278	7207
2211	7430	286	7144
2212	7390	275	7115
2213	7370	274	7096
2214	7325	279	7046
2215	7324	278	7046
2216	7389	280	7109
2217	7384	280	7104
2218	7392	264	7128
2219	7324	288	7036
2220	7266	280	6986
2221	7246	281	6965
2222	7229	273	6956
2223	7228	279	6949
2224	7221	280	6941
2225	7215	271	6944
2226	7251	280	6971
2227	7224	283	6941
2228	7171	280	6891
2229	7165	276	6889
2230	7105	276	6829
2231	7072	276	6796
2232	7094	277	6817
2233	7083	273	6810
2234	7146	278	6868
2235	7112	287	6825
2236	7113	287	6826
2237	7004	292	6712
2238	6925	283	6642
2239	7020	280	6740
2240	7000	281	6719
2241	6922	290	6632
2242	6925	288	6637
2243	6871	276	6595
2244	6874	275	6599
2245	6862	277	6585
2246	6831	279	6552
2247	6796	280	6516
2248	6761	275	6486
2249	6762	283	6479
2250	6822	285	6537
2251	6753	274	6479
2252	6698	269	6429
2253	6764	275	6489
2254	6780	270	6510
2255	6645	269	6376
2256	6600	279	6321
2257	6594	281	6313
2258	6606	280	6326
2259	6566	276	6290
2260	6545	283	6262
2261	6528	277	6251
2262	6520	274	6246
2263	6470	292	6178
2264	6472	285	6187
2265	6471	283	6188
2266	6461	270	6191
2267	6430	274	6156
2268	6388	281	6107
2269	6391	273	6118
2270	6408	270	6138
2271	6366	273	6093
2272	6398	282	6116
2273	6392	285	6107
2274	6352	280	6072
2275	6343	283	6060
2276	6358	287	6071
2277	6337	287	6050
2278	6210	285	5925
2279	6208	272	5936
2280	6259	275	5984
2281	6247	275	5972
2282	6171	281	5890
2283	6203	285	5918
2284	6262	282	5980
2285	6151	287	5864
2286	6105	285	5820
2287	6145	279	5866
2288	6159	286	5873
2289	6096	282	5814
2290	6126	275	5851
2291	6153	274	5879
2292	6153	283	5870
2293	6064	285	5779
2294	6002	284	5718
2295	6049	296	5753
2296	6035	288	5747
2297	5974	280	5694
2298	6050	279	5771
2299	6056	286	5770
2300	6074	277	5797
2301	6023	275	5748
2302	6004	274	5730
2303	6062	283	5779
2304	6058	282	5776
2305	6004	278	5726
2306	5983	288	5695
2307	6021	289	5732
2308	5964	280	5684
2309	5948	279	5669
2310	5993	288	5705
2311	5969	280	5689
2312	5952	270	5682
2313	5949	275	5674
2314	5948	275	5673
2315	5948	281	5667
2316	5856	281	5575
2317	5766	286	5480
2318	5798	283	5515
2319	5808	286	5522
2320	5733	284	5449
2321	5743	278	5465
2322	5776	271	5505
2323	5759	276	5483
2324	5734	277	5457
2325	5713	278	5435
2326	5737	277	5460
2327	5734	267	5467
2328	5772	271	5501
2329	5744	281	5463
2330	5714	279	5435
2331	5701	279	5422
2332	5709	280	5429
2333	5703	275	5428
2334	5722	270	5452
2335	5643	275	5368
2336	5665	274	5391
2337	5621	272	5349
2338	5654	275	5379
2339	5665	276	5389
2340	5582	277	5305
2341	5583	281	5302
2342	5642	287	5355
2343	5653	278	5375
2344	5661	277	5384
2345	5636	279	5357
2346	5628	271	5357
2347	5608	277	5331
2348	5582	276	5306
2349	5594	281	5313
2350	5584	279	5305
2351	5532	279	5253
2352	5557	283	5274
2353	5626	281	5345
2354	5604	269	5335
2355	5549	271	5278
2356	5553	281	5272
2357	5496	283	5213
2358	5466	283	5183
2359	5437	280	5157
2360	5493	271	5222
2361	5521	270	5251
2362	5536	268	5268
2363	5554	271	5283
2364	5483	271	5212
2365	5433	280	5153
2366	5492	283	5209
2367	5383	269	5114
2368	5386	271	5115
2369	5441	279	5162
2370	5365	267	5098
2371	5405	270	5135
2372	5427	275	5152
2373	5400	282	5118
2374	5507	289	5218
2375	5487	274	5213
2376	5396	275	5121
2377	5413	287	5126
2378	5466	290	5176
2379	5450	285	5165
2380	5424	276	5148
2381	5423	282	5141
2382	5380	278	5102
2383	5373	275	5098
2384	5408	277	5131
2385	5336	282	5054
2386	5363	280	5083
2387	5375	275	5100
2388	5380	275	5105
2389	5324	276	5048
2390	5296	276	5020
2391	5315	280	5035
2392	5335	278	5057
2393	5345	272	5073
2394	5332	276	5056
2395	5292	288	5004
2396	5258	287	4971
2397	5252	287	4965
2398	5283	283	5000
2399	5259	272	4987
2400	5238	269	4969
2401	5301	275	5026
2402	5327	277	5050
2403	5318	282	5036
2404	5261	285	4976
2405	5273	290	4983
2406	5270	285	4985
2407	5216	272	4944
2408	5186	268	4918
2409	5188	279	4909
2410	5176	281	4895
2411	5265	276	4989
2412	5282	270	5012
2413	5214	276	4938
2414	5222	282	4940
2415	5210	284	4926
2416	5211	280	4931
2417	5217	278	4939
2418	5181	280	4901
2419	5122	283	4839
2420	5139	286	4853
2421	5202	286	4916
2422	5166	277	4889
2423	5169	272	4897
2424	5166	267	4899
2425	5127	274	4853
2426	5137	277	4860
2427	5183	285	4898
2428	5191	285	4906
2429	5175	280	4895
2430	5186	275	4911
2431	5186	268	4918
2432	5151	265	4886
2433	5146	272	4874
2434	5188	276	4912
2435	5103	273	4830
2436	5024	281	4743
2437	4979	272	4707
2438	5046	262	4784
2439	5077	266	4811
2440	5045	279	4766
2441	5065	271	4794
2442	5098	270	4828
2443	5049	280	4769
2444	5016	274	4742
2445	5041	273	4768
2446	5082	276	4806
2447	4965	280	4685
2448	5018	283	4735
2449	5048	282	4766
2450	4999	283	4716
2451	4991	286	4705
2452	4975	285	4690
2453	4930	285	4645
2454	4932	290	4642
2455	5003	288	4715
2456	5024	283	4741
2457	5067	291	4776
2458	5017	281	4736
2459	5035	274	4761
2460	5000	284	4716
2461	4994	284	4710
2462	5002	286	4716
2463	4990	288	4702
2464	4988	278	4710
2465	4981	281	4700
2466	4952	282	4670
2467	5005	282	4723
2468	4964	267	4697
2469	4945	290	4655
2470	4914	277	4637
2471	4928	283	4645
2472	4900	286	4614
2473	4960	285	4675
2474	4963	276	4687
2475	4909	278	4631
2476	4862	276	4586
2477	4881	280	4601
2478	4926	282	4644
2479	4898	283	4615
2480	4893	286	4607
2481	4920	290	4630
2482	4873	280	4593
2483	4829	274	4555
2484	4808	274	4534
2485	4799	276	4523
2486	4827	282	4545
2487	4791	279	4512
2488	4832	276	4556
2489	4844	278	4566
2490	4850	272	4578
2491	4841	279	4562
2492	4833	278	4555
2493	4774	282	4492
2494	4856	283	4573
2495	4873	282	4591
2496	4792	285	4507
2497	4807	288	4519
2498	4797	271	4526
2499	4794	275	4519
2500	4762	270	4492
2501	4794	278	4516
2502	4795	282	4513
2503	4769	279	4490
2504	4722	284	4438
2505	4773	281	4492
2506	4834	276	4558
2507	4799	267	4532
2508	4773	274	4499
2509	4787	286	4501
2510	4788	273	4515
2511	4761	269	4492
2512	4798	267	4531
2513	4778	276	4502
2514	4757	276	4481
2515	4694	279	4415
2516	4745	276	4469
2517	4795	280	4515
2518	4760	288	4472
2519	4750	286	4464
2520	4741	268	4473
2521	4742	269	4473
2522	4780	276	4504
2523	4791	283	4508
2524	4785	290	4495
2525	4742	286	4456
2526	4720	279	4441
2527	4671	274	4397
2528	4683	270	4413
2529	4756	282	4474
2530	4791	277	4514
2531	4743	274	4469
2532	4746	282	4464
2533	4756	289	4467
2534	4756	282	4474
2535	4743	282	4461
2536	4774	276	4498
2537	4751	269	4482
2538	4777	280	4497
2539	4775	289	4486
2540	4775	285	4490
2541	4785	274	4511
2542	4753	270	4483
2543	4697	276	4421
2544	4711	276	4435
2545	4709	281	4428
2546	4699	281	4418
2547	4690	284	4406
2548	4705	279	4426
2549	4660	271	4389
2550	4719	275	4444
2551	4701	279	4422
2552	4732	276	4456
2553	4729	277	4452
2554	4706	280	4426
2555	4681	279	4402
2556	4635	282	4353
2557	4617	278	4339
2558	4634	273	4361
2559	4581	273	4308
2560	4605	283	4322
2561	4587	290	4297
2562	4555	281	4274
2563	4582	282	4300
2564	4645	283	4362
2565	4689	283	4406
2566	4681	283	4398
2567	4603	292	4311
2568	4659	292	4367
2569	4694	288	4406
2570	4698	273	4425
2571	4672	271	4401
2572	4688	279	4409
2573	4669	284	4385
2574	4714	277	4437
2575	4688	279	4409
2576	4687	275	4412
2577	4682	281	4401
2578	4679	282	4397
2579	4715	276	4439
2580	4678	269	4409
2581	4619	273	4346
2582	4635	274	4361
2583	4597	279	4318
2584	4624	280	4344
2585	4672	274	4398
2586	4627	273	4354
2587	4691	281	4410
2588	4679	281	4398
2589	4631	284	4347
2590	4633	283	4350
2591	4680	280	4400
2592	4721	281	4440
2593	4689	284	4405
2594	4623	279	4344
2595	4648	282	4366
2596	4685	273	4412
2597	4644	277	4367
2598	4592	279	4313
2599	4640	282	4358
2600	4619	277	4342
2601	4631	268	4363
2602	4638	277	4361
2603	4707	278	4429
2604	4712	282	4430
2605	4624	288	4336
2606	4626	281	4345
2607	4636	275	4361
2608	4649	272	4377
2609	4673	278	4395
2610	4680	281	4399
2611	4651	280	4371
2612	4612	273	4339
2613	4634	275	4359
2614	4656	281	4375
2615	4684	277	4407
2616	4595	280	4315
2617	4549	281	4268
2618	4608	277	4331
2619	4623	279	4344
2620	4615	284	4331
2621	4608	282	4326
2622	4631	280	4351
2623	4645	276	4369
2624	4612	274	4338
2625	4651	268	4383
2626	4683	278	4405
2627	4636	286	4350
2628	4554	281	4273
2629	4556	283	4273
2630	4602	281	4321
2631	4650	286	4364
2632	4644	282	4362
2633	4578	279	4299
2634	4608	283	4325
2635	4622	280	4342
2636	4606	279	4327
2637	4590	280	4310
2638	4631	274	4357
2639	4669	273	4396
2640	4586	265	4321
2641	4615	267	4348
2642	4632	267	4365
2643	4619	278	4341
2644	4634	283	4351
2645	4624	287	4337
2646	4670	286	4384
2647	4672	279	4393
2648	4637	279	4358
2649	4633	289	4344
2650	4691	278	4413
2651	4668	270	4398
2652	4646	276	4370
2653	4643	279	4364
2654	4659	283	4376
2655	4676	278	4398
2656	4618	277	4341
2657	4593	279	4314
2658	4688	284	4404
2659	4673	288	4385
2660	4648	277	4371
2661	4661	277	4384
2662	4652	282	4370
2663	4648	293	4355
2664	4595	294	4301
2665	4573	285	4288
2666	4575	276	4299
2667	4641	277	4364
2668	4691	282	4409
2669	4627	277	4350
2670	4601	273	4328
2671	4638	281	4357
2672	4729	288	4441
2673	4700	282	4418
2674	4644	274	4370
2675	4642	278	4364
2676	4642	278	4364
2677	4708	277	4431
2678	4706	279	4427
2679	4643	281	4362
2680	4587	280	4307
2681	4547	285	4262
2682	4570	286	4284
2683	4661	283	4378
2684	4640	279	4361
2685	4628	285	4343
2686	4639	281	4358
2687	4647	279	4368
2688	4685	275	4410
2689	4639	277	4362
2690	4601	273	4328
2691	4628	277	4351
2692	4587	281	4306
2693	4529	279	4250
2694	4600	284	4316
2695	4655	288	4367
2696	4619	289	4330
2697	4653	280	4373
2698	4689	283	4406
2699	4618	274	4344
2700	4630	266	4364
2701	4620	275	4345
2702	4616	287	4329
2703	4594	285	4309
2704	4572	275	4297
2705	4584	283	4301
2706	4597	280	4317
2707	4620	285	4335
2708	4577	290	4287
2709	4578	285	4293
2710	4557	287	4270
2711	4603	288	4315
2712	4595	281	4314
2713	4556	288	4268
2714	4603	289	4314
2715	4611	283	4328
2716	4631	277	4354
2717	4629	277	4352
2718	4594	263	4331
2719	4613	279	4334
2720	4600	274	4326
2721	4605	274	4331
2722	4612	273	4339
2723	4600	283	4317
2724	4648	272	4376
2725	4686	273	4413
2726	4639	281	4358
2727	4666	280	4386
2728	4629	277	4352
2729	4621	278	4343
2730	4589	285	4304
2731	4649	290	4359
2732	4658	290	4368
2733	4538	288	4250
2734	4547	284	4263
2735	4624	283	4341
2736	4610	291	4319
2737	4614	283	4331
2738	4584	280	4304
2739	4621	280	4341
2740	4619	273	4346
2741	4591	276	4315
2742	4647	276	4371
2743	4594	278	4316
2744	4592	276	4316
2745	4604	275	4329
2746	4580	278	4302
2747	4630	276	4354
2748	4645	275	4370
2749	4620	275	4345
2750	4592	286	4306
2751	4567	298	4269
2752	4541	282	4259
2753	4599	285	4314
2754	4553	287	4266
2755	4597	285	4312
2756	4591	290	4301
2757	4560	289	4271
2758	4592	272	4320
2759	4569	274	4295
2760	4580	284	4296
2761	4568	277	4291
2762	4526	283	4243
2763	4546	284	4262
2764	4569	274	4295
2765	4547	273	4274
2766	4548	277	4271
2767	4527	278	4249
2768	4619	277	4342
2769	4605	279	4326
2770	4574	278	4296
2771	4545	283	4262
2772	4569	281	4288
2773	4592	279	4313
2774	4572	277	4295
2775	4573	283	4290
2776	4632	277	4355
2777	4572	283	4289
2778	4593	285	4308
2779	4567	283	4284
2780	4577	281	4296
2781	4589	281	4308
2782	4578	274	4304
2783	4544	282	4262
2784	4480	285	4195
2785	4482	280	4202
2786	4519	285	4234
2787	4481	286	4195
2788	4463	277	4186
2789	4488	282	4206
2790	4504	287	4217
2791	4481	277	4204
2792	4445	272	4173
2793	4505	276	4229
2794	4517	277	4240
2795	4478	282	4196
2796	4532	283	4249
2797	4520	281	4239
2798	4477	281	4196
2799	4462	279	4183
2800	4434	281	4153
2801	4439	278	4161
2802	4445	276	4169
2803	4413	281	4132
2804	4408	287	4121
2805	4381	283	4098
2806	4448	285	4163
2807	4514	288	4226
2808	4483	279	4204
2809	4491	283	4208
2810	4509	283	4226
2811	4539	278	4261
2812	4461	274	4187
2813	4462	282	4180
2814	4417	291	4126
2815	4406	284	4122
2816	4391	264	4127
2817	4379	267	4112
2818	4425	284	4141
2819	4444	279	4165
2820	4468	278	4190
2821	4428	286	4142
2822	4466	288	4178
2823	4454	283	4171
2824	4459	270	4189
2825	4404	275	4129
2826	4403	284	4119
2827	4447	290	4157
2828	4437	284	4153
2829	4366	279	4087
2830	4356	274	4082
2831	4366	274	4092
2832	4405	276	4129
2833	4382	286	4096
2834	4430	282	4148
2835	4396	287	4109
2836	4344	285	4059
2837	4291	291	4000
2838	4355	285	4070
2839	4355	287	4068
2840	4340	292	4048
2841	4303	281	4022
2842	4287	273	4014
2843	4326	273	4053
2844	4372	274	4098
2845	4277	276	4001
2846	4270	272	3998
2847	4258	270	3988
2848	4302	270	4032
2849	4350	276	4074
2850	4309	289	4020
2851	4328	286	4042
2852	4363	274	4089
2853	4328	281	4047
2854	4312	282	4030
2855	4345	278	4067
2856	4270	279	3991
2857	4217	282	3935
2858	4289	282	4007
2859	4290	276	4014
2860	4200	274	3926
2861	4249	277	3972
2862	4294	277	4017
2863	4231	285	3946
2864	4218	283	3935
2865	4213	280	3933
2866	4236	283	3953
2867	4248	286	3962
2868	4208	288	3920
2869	4175	292	3883
2870	4217	286	3931
2871	4210	286	3924
2872	4161	272	3889
2873	4107	273	3834
2874	4135	279	3856
2875	4159	288	3871
2876	4183	279	3904
2877	4178	283	3895
2878	4206	277	3929
2879	4199	262	3937
2880	4150	272	3878
2881	4121	280	3841
2882	4121	292	3829
2883	4061	277	3784
2884	4135	268	3867
2885	4188	278	3910
2886	4139	282	3857
2887	4105	278	3827
2888	4074	278	3796
2889	4098	281	3817
2890	4079	275	3804
2891	4084	287	3797
2892	4119	289	3830
2893	4092	282	3810
2894	4099	278	3821
2895	4054	286	3768
2896	3967	289	3678
2897	3975	286	3689
2898	4055	277	3778
2899	4046	282	3764
2900	4014	292	3722
2901	3994	282	3712
2902	3959	280	3679
2903	3983	280	3703
2904	3998	274	3724
2905	3968	273	3695
2906	3955	272	3683
2907	3945	275	3670
2908	3937	277	3660
2909	3859	280	3579
2910	3841	280	3561
2911	3855	277	3578
2912	3866	278	3588
2913	3893	275	3618
2914	3922	275	3647
2915	3877	277	3600
2916	3878	285	3593
2917	3884	286	3598
2918	3856	280	3576
2919	3816	278	3538
2920	3815	279	3536
2921	3841	287	3554
2922	3885	273	3612
2923	3856	275	3581
2924	3854	273	3581
2925	3844	276	3568
2926	3798	281	3517
2927	3799	285	3514
2928	3764	282	3482
2929	3793	282	3511
2930	3760	280	3480
2931	3706	288	3418
2932	3714	280	3434
2933	3696	274	3422
2934	3680	284	3396
2935	3708	283	3425
2936	3764	279	3485
2937	3753	284	3469
2938	3716	287	3429
2939	3713	275	3438
2940	3744	277	3467
2941	3708	281	3427
2942	3727	273	3454
2943	3653	271	3382
2944	3658	276	3382
2945	3652	280	3372
2946	3634	280	3354
2947	3653	280	3373
2948	3627	275	3352
2949	3626	278	3348
2950	3608	273	3335
2951	3567	270	3297
2952	3550	277	3273
2953	3529	275	3254
2954	3559	273	3286
2955	3554	272	3282
2956	3503	280	3223
2957	3551	279	3272
2958	3585	271	3314
2959	3549	270	3279
2960	3498	279	3219
2961	3512	284	3228
2962	3521	273	3248
2963	3512	280	3232
2964	3525	289	3236
2965	3466	281	3185
2966	3451	279	3172
2967	3455	288	3167
2968	3447	276	3171
2969	3462	283	3179
2970	3424	271	3153
2971	3400	281	3119
2972	3383	287	3096
2973	3376	280	3096
2974	3356	276	3080
2975	3385	271	3114
2976	3404	276	3128
2977	3352	281	3071
2978	3354	267	3087
2979	3333	278	3055
2980	3349	278	3071
2981	3383	283	3100
2982	3328	285	3043
2983	3298	282	3016
2984	3290	279	3011
2985	3259	282	2977
2986	3218	283	2935
2987	3260	276	2984
2988	3241	261	2980
2989	3198	270	2928
2990	3227	271	2956
2991	3222	286	2936
2992	3195	282	2913
2993	3205	271	2934
2994	3205	269	2936
2995	3171	275	2896
2996	3177	278	2899
2997	3139	278	2861
2998	3105	281	2824
2999	3115	294	2821
3000	3131	288	2843
3001	3110	284	2826
3002	3103	285	2818
3003	3116	278	2838
3004	3135	282	2853
3005	3127	279	2848
3006	3091	278	2813
3007	3069	277	2792
3008	3042	276	2766
3009	3036	290	2746
3010	3040	271	2769
3011	3079	277	2802
3012	3022	280	2742
3013	2995	277	2718
3014	2989	277	2712
3015	2976	272	2704
3016	2939	274	2665
3017	2953	279	2674
3018	2997	275	2722
3019	2956	275	2681
3020	2898	283	2615
3021	2872	279	2593
3022	2890	276	2614
3023	2822	284	2538
3024	2823	286	2537
3025	2816	285	2531
3026	2816	279	2537
3027	2816	283	2533
3028	2828	283	2545
3029	2802	276	2526
3030	2795	273	2522
3031	2760	280	2480
3032	2724	274	2450
3033	2730	281	2449
3034	2754	281	2473
3035	2729	279	2450
3036	2710	287	2423
3037	2712	287	2425
3038	2708	278	2430
3039	2661	280	2381
3040	2596	283	2313
3041	2586	285	2301
3042	2601	278	2323
3043	2565	277	2288
3044	2534	282	2252
3045	2580	291	2289
3046	2618	285	2333
3047	2594	282	2312
3048	2559	287	2272
3049	2521	287	2234
3050	2519	282	2237
3051	2503	282	2221
3052	2518	278	2240
3053	2516	273	2243
3054	2423	285	2138
3055	2420	287	2133
3056	2426	274	2152
3057	2369	270	2099
3058	2399	264	2135
3059	2392	264	2128
3060	2366	270	2096
3061	2384	281	2103
3062	2370	281	2089
3063	2338	278	2060
3064	2346	282	2064
3065	2300	287	2013
3066	2286	285	2001
3067	2283	284	1999
3068	2300	275	2025
3069	2311	275	2036
3070	2265	278	1987
3071	2235	278	1957
3072	2254	274	1980
3073	2220	282	1938
3074	2209	288	1921
3075	2161	277	1884
3076	2163	281	1882
3077	2171	283	1888
3078	2147	287	1860
3079	2144	292	1852
3080	2145	285	1860
3081	2141	281	1860
3082	2107	278	1829
3083	2070	283	1787
3084	2081	278	1803
3085	2098	270	1828
3086	2045	282	1763
3087	1995	297	1698
3088	1994	288	1706
3089	2016	290	1726
3090	1999	279	1720
3091	1924	276	1648
3092	1913	279	1634
3093	1994	288	1706
3094	1978	287	1691
3095	1852	285	1567
3096	1853	289	1564
3097	1869	287	1582
3098	1877	274	1603
3099	1861	280	1581
3100	1830	281	1549
3101	1825	279	1546
3102	1789	274	1515
3103	1813	275	1538
3104	1806	278	1528
3105	1803	285	1518
3106	1788	284	1504
3107	1810	281	1529
3108	1758	275	1483
3109	1723	282	1441
3110	1743	277	1466
3111	1728	281	1447
3112	1708	278	1430
3113	1679	274	1405
3114	1684	283	1401
3115	1644	288	1356
3116	1644	282	1362
3117	1608	281	1327
3118	1594	278	1316
3119	1623	280	1343
3120	1602	278	1324
3121	1560	283	1277
3122	1566	287	1279
3123	1551	285	1266
3124	1512	278	1234
3125	1491	278	1213
3126	1505	278	1227
3127	1509	280	1229
3128	1525	270	1255
3129	1491	268	1223
3130	1486	275	1211
3131	1470	285	1185
3132	1499	278	1221
3133	1461	274	1187
3134	1479	271	1208
3135	1465	272	1193
3136	1430	279	1151
3137	1424	285	1139
3138	1442	281	1161
3139	1417	280	1137
3140	1396	291	1105
3141	1396	282	1114
3142	1377	275	1102
3143	1346	282	1064
3144	1331	281	1050
3145	1322	279	1043
3146	1304	284	1020
3147	1309	286	1023
3148	1261	279	982
3149	1205	276	929
3150	1217	282	935
3151	1233	286	947
3152	1281	284	997
3153	1233	286	947
3154	1210	288	922
3155	1218	278	940
3156	1188	282	906
3157	1184	284	900
3158	1204	281	923
3159	1199	281	918
3160	1180	282	898
3161	1193	282	911
3162	1189	273	916
3163	1119	282	837
3164	1101	280	821
3165	1124	278	846
3166	1122	282	840
3167	1108	283	825
3168	1076	284	792
3169	1043	283	760
3170	1075	283	792
3171	1081	281	800
3172	1050	284	766
3173	1042	278	764
3174	1025	281	744
3175	1014	286	728
3176	998	286	712
3177	997	286	711
3178	1012	289	723
3179	983	282	701
3180	996	285	711
3181	975	291	684
3182	978	282	696
3183	961	278	683
3184	964	277	687
3185	968	279	689
3186	964	276	688
3187	916	274	642
3188	889	277	612
3189	903	279	624
3190	941	274	667
3191	904	273	631
3192	869	277	592
3193	897	283	614
3194	883	278	605
3195	844	284	560
3196	865	286	579
3197	883	287	596
3198	862	282	580
3199	846	274	572
3200	836	281	555
3201	829	289	540
3202	817	278	539
3203	797	284	513
3204	809	287	522
3205	812	287	525
3206	774	283	491
3207	763	284	479
3208	784	279	505
3209	775	284	491
3210	766	279	487
3211	737	281	456
3212	759	288	471
3213	781	280	501
3214	764	277	487
3215	747	288	459
3216	748	275	473
3217	737	279	458
3218	769	277	492
3219	766	303	463
3220	757	285	472
3221	749	287	462
3222	743	295	448
3223	715	293	422
3224	713	281	432
3225	716	277	439
3226	689	285	404
3227	698	288	410
3228	705	283	422
3229	729	286	443
3230	730	279	451
3231	682	281	401
3232	692	285	407
3233	700	279	421
3234	680	282	398
3235	670	288	382
3236	684	288	396
3237	669	274	395
3238	665	274	391
3239	653	274	379
3240	681	280	401
3241	645	284	361
3242	634	281	353
3243	626	277	349
3244	623	278	345
3245	627	286	341
3246	642	283	359
3247	641	279	362
3248	628	282	346
3249	613	279	334
3250	607	278	329
3251	590	291	299
3252	622	292	330
3253	617	285	332
3254	619	284	335
3255	616	273	343
3256	625	282	343
3257	612	284	328
3258	611	278	333
3259	614	280	334
3260	624	273	351
3261	609	278	331
3262	611	287	324
3263	597	278	319
3264	610	273	337
3265	604	279	325
3266	598	279	319
3267	592	283	309
3268	599	281	318
3269	573	288	285
3270	558	278	280
3271	552	277	275
3272	548	285	263
3273	555	286	269
3274	577	281	296
3275	568	288	280
3276	563	288	275
3277	554	284	270
3278	570	276	294
3279	580	277	303
3280	538	277	261
3281	532	276	256
3282	553	267	286
3283	522	272	250
3284	534	274	260
3285	536	273	263
3286	545	272	273
3287	562	283	279
3288	553	284	269
3289	526	285	241
3290	555	284	271
3291	545	285	260
3292	544	285	259
3293	535	282	253
3294	515	277	238
3295	514	282	232
3296	527	279	248
3297	530	287	243
3298	528	278	250
3299	508	279	229
3300	514	285	229
3301	515	283	232
3302	534	282	252
3303	533	278	255
3304	500	276	224
3305	508	283	225
3306	513	277	236
3307	512	281	231
3308	510	273	237
3309	514	262	252
3310	523	268	255
3311	490	275	215
3312	475	277	198
3313	501	278	223
3314	516	275	241
3315	484	279	205
3316	481	279	202
3317	489	286	203
3318	493	283	210
3319	483	280	203
3320	466	278	188
3321	466	281	185
3322	450	283	167
3323	437	279	158
3324	460	284	176
3325	448	283	165
3326	443	281	162
3327	455	277	178
3328	454	282	172
3329	444	288	156
3330	477	281	196
3331	459	285	174
3332	461	277	184
3333	471	282	189
3334	454	282	172
3335	461	279	182
3336	459	287	172
3337	457	282	175
3338	456	278	178
3339	455	280	175
3340	469	282	187
3341	453	285	168
3342	457	280	177
3343	453	286	167
3344	449	285	164
3345	441	291	150
3346	440	287	153
3347	423	279	144
3348	434	273	161
3349	424	279	145
3350	430	286	144
3351	420	282	138
3352	419	286	133
3353	432	285	147
3354	450	282	168
3355	432	281	151
3356	437	283	154
3357	412	294	118
3358	436	287	149
3359	430	288	142
3360	415	286	129
3361	413	286	127
3362	432	282	150
3363	435	284	151
3364	422	283	139
3365	419	288	131
3366	443	285	158
3367	437	279	158
3368	433	289	144
3369	402	290	112
3370	437	283	154
3371	419	286	133
3372	428	278	150
3373	417	287	130
3374	380	285	95
3375	403	282	121
3376	435	280	155
3377	431	279	152
3378	443	285	158
3379	430	291	139
3380	421	289	132
3381	409	290	119
3382	391	288	103
3383	383	281	102
3384	407	274	133
3385	420	284	136
3386	421	282	139
3387	410	287	123
3388	421	286	135
3389	419	280	139
3390	406	284	122
3391	413	283	130
3392	403	279	124
3393	406	283	123
3394	425	287	138
3395	411	282	129
3396	408	276	132
3397	400	273	127
3398	417	280	137
3399	410	295	115
3400	418	288	130
3401	418	275	143
3402	408	270	138
3403	380	280	100
3404	421	276	145
3405	431	281	150
3406	405	286	119
3407	413	283	130
3408	422	276	146
3409	399	277	122
3410	412	289	123
3411	397	290	107
3412	400	281	119
3413	392	277	115
3414	398	274	124
3415	419	275	144
3416	409	270	139
3417	376	265	111
3418	382	260	122
3419	412	263	149
3420	416	271	145
3421	400	281	119
3422	396	282	114
3423	402	275	127
3424	415	279	136
3425	411	272	139
3426	408	274	134
3427	403	281	122
3428	395	279	116
3429	375	276	99
3430	393	275	118
3431	420	275	145
3432	410	277	133
3433	421	280	141
3434	406	288	118
3435	404	288	116
3436	390	279	111
3437	377	283	94
3438	396	285	111
3439	407	280	127
3440	415	282	133
3441	404	273	131
3442	407	274	133
3443	398	273	125
3444	387	277	110
3445	388	276	112
3446	403	284	119
3447	417	290	127
3448	391	275	116
3449	379	275	104
3450	393	281	112
3451	398	281	117
3452	397	286	111
3453	386	285	101
3454	401	281	120
3455	396	286	110
3456	410	279	131
3457	381	281	100
3458	374	282	92
3459	378	289	89
3460	394	289	105
3461	403	289	114
3462	399	277	122
3463	362	283	79
3464	368	294	74
3465	375	289	86
3466	408	279	129
3467	395	286	109
3468	391	272	119
3469	376	290	86
3470	396	277	119
3471	391	275	116
3472	367	287	80
3473	367	285	82
3474	390	279	111
3475	381	281	100
3476	386	285	101
3477	383	287	96
3478	384	282	102
3479	403	284	119
3480	394	275	119
3481	391	280	111
3482	376	280	96
3483	365	271	94
3484	371	275	96
3485	392	281	111
3486	392	283	109
3487	397	280	117
3488	380	281	99
3489	369	273	96
3490	360	270	90
3491	376	282	94
3492	378	277	101
3493	391	278	113
3494	398	279	119
3495	388	277	111
3496	395	270	125
3497	388	269	119
3498	378	280	98
3499	370	286	84
3500	381	276	105
3501	365	274	91
3502	381	276	105
3503	390	272	118
3504	389	274	115
3505	386	281	105
3506	396	282	114
3507	360	284	76
3508	354	279	75
3509	385	276	109
3510	386	276	110
3511	357	272	85
3512	373	271	102
3513	382	279	103
3514	381	272	109
3515	371	274	97
3516	371	290	81
3517	360	291	69
3518	361	280	81
3519	346	284	62
3520	358	275	83
3521	377	273	104
3522	377	279	98
3523	368	278	90
3524	386	282	104
3525	392	293	99
3526	380	284	96
3527	358	283	75
3528	352	282	70
3529	351	283	68
3530	368	280	88
3531	369	281	88
3532	385	282	103
3533	375	270	105
3534	357	273	84
3535	348	278	70
3536	357	280	77
3537	345	284	61
3538	353	277	76
3539	333	282	51
3540	341	287	54
3541	349	285	64
3542	365	279	86
3543	362	273	89
3544	366	273	93
3545	365	282	83
3546	376	282	94
3547	365	286	79
3548	344	274	70
3549	339	269	70
3550	364	269	95
3551	377	278	99
3552	375	277	98
3553	353	285	68
3554	355	289	66
3555	363	282	81
3556	370	283	87
3557	364	281	83
3558	354	280	74
3559	343	278	65
3560	345	285	60
3561	364	286	78
3562	354	271	83
3563	364	279	85
3564	382	283	99
3565	373	285	88
3566	381	277	104
3567	369	281	88
3568	320	280	40
3569	301	280	21
3570	344	282	62
3571	356	280	76
3572	341	273	68
3573	350	279	71
3574	374	281	93
3575	378	281	97
3576	346	289	57
3577	336	288	48
3578	362	280	82
3579	348	285	63
3580	348	285	63
3581	360	287	73
3582	375	290	85
3583	375	280	95
3584	367	283	84
3585	351	281	70
3586	334	272	62
3587	331	279	52
3588	347	284	63
3589	347	288	59
3590	347	280	67
3591	341	289	52
3592	331	288	43
3593	325	280	45
3594	349	276	73
3595	366	284	82
3596	363	297	66
3597	350	289	61
3598	332	275	57
3599	335	282	53
3600	364	277	87
3601	354	276	78
3602	342	282	60
3603	353	283	70
3604	333	284	49
3605	347	286	61
3606	364	297	67
3607	323	299	24
3608	353	280	73
3609	364	276	88
3610	349	283	66
3611	350	288	62
3612	359	277	82
3613	353	274	79
3614	345	279	66
3615	352	280	72
3616	352	286	66
3617	354	287	67
3618	358	291	67
3619	345	288	57
3620	340	281	59
3621	347	286	61
3622	342	278	64
3623	322	281	41
3624	341	280	61
3625	366	279	87
3626	361	288	73
3627	347	293	54
3628	353	288	65
3629	350	281	69
3630	335	278	57
3631	327	279	48
3632	353	275	78
3633	347	276	71
3634	335	274	61
3635	328	275	53
3636	341	268	73
3637	351	279	72
3638	369	288	81
3639	373	291	82
3640	366	281	85
3641	359	277	82
3642	358	281	77
3643	349	275	74
3644	358	277	81
3645	348	290	58
3646	357	285	72
3647	347	278	69
3648	353	272	81
