index	original	background	difference
-----------------------------------------------------
1	605	249	356
2	589	238	351
3	593	236	357
4	616	240	376
5	618	244	374
6	637	252	385
7	632	249	383
8	619	247	372
9	642	254	388
10	648	256	392
11	640	257	383
12	632	245	387
13	634	250	384
14	635	252	383
15	637	255	382
16	653	261	392
17	663	261	402
18	653	258	395
19	647	253	394
20	646	260	386
21	653	253	400
22	633	250	383
23	625	259	366
24	626	261	365
25	657	257	400
26	676	261	415
27	689	266	423
28	651	254	397
29	666	264	402
30	674	265	409
31	642	257	385
32	672	255	417
33	664	267	397
34	649	261	388
35	662	264	398
36	663	271	392
37	658	272	386
38	667	272	395
39	698	263	435
40	696	266	430
41	690	264	426
42	700	270	430
43	718	269	449
44	680	265	415
45	662	269	393
46	681	274	407
47	726	273	453
48	727	267	460
49	707	267	440
50	704	267	437
51	714	269	445
52	724	264	460
53	700	259	441
54	690	267	423
55	696	267	429
56	699	281	418
57	692	278	414
58	707	272	435
59	722	275	447
60	718	269	449
61	725	266	459
62	731	265	466
63	729	275	454
64	719	273	446
65	724	270	454
66	750	270	480
67	741	277	464
68	759	273	486
69	747	280	467
70	757	289	468
71	741	278	463
72	731	280	451
73	753	281	472
74	745	271	474
75	743	268	475
76	719	268	451
77	727	271	456
78	748	274	474
79	770	279	491
80	778	280	498
81	748	274	474
82	744	270	474
83	771	277	494
84	767	273	494
85	755	277	478
86	765	287	478
87	789	283	506
88	783	275	508
89	777	274	503
90	791	268	523
91	790	272	518
92	799	273	526
93	782	261	521
94	768	274	494
95	801	277	524
96	812	274	538
97	796	277	519
98	809	272	537
99	812	271	541
100	823	278	545
101	816	281	535
102	829	272	557
103	815	275	540
104	822	276	546
105	855	277	578
106	848	286	562
107	823	279	544
108	804	272	532
109	848	284	564
110	876	274	602
111	855	276	579
112	857	287	570
113	856	274	582
114	820	272	548
115	824	280	544
116	854	277	577
117	850	276	574
118	870	293	577
119	873	288	585
120	877	269	608
121	867	272	595
122	845	274	571
123	872	287	585
124	864	294	570
125	857	281	576
126	877	281	596
127	884	290	594
128	892	281	611
129	920	279	641
130	909	275	634
131	920	277	643
132	921	279	642
133	893	276	617
134	908	282	626
135	907	279	628
136	914	287	627
137	910	283	627
138	911	278	633
139	933	278	655
140	926	278	648
141	925	280	645
142	946	276	670
143	959	291	668
144	973	288	685
145	956	279	677
146	931	274	657
147	960	277	683
148	941	276	665
149	944	282	662
150	944	278	666
151	945	278	667
152	967	279	688
153	990	287	703
154	962	278	684
155	954	271	683
156	958	269	689
157	966	274	692
158	980	279	701
159	993	280	713
160	986	284	702
161	978	277	701
162	1002	279	723
163	1005	279	726
164	978	276	702
165	968	279	689
166	1005	283	722
167	1019	286	733
168	1029	287	742
169	1013	292	721
170	999	283	716
171	991	288	703
172	985	275	710
173	1011	269	742
174	1040	277	763
175	1040	288	752
176	1046	281	765
177	1061	282	779
178	1049	285	764
179	1057	281	776
180	1072	280	792
181	1085	280	805
182	1062	279	783
183	1044	285	759
184	1053	285	768
185	1069	279	790
186	1099	282	817
187	1073	286	787
188	1075	280	795
189	1077	283	794
190	1069	279	790
191	1084	281	803
192	1050	280	770
193	1051	279	772
194	1088	284	804
195	1054	283	771
196	1062	284	778
197	1111	277	834
198	1122	281	841
199	1090	283	807
200	1082	287	795
201	1098	288	810
202	1111	276	835
203	1108	282	826
204	1117	289	828
205	1122	286	836
206	1102	281	821
207	1099	282	817
208	1108	279	829
209	1127	279	848
210	1151	281	870
211	1132	283	849
212	1146	278	868
213	1142	276	866
214	1143	274	869
215	1168	268	900
216	1121	275	846
217	1132	284	848
218	1145	267	878
219	1125	290	835
220	1135	274	861
221	1141	272	869
222	1195	276	919
223	1195	281	914
224	1187	285	902
225	1177	280	897
226	1170	280	890
227	1182	284	898
228	1221	281	940
229	1190	274	916
230	1181	285	896
231	1195	275	920
232	1182	274	908
233	1188	285	903
234	1185	286	899
235	1185	286	899
236	1192	278	914
237	1210	277	933
238	1226	270	956
239	1262	275	987
240	1244	276	968
241	1192	280	912
242	1224	287	937
243	1268	288	980
244	1263	280	983
245	1287	273	1014
246	1246	276	970
247	1238	287	951
248	1252	283	969
249	1245	280	965
250	1235	281	954
251	1276	279	997
252	1297	276	1021
253	1259	283	976
254	1257	280	977
255	1284	278	1006
256	1293	279	1014
257	1297	280	1017
258	1279	282	997
259	1272	276	996
260	1296	276	1020
261	1287	279	1008
262	1307	275	1032
263	1282	279	1003
264	1293	276	1017
265	1310	269	1041
266	1303	274	1029
267	1319	280	1039
268	1314	277	1037
269	1332	272	1060
270	1343	272	1071
271	1320	272	1048
272	1342	275	1067
273	1370	279	1091
274	1377	282	1095
275	1363	282	1081
276	1358	283	1075
277	1330	287	1043
278	1334	273	1061
279	1350	276	1074
280	1330	273	1057
281	1334	278	1056
282	1358	280	1078
283	1373	282	1091
284	1373	282	1091
285	1357	288	1069
286	1372	282	1090
287	1377	292	1085
288	1365	293	1072
289	1355	286	1069
290	1381	280	1101
291	1382	274	1108
292	1369	273	1096
293	1386	277	1109
294	1404	276	1128
295	1403	280	1123
296	1431	279	1152
297	1440	277	1163
298	1426	279	1147
299	1412	279	1133
300	1436	280	1156
301	1443	285	1158
302	1412	273	1139
303	1399	274	1125
304	1453	275	1178
305	1480	283	1197
306	1449	285	1164
307	1425	290	1135
308	1446	297	1149
309	1470	280	1190
310	1498	279	1219
311	1497	279	1218
312	1484	282	1202
313	1462	272	1190
314	1477	269	1208
315	1455	276	1179
316	1473	283	1190
317	1515	278	1237
318	1479	280	1199
319	1483	284	1199
320	1520	277	1243
321	1518	281	1237
322	1539	271	1268
323	1506	268	1238
324	1531	269	1262
325	1533	278	1255
326	1527	276	1251
327	1543	275	1268
328	1539	283	1256
329	1551	278	1273
330	1539	280	1259
331	1522	277	1245
332	1525	275	1250
333	1520	284	1236
334	1524	274	1250
335	1540	276	1264
336	1546	283	1263
337	1538	281	1257
338	1554	283	1271
339	1593	284	1309
340	1566	279	1287
341	1559	283	1276
342	1571	279	1292
343	1570	276	1294
344	1556	270	1286
345	1555	268	1287
346	1558	267	1291
347	1587	272	1315
348	1563	271	1292
349	1552	286	1266
350	1560	273	1287
351	1530	270	1260
352	1583	274	1309
353	1618	281	1337
354	1578	277	1301
355	1587	275	1312
356	1612	271	1341
357	1601	273	1328
358	1610	278	1332
359	1639	271	1368
360	1647	264	1383
361	1664	274	1390
362	1650	267	1383
363	1677	268	1409
364	1692	271	1421
365	1652	278	1374
366	1657	281	1376
367	1686	288	1398
368	1678	290	1388
369	1700	290	1410
370	1653	284	1369
371	1662	274	1388
372	1662	273	1389
373	1695	277	1418
374	1705	282	1423
375	1660	281	1379
376	1731	274	1457
377	1734	274	1460
378	1709	279	1430
379	1728	282	1446
380	1725	271	1454
381	1774	288	1486
382	1793	285	1508
383	1754	270	1484
384	1778	264	1514
385	1792	274	1518
386	1761	280	1481
387	1763	280	1483
388	1768	273	1495
389	1824	280	1544
390	1797	286	1511
391	1806	279	1527
392	1812	282	1530
393	1832	279	1553
394	1831	273	1558
395	1833	282	1551
396	1801	278	1523
397	1831	278	1553
398	1842	274	1568
399	1845	286	1559
400	1816	284	1532
401	1832	276	1556
402	1850	278	1572
403	1873	284	1589
404	1886	275	1611
405	1885	273	1612
406	1877	273	1604
407	1905	276	1629
408	1904	273	1631
409	1925	265	1660
410	1930	272	1658
411	1922	281	1641
412	1942	287	1655
413	1928	281	1647
414	1967	279	1688
415	1947	271	1676
416	1951	278	1673
417	1945	282	1663
418	1955	279	1676
419	1930	273	1657
420	1929	271	1658
421	1948	269	1679
422	1961	278	1683
423	1970	286	1684
424	1972	283	1689
425	1956	284	1672
426	2013	287	1726
427	2013	288	1725
428	2030	285	1745
429	2034	283	1751
430	2045	275	1770
431	2043	276	1767
432	2060	281	1779
433	2024	276	1748
434	2033	274	1759
435	2045	281	1764
436	2073	276	1797
437	2077	276	1801
438	2097	282	1815
439	2114	284	1830
440	2116	280	1836
441	2090	286	1804
442	2091	289	1802
443	2110	284	1826
444	2119	277	1842
445	2116	286	1830
446	2137	279	1858
447	2097	283	1814
448	2120	284	1836
449	2108	281	1827
450	2139	282	1857
451	2148	281	1867
452	2156	267	1889
453	2163	278	1885
454	2157	284	1873
455	2139	287	1852
456	2169	282	1887
457	2234	277	1957
458	2270	273	1997
459	2184	277	1907
460	2139	284	1855
461	2191	281	1910
462	2199	279	1920
463	2220	279	1941
464	2244	277	1967
465	2247	281	1966
466	2257	279	1978
467	2228	276	1952
468	2241	263	1978
469	2213	299	1914
470	2200	281	1919
471	2233	281	1952
472	2221	283	1938
473	2247	280	1967
474	2278	279	1999
475	2281	280	2001
476	2288	277	2011
477	2266	274	1992
478	2240	268	1972
479	2273	272	2001
480	2346	278	2068
481	2354	278	2076
482	2329	279	2050
483	2334	284	2050
484	2319	281	2038
485	2333	273	2060
486	2282	271	2011
487	2311	280	2031
488	2345	287	2058
489	2325	289	2036
490	2364	291	2073
491	2335	290	2045
492	2304	283	2021
493	2300	275	2025
494	2344	282	2062
495	2421	288	2133
496	2425	283	2142
497	2366	275	2091
498	2381	272	2109
499	2350	278	2072
500	2347	279	2068
501	2348	279	2069
502	2358	276	2082
503	2376	282	2094
504	2348	282	2066
505	2355	284	2071
506	2340	279	2061
507	2353	285	2068
508	2333	281	2052
509	2344	276	2068
510	2422	275	2147
511	2438	276	2162
512	2393	277	2116
513	2411	280	2131
514	2390	277	2113
515	2411	276	2135
516	2440	277	2163
517	2463	281	2182
518	2421	284	2137
519	2424	287	2137
520	2442	288	2154
521	2443	285	2158
522	2521	283	2238
523	2517	290	2227
524	2485	282	2203
525	2436	273	2163
526	2441	278	2163
527	2457	276	2181
528	2460	278	2182
529	2448	285	2163
530	2427	280	2147
531	2438	280	2158
532	2492	289	2203
533	2507	282	2225
534	2433	270	2163
535	2487	272	2215
536	2457	274	2183
537	2428	290	2138
538	2528	285	2243
539	2533	281	2252
540	2502	281	2221
541	2508	281	2227
542	2504	287	2217
543	2458	283	2175
544	2501	277	2224
545	2507	285	2222
546	2492	276	2216
547	2484	285	2199
548	2493	293	2200
549	2486	285	2201
550	2522	284	2238
551	2583	285	2298
552	2553	285	2268
553	2547	276	2271
554	2513	278	2235
555	2485	282	2203
556	2560	269	2291
557	2585	287	2298
558	2575	284	2291
559	2584	287	2297
560	2579	287	2292
561	2549	283	2266
562	2562	280	2282
563	2584	277	2307
564	2611	282	2329
565	2656	293	2363
566	2624	285	2339
567	2625	280	2345
568	2644	272	2372
569	2621	276	2345
570	2647	282	2365
571	2608	295	2313
572	2697	293	2404
573	2721	289	2432
574	2656	285	2371
575	2663	281	2382
576	2666	282	2384
577	2638	272	2366
578	2665	276	2389
579	2657	267	2390
580	2666	272	2394
581	2693	272	2421
582	2704	274	2430
583	2676	285	2391
584	2714	273	2441
585	2741	274	2467
586	2775	280	2495
587	2801	287	2514
588	2779	279	2500
589	2749	278	2471
590	2752	283	2469
591	2751	283	2468
592	2801	280	2521
593	2815	277	2538
594	2865	278	2587
595	2853	281	2572
596	2822	279	2543
597	2846	281	2565
598	2886	276	2610
599	2874	282	2592
600	2867	284	2583
601	2847	285	2562
602	2892	283	2609
603	2969	281	2688
604	2926	268	2658
605	2891	272	2619
606	2898	270	2628
607	2916	274	2642
608	2967	276	2691
609	2968	281	2687
610	2984	276	2708
611	2971	280	2691
612	2979	284	2695
613	2983	286	2697
614	3004	282	2722
615	3046	275	2771
616	3088	277	2811
617	3083	271	2812
618	3088	267	2821
619	3071	283	2788
620	3092	277	2815
621	3086	284	2802
622	3099	282	2817
623	3141	279	2862
624	3112	286	2826
625	3051	289	2762
626	3146	280	2866
627	3199	281	2918
628	3172	272	2900
629	3229	270	2959
630	3143	272	2871
631	3172	278	2894
632	3236	273	2963
633	3245	277	2968
634	3284	281	3003
635	3323	279	3044
636	3264	274	2990
637	3258	278	2980
638	3255	283	2972
639	3258	292	2966
640	3288	283	3005
641	3316	276	3040
642	3346	272	3074
643	3334	281	3053
644	3336	279	3057
645	3384	284	3100
646	3420	277	3143
647	3376	280	3096
648	3365	276	3089
649	3372	286	3086
650	3394	280	3114
651	3395	280	3115
652	3382	281	3101
653	3441	287	3154
654	3456	291	3165
655	3406	282	3124
656	3454	277	3177
657	3494	286	3208
658	3504	287	3217
659	3466	280	3186
660	3524	282	3242
661	3529	289	3240
662	3564	277	3287
663	3533	285	3248
664	3553	278	3275
665	3625	268	3357
666	3649	272	3377
667	3600	276	3324
668	3557	274	3283
669	3567	280	3287
670	3616	275	3341
671	3684	275	3409
672	3689	284	3405
673	3680	294	3386
674	3656	283	3373
675	3645	279	3366
676	3730	281	3449
677	3731	277	3454
678	3687	274	3413
679	3698	276	3422
680	3725	275	3450
681	3708	279	3429
682	3739	273	3466
683	3733	278	3455
684	3758	279	3479
685	3842	288	3554
686	3833	283	3550
687	3808	275	3533
688	3772	279	3493
689	3821	284	3537
690	3856	287	3569
691	3881	287	3594
692	3869	277	3592
693	3856	275	3581
694	3846	277	3569
695	3796	285	3511
696	3792	273	3519
697	3859	282	3577
698	3872	284	3588
699	3889	283	3606
700	3856	288	3568
701	3873	294	3579
702	3944	286	3658
703	3963	279	3684
704	3993	278	3715
705	4008	273	3735
706	3982	280	3702
707	3950	282	3668
708	3971	276	3695
709	3984	269	3715
710	4007	275	3732
711	3952	287	3665
712	4010	282	3728
713	4004	284	3720
714	4041	278	3763
715	4074	267	3807
716	3996	272	3724
717	3992	280	3712
718	3970	267	3703
719	4044	291	3753
720	4062	285	3777
721	4068	279	3789
722	4033	286	3747
723	4004	290	3714
724	3965	280	3685
725	3988	287	3701
726	4082	284	3798
727	4069	276	3793
728	4078	274	3804
729	4070	280	3790
730	4032	292	3740
731	4056	289	3767
732	4071	282	3789
733	4120	284	3836
734	4056	280	3776
735	4062	279	3783
736	4058	279	3779
737	4077	277	3800
738	4082	277	3805
739	4131	278	3853
740	4166	281	3885
741	4133	281	3852
742	4131	288	3843
743	4145	287	3858
744	4176	269	3907
745	4159	281	3878
746	4122	284	3838
747	4152	282	3870
748	4151	286	3865
749	4165	283	3882
750	4164	275	3889
751	4183	280	3903
752	4209	286	3923
753	4154	281	3873
754	4144	278	3866
755	4156	283	3873
756	4181	277	3904
757	4217	278	3939
758	4154	274	3880
759	4170	277	3893
760	4163	280	3883
761	4186	282	3904
762	4209	276	3933
763	4200	280	3920
764	4160	278	3882
765	4138	282	3856
766	4116	284	3832
767	4197	287	3910
768	4215	278	3937
769	4179	277	3902
770	4116	276	3840
771	4167	288	3879
772	4206	284	3922
773	4174	280	3894
774	4151	276	3875
775	4150	284	3866
776	4132	285	3847
777	4173	273	3900
778	4174	276	3898
779	4174	284	3890
780	4179	274	3905
781	4158	267	3891
782	4174	272	3902
783	4174	280	3894
784	4182	281	3901
785	4135	278	3857
786	4162	278	3884
787	4183	285	3898
788	4222	274	3948
789	4157	278	3879
790	4141	287	3854
791	4112	279	3833
792	4113	283	3830
793	4203	281	3922
794	4175	276	3899
795	4170	278	3892
796	4202	277	3925
797	4227	277	3950
798	4193	278	3915
799	4172	275	3897
800	4242	278	3964
801	4213	291	3922
802	4154	281	3873
803	4239	286	3953
804	4253	293	3960
805	4198	290	3908
806	4163	285	3878
807	4214	288	3926
808	4258	290	3968
809	4232	286	3946
810	4232	280	3952
811	4255	279	3976
812	4251	290	3961
813	4225	281	3944
814	4207	272	3935
815	4278	292	3986
816	4293	285	4008
817	4301	275	4026
818	4359	281	4078
819	4312	290	4022
820	4289	286	4003
821	4250	285	3965
822	4292	285	4007
823	4282	284	3998
824	4277	275	4002
825	4287	274	4013
826	4337	281	4056
827	4397	277	4120
828	4341	286	4055
829	4298	285	4013
830	4362	271	4091
831	4395	279	4116
832	4394	275	4119
833	4414	269	4145
834	4385	278	4107
835	4448	279	4169
836	4499	278	4221
837	4482	282	4200
838	4438	285	4153
839	4477	284	4193
840	4529	286	4243
841	4553	283	4270
842	4520	280	4240
843	4500	286	4214
844	4501	285	4216
845	4586	287	4299
846	4580	279	4301
847	4593	269	4324
848	4657	266	4391
849	4674	277	4397
850	4621	282	4339
851	4611	282	4329
852	4655	284	4371
853	4717	274	4443
854	4703	269	4434
855	4698	277	4421
856	4756	284	4472
857	4736	285	4451
858	4756	284	4472
859	4722	281	4441
860	4824	275	4549
861	4846	276	4570
862	4852	273	4579
863	4780	275	4505
864	4753	280	4473
865	4784	281	4503
866	4807	273	4534
867	4894	273	4621
868	4859	276	4583
869	4867	283	4584
870	4917	279	4638
871	4908	273	4635
872	4897	275	4622
873	4878	275	4603
874	4944	274	4670
875	4913	284	4629
876	4868	280	4588
877	4917	283	4634
878	4988	280	4708
879	5052	284	4768
880	5068	286	4782
881	5072	285	4787
882	5115	282	4833
883	5087	278	4809
884	5048	279	4769
885	5023	288	4735
886	5109	280	4829
887	5155	272	4883
888	5166	279	4887
889	5218	280	4938
890	5214	277	4937
891	5211	281	4930
892	5275	286	4989
893	5331	281	5050
894	5208	272	4936
895	5242	279	4963
896	5315	289	5026
897	5329	288	5041
898	5355	283	5072
899	5359	273	5086
900	5362	267	5095
901	5380	273	5107
902	5432	275	5157
903	5414	280	5134
904	5488	279	5209
905	5499	290	5209
906	5482	283	5199
907	5486	271	5215
908	5538	277	5261
909	5588	284	5304
910	5631	279	5352
911	5653	281	5372
912	5607	284	5323
913	5650	278	5372
914	5673	284	5389
915	5727	283	5444
916	5714	282	5432
917	5722	282	5440
918	5739	296	5443
919	5721	286	5435
920	5729	283	5446
921	5727	282	5445
922	5746	271	5475
923	5756	276	5480
924	5760	273	5487
925	5851	268	5583
926	5850	288	5562
927	5830	292	5538
928	5842	288	5554
929	5919	282	5637
930	5904	274	5630
931	5912	272	5640
932	5968	280	5688
933	5997	283	5714
934	5978	284	5694
935	6049	276	5773
936	6116	275	5841
937	6109	277	5832
938	6147	277	5870
939	6120	286	5834
940	6164	283	5881
941	6160	284	5876
942	6163	286	5877
943	6245	280	5965
944	6269	278	5991
945	6240	279	5961
946	6226	278	5948
947	6235	274	5961
948	6301	273	6028
949	6371	276	6095
950	6358	278	6080
951	6374	279	6095
952	6341	279	6062
953	6296	278	6018
954	6344	282	6062
955	6395	271	6124
956	6463	270	6193
957	6481	283	6198
958	6402	289	6113
959	6431	289	6142
960	6461	280	6181
961	6511	281	6230
962	6612	279	6333
963	6534	290	6244
964	6565	291	6274
965	6573	287	6286
966	6576	289	6287
967	6567	286	6281
968	6622	265	6357
969	6654	291	6363
970	6656	279	6377
971	6671	282	6389
972	6682	284	6398
973	6652	282	6370
974	6714	283	6431
975	6728	278	6450
976	6735	280	6455
977	6734	280	6454
978	6760	281	6479
979	6751	272	6479
980	6827	272	6555
981	6777	282	6495
982	6801	277	6524
983	6737	284	6453
984	6790	288	6502
985	6779	279	6500
986	6743	282	6461
987	6699	280	6419
988	6742	277	6465
989	6753	275	6478
990	6775	279	6496
991	6742	282	6460
992	6735	280	6455
993	6769	281	6488
994	6827	286	6541
995	6774	289	6485
996	6769	277	6492
997	6779	282	6497
998	6793	275	6518
999	6745	282	6463
1000	6773	274	6499
1001	6801	269	6532
1002	6725	282	6443
1003	6687	286	6401
1004	6743	271	6472
1005	6804	272	6532
1006	6766	283	6483
1007	6829	284	6545
1008	6856	283	6573
1009	6821	284	6537
1010	6858	285	6573
1011	6901	282	6619
1012	6863	281	6582
1013	6844	283	6561
1014	6849	284	6565
1015	6903	288	6615
1016	6880	289	6591
1017	6824	280	6544
1018	6777	274	6503
1019	6809	281	6528
1020	6855	275	6580
1021	6870	277	6593
1022	6884	276	6608
1023	6863	276	6587
1024	6765	280	6485
1025	6807	284	6523
1026	6802	277	6525
1027	6775	275	6500
1028	6812	272	6540
1029	6773	276	6497
1030	6756	285	6471
1031	6756	288	6468
1032	6753	285	6468
1033	6744	281	6463
1034	6749	282	6467
1035	6718	273	6445
1036	6710	277	6433
1037	6702	285	6417
1038	6735	276	6459
1039	6741	276	6465
1040	6707	277	6430
1041	6673	280	6393
1042	6677	284	6393
1043	6690	281	6409
1044	6679	278	6401
1045	6630	272	6358
1046	6627	266	6361
1047	6684	275	6409
1048	6674	282	6392
1049	6645	288	6357
1050	6712	277	6435
1051	6676	278	6398
1052	6660	286	6374
1053	6675	283	6392
1054	6674	285	6389
1055	6636	285	6351
1056	6584	278	6306
1057	6582	281	6301
1058	6649	277	6372
1059	6682	286	6396
1060	6596	284	6312
1061	6587	273	6314
1062	6609	278	6331
1063	6689	288	6401
1064	6541	279	6262
1065	6502	276	6226
1066	6514	276	6238
1067	6555	275	6280
1068	6554	272	6282
1069	6571	290	6281
1070	6630	288	6342
1071	6523	278	6245
1072	6459	287	6172
1073	6515	289	6226
1074	6510	284	6226
1075	6509	290	6219
1076	6481	284	6197
1077	6442	279	6163
1078	6452	278	6174
1079	6465	281	6184
1080	6486	286	6200
1081	6534	285	6249
1082	6519	274	6245
1083	6522	273	6249
1084	6452	274	6178
1085	6500	286	6214
1086	6434	288	6146
1087	6369	282	6087
1088	6424	282	6142
1089	6441	282	6159
1090	6384	280	6104
1091	6406	279	6127
1092	6456	274	6182
1093	6462	274	6188
1094	6446	276	6170
1095	6446	288	6158
1096	6451	290	6161
1097	6466	275	6191
1098	6458	280	6178
1099	6475	276	6199
1100	6462	273	6189
1101	6400	279	6121
1102	6427	282	6145
1103	6418	288	6130
1104	6388	294	6094
1105	6359	286	6073
1106	6374	283	6091
1107	6397	282	6115
1108	6358	284	6074
1109	6383	286	6097
1110	6500	288	6212
1111	6498	282	6216
1112	6384	288	6096
1113	6461	284	6177
1114	6483	282	6201
1115	6428	282	6146
1116	6391	276	6115
1117	6441	272	6169
1118	6426	271	6155
1119	6418	284	6134
1120	6455	285	6170
1121	6479	283	6196
1122	6553	288	6265
1123	6436	291	6145
1124	6476	271	6205
1125	6517	274	6243
1126	6443	280	6163
1127	6465	281	6184
1128	6539	271	6268
1129	6500	272	6228
1130	6543	273	6270
1131	6573	284	6289
1132	6535	284	6251
1133	6461	281	6180
1134	6509	277	6232
1135	6493	278	6215
1136	6514	279	6235
1137	6566	271	6295
1138	6571	275	6296
1139	6563	289	6274
1140	6635	285	6350
1141	6685	284	6401
1142	6644	277	6367
1143	6636	276	6360
1144	6656	285	6371
1145	6611	283	6328
1146	6663	274	6389
1147	6718	276	6442
1148	6701	276	6425
1149	6629	279	6350
1150	6676	274	6402
1151	6665	278	6387
1152	6695	287	6408
1153	6774	282	6492
1154	6822	281	6541
1155	6756	286	6470
1156	6759	280	6479
1157	6795	278	6517
1158	6788	278	6510
1159	6840	282	6558
1160	6861	298	6563
1161	6804	297	6507
1162	6793	283	6510
1163	6877	281	6596
1164	6979	277	6702
1165	6896	277	6619
1166	6854	270	6584
1167	6890	278	6612
1168	6895	281	6614
1169	6924	290	6634
1170	7018	285	6733
1171	7067	283	6784
1172	7035	283	6752
1173	7109	275	6834
1174	7097	281	6816
1175	7006	281	6725
1176	7034	277	6757
1177	7129	274	6855
1178	7141	279	6862
1179	7154	284	6870
1180	7181	275	6906
1181	7254	280	6974
1182	7237	272	6965
1183	7158	275	6883
1184	7219	278	6941
1185	7270	272	6998
1186	7234	266	6968
1187	7301	281	7020
1188	7361	280	7081
1189	7344	277	7067
1190	7376	284	7092
1191	7460	278	7182
1192	7529	276	7253
1193	7472	278	7194
1194	7494	285	7209
1195	7513	282	7231
1196	7568	275	7293
1197	7537	285	7252
1198	7583	275	7308
1199	7634	280	7354
1200	7676	288	7388
1201	7659	279	7380
1202	7640	277	7363
1203	7802	281	7521
1204	7838	280	7558
1205	7799	291	7508
1206	7735	284	7451
1207	7773	283	7490
1208	7795	279	7516
1209	7872	282	7590
1210	7937	279	7658
1211	7848	279	7569
1212	7902	272	7630
1213	7971	264	7707
1214	7966	268	7698
1215	7966	274	7692
1216	8027	274	7753
1217	8054	282	7772
1218	8084	266	7818
1219	8060	287	7773
1220	8177	269	7908
1221	8229	274	7955
1222	8228	275	7953
1223	8208	284	7924
1224	8202	279	7923
1225	8244	282	7962
1226	8325	285	8040
1227	8315	289	8026
1228	8335	282	8053
1229	8393	272	8121
1230	8451	270	8181
1231	8390	270	8120
1232	8358	262	8096
1233	8378	273	8105
1234	8449	280	8169
1235	8497	281	8216
1236	8563	275	8288
1237	8494	281	8213
1238	8497	285	8212
1239	8532	277	8255
1240	8578	271	8307
1241	8650	278	8372
1242	8726	279	8447
1243	8726	282	8444
1244	8766	292	8474
1245	8738	291	8447
1246	8730	275	8455
1247	8759	270	8489
1248	8743	274	8469
1249	8782	284	8498
1250	8876	287	8589
1251	8875	283	8592
1252	8995	274	8721
1253	9049	279	8770
1254	9029	282	8747
1255	9045	280	8765
1256	8983	283	8700
1257	9015	284	8731
1258	9013	279	8734
1259	9031	276	8755
1260	9185	280	8905
1261	9097	277	8820
1262	8998	283	8715
1263	9074	286	8788
1264	9117	284	8833
1265	9125	286	8839
1266	9073	279	8794
1267	9153	280	8873
1268	9201	286	8915
1269	9284	280	9004
1270	9254	281	8973
1271	9351	277	9074
1272	9370	272	9098
1273	9334	281	9053
1274	9304	283	9021
1275	9305	273	9032
1276	9329	272	9057
1277	9380	280	9100
1278	9350	283	9067
1279	9416	280	9136
1280	9456	276	9180
1281	9416	275	9141
1282	9407	275	9132
1283	9433	281	9152
1284	9484	286	9198
1285	9513	277	9236
1286	9418	269	9149
1287	9414	279	9135
1288	9457	273	9184
1289	9513	276	9237
1290	9521	279	9242
1291	9536	284	9252
1292	9561	273	9288
1293	9581	273	9308
1294	9617	283	9334
1295	9503	277	9226
1296	9530	272	9258
1297	9582	273	9309
1298	9592	268	9324
1299	9592	281	9311
1300	9532	287	9245
1301	9483	279	9204
1302	9528	277	9251
1303	9440	281	9159
1304	9522	278	9244
1305	9539	267	9272
1306	9525	270	9255
1307	9549	281	9268
1308	9590	279	9311
1309	9595	276	9319
1310	9578	280	9298
1311	9558	273	9285
1312	9633	281	9352
1313	9585	290	9295
1314	9547	276	9271
1315	9590	273	9317
1316	9688	277	9411
1317	9699	277	9422
1318	9626	274	9352
1319	9462	279	9183
1320	9449	274	9175
1321	9565	282	9283
1322	9561	278	9283
1323	9561	281	9280
1324	9530	280	9250
1325	9541	271	9270
1326	9510	273	9237
1327	9538	280	9258
1328	9503	273	9230
1329	9538	276	9262
1330	9488	278	9210
1331	9451	280	9171
1332	9443	280	9163
1333	9453	281	9172
1334	9485	278	9207
1335	9493	280	9213
1336	9480	272	9208
1337	9466	274	9192
1338	9388	271	9117
1339	9377	272	9105
1340	9342	283	9059
1341	9330	279	9051
1342	9363	268	9095
1343	9364	275	9089
1344	9380	275	9105
1345	9353	274	9079
1346	9348	272	9076
1347	9334	273	9061
1348	9381	270	9111
1349	9301	279	9022
1350	9243	275	8968
1351	9294	271	9023
1352	9327	271	9056
1353	9244	278	8966
1354	9214	273	8941
1355	9203	271	8932
1356	9092	273	8819
1357	9100	271	8829
1358	9179	276	8903
1359	9142	276	8866
1360	9056	275	8781
1361	9016	280	8736
1362	9104	273	8831
1363	9022	271	8751
1364	9023	284	8739
1365	9064	279	8785
1366	8979	269	8710
1367	8936	273	8663
1368	8801	278	8523
1369	8794	279	8515
1370	8891	270	8621
1371	8874	276	8598
1372	8869	280	8589
1373	8818	282	8536
1374	8848	285	8563
1375	8766	287	8479
1376	8743	287	8456
1377	8785	281	8504
1378	8741	276	8465
1379	8662	280	8382
1380	8646	286	8360
1381	8648	279	8369
1382	8624	281	8343
1383	8693	282	8411
1384	8636	272	8364
1385	8597	274	8323
1386	8594	273	8321
1387	8609	266	8343
1388	8559	278	8281
1389	8531	280	8251
1390	8536	268	8268
1391	8579	281	8298
1392	8488	276	8212
1393	8538	277	8261
1394	8520	284	8236
1395	8398	278	8120
1396	8393	278	8115
1397	8447	282	8165
1398	8497	283	8214
1399	8465	278	8187
1400	8342	272	8070
1401	8317	271	8046
1402	8403	268	8135
1403	8433	272	8161
1404	8351	277	8074
1405	8358	281	8077
1406	8285	269	8016
1407	8287	280	8007
1408	8309	282	8027
1409	8233	272	7961
1410	8217	265	7952
1411	8222	271	7951
1412	8174	271	7903
1413	8183	285	7898
1414	8069	293	7776
1415	8084	283	7801
1416	8096	269	7827
1417	8039	266	7773
1418	8010	266	7744
1419	8044	273	7771
1420	8056	276	7780
1421	8070	275	7795
1422	8099	272	7827
1423	8061	277	7784
1424	8003	274	7729
1425	8020	278	7742
1426	8003	286	7717
1427	7977	285	7692
1428	8018	280	7738
1429	7955	273	7682
1430	7962	275	7687
1431	7892	278	7614
1432	7890	273	7617
1433	7899	275	7624
1434	7934	270	7664
1435	7928	271	7657
1436	8016	276	7740
1437	7980	280	7700
1438	7785	276	7509
1439	7875	280	7595
1440	7921	276	7645
1441	7898	266	7632
1442	7913	270	7643
1443	7914	276	7638
1444	7845	280	7565
1445	7771	278	7493
1446	7765	270	7495
1447	7851	276	7575
1448	7871	276	7595
1449	7843	279	7564
1450	7819	282	7537
1451	7883	281	7602
1452	7915	281	7634
1453	7876	284	7592
1454	7789	285	7504
1455	7749	284	7465
1456	7686	286	7400
1457	7689	275	7414
1458	7752	272	7480
1459	7728	288	7440
1460	7668	277	7391
1461	7787	276	7511
1462	7789	286	7503
1463	7704	287	7417
1464	7724	276	7448
1465	7701	275	7426
1466	7636	283	7353
1467	7681	278	7403
1468	7742	262	7480
1469	7744	278	7466
1470	7722	272	7450
1471	7714	283	7431
1472	7732	272	7460
1473	7692	278	7414
1474	7683	280	7403
1475	7749	279	7470
1476	7725	282	7443
1477	7626	278	7348
1478	7688	276	7412
1479	7715	277	7438
1480	7692	276	7416
1481	7730	277	7453
1482	7686	290	7396
1483	7623	286	7337
1484	7647	281	7366
1485	7604	283	7321
1486	7636	283	7353
1487	7666	287	7379
1488	7664	274	7390
1489	7736	267	7469
1490	7775	267	7508
1491	7778	283	7495
1492	7780	282	7498
1493	7732	281	7451
1494	7732	286	7446
1495	7750	275	7475
1496	7683	270	7413
1497	7639	272	7367
1498	7700	286	7414
1499	7791	296	7495
1500	7782	278	7504
1501	7727	274	7453
1502	7781	272	7509
1503	7737	270	7467
1504	7677	279	7398
1505	7733	278	7455
1506	7723	265	7458
1507	7715	270	7445
1508	7819	282	7537
1509	7843	292	7551
1510	7854	288	7566
1511	7859	279	7580
1512	7894	278	7616
1513	7940	286	7654
1514	7929	288	7641
1515	7908	286	7622
1516	7901	284	7617
1517	7899	276	7623
1518	7916	282	7634
1519	8010	289	7721
1520	8019	283	7736
1521	7980	278	7702
1522	8007	273	7734
1523	8020	275	7745
1524	8011	278	7733
1525	8016	280	7736
1526	8040	280	7760
1527	8018	284	7734
1528	8017	287	7730
1529	8047	287	7760
1530	8086	283	7803
1531	8056	281	7775
1532	8124	275	7849
1533	8045	281	7764
1534	8048	282	7766
1535	8090	281	7809
1536	8187	278	7909
1537	8218	278	7940
1538	8255	280	7975
1539	8173	278	7895
1540	8230	278	7952
1541	8276	277	7999
1542	8209	276	7933
1543	8231	285	7946
1544	8271	291	7980
1545	8229	279	7950
1546	8306	274	8032
1547	8303	280	8023
1548	8284	272	8012
1549	8320	270	8050
1550	8376	267	8109
1551	8411	269	8142
1552	8406	270	8136
1553	8306	271	8035
1554	8383	270	8113
1555	8437	270	8167
1556	8460	272	8188
1557	8462	279	8183
1558	8480	277	8203
1559	8520	277	8243
1560	8505	275	8230
1561	8450	281	8169
1562	8526	280	8246
1563	8569	283	8286
1564	8560	282	8278
1565	8559	274	8285
1566	8684	276	8408
1567	8741	278	8463
1568	8647	279	8368
1569	8692	280	8412
1570	8670	288	8382
1571	8733	291	8442
1572	8740	288	8452
1573	8703	284	8419
1574	8678	285	8393
1575	8713	282	8431
1576	8760	282	8478
1577	8781	290	8491
1578	8730	293	8437
1579	8795	292	8503
1580	8814	280	8534
1581	8780	280	8500
1582	8847	288	8559
1583	8921	286	8635
1584	8993	275	8718
1585	8976	276	8700
1586	9007	275	8732
1587	8936	279	8657
1588	9022	282	8740
1589	9001	277	8724
1590	8977	273	8704
1591	9092	282	8810
1592	9002	285	8717
1593	8998	272	8726
1594	8994	270	8724
1595	9104	278	8826
1596	9111	280	8831
1597	8986	283	8703
1598	9059	273	8786
1599	9123	281	8842
1600	9040	282	8758
1601	9093	277	8816
1602	9133	284	8849
1603	9111	284	8827
1604	9114	276	8838
1605	9121	278	8843
1606	9143	284	8859
1607	9169	285	8884
1608	9270	280	8990
1609	9302	282	9020
1610	9260	277	8983
1611	9223	295	8928
1612	9220	291	8929
1613	9193	291	8902
1614	9175	288	8887
1615	9198	288	8910
1616	9236	278	8958
1617	9297	283	9014
1618	9320	291	9029
1619	9344	288	9056
1620	9308	280	9028
1621	9273	287	8986
1622	9238	285	8953
1623	9341	287	9054
1624	9363	290	9073
1625	9427	289	9138
1626	9402	280	9122
1627	9338	274	9064
1628	9431	277	9154
1629	9481	282	9199
1630	9488	280	9208
1631	9511	285	9226
1632	9516	283	9233
1633	9445	283	9162
1634	9421	282	9139
1635	9543	280	9263
1636	9511	276	9235
1637	9444	281	9163
1638	9448	286	9162
1639	9444	279	9165
1640	9634	277	9357
1641	9683	290	9393
1642	9686	282	9404
1643	9571	276	9295
1644	9497	277	9220
1645	9544	284	9260
1646	9584	289	9295
1647	9615	285	9330
1648	9627	287	9340
1649	9665	280	9385
1650	9626	276	9350
1651	9603	282	9321
1652	9661	285	9376
1653	9572	282	9290
1654	9620	279	9341
1655	9765	285	9480
1656	9769	278	9491
1657	9636	282	9354
1658	9633	281	9352
1659	9679	285	9394
1660	9764	291	9473
1661	9703	286	9417
1662	9633	282	9351
1663	9704	282	9422
1664	9712	273	9439
1665	9583	278	9305
1666	9670	282	9388
1667	9749	277	9472
1668	9658	279	9379
1669	9677	289	9388
1670	9730	280	9450
1671	9718	273	9445
1672	9743	282	9461
1673	9795	287	9508
1674	9732	279	9453
1675	9719	286	9433
1676	9705	280	9425
1677	9660	284	9376
1678	9673	279	9394
1679	9707	277	9430
1680	9715	281	9434
1681	9805	274	9531
1682	9780	267	9513
1683	9749	274	9475
1684	9756	286	9470
1685	9766	288	9478
1686	9758	283	9475
1687	9772	281	9491
1688	9796	294	9502
1689	9783	299	9484
1690	9725	294	9431
1691	9703	277	9426
1692	9801	274	9527
1693	9758	281	9477
1694	9703	272	9431
1695	9726	271	9455
1696	9746	278	9468
1697	9732	286	9446
1698	9673	278	9395
1699	9683	274	9409
1700	9699	274	9425
1701	9653	285	9368
1702	9713	283	9430
1703	9794	284	9510
1704	9750	283	9467
1705	9658	277	9381
1706	9666	281	9385
1707	9574	277	9297
1708	9550	282	9268
1709	9629	291	9338
1710	9550	284	9266
1711	9548	286	9262
1712	9633	282	9351
1713	9553	279	9274
1714	9515	284	9231
1715	9460	276	9184
1716	9471	275	9196
1717	9516	284	9232
1718	9516	268	9248
1719	9466	298	9168
1720	9430	286	9144
1721	9457	274	9183
1722	9501	281	9220
1723	9391	285	9106
1724	9422	286	9136
1725	9532	283	9249
1726	9505	274	9231
1727	9438	268	9170
1728	9413	277	9136
1729	9529	276	9253
1730	9425	277	9148
1731	9485	282	9203
1732	9469	279	9190
1733	9395	279	9116
1734	9397	287	9110
1735	9348	285	9063
1736	9317	272	9045
1737	9236	272	8964
1738	9236	280	8956
1739	9204	286	8918
1740	9161	281	8880
1741	9227	278	8949
1742	9310	277	9033
1743	9123	273	8850
1744	9003	272	8731
1745	8990	276	8714
1746	8996	274	8722
1747	8927	272	8655
1748	8967	274	8693
1749	9002	283	8719
1750	8957	281	8676
1751	9011	280	8731
1752	9010	277	8733
1753	8988	281	8707
1754	8962	279	8683
1755	8958	278	8680
1756	8846	281	8565
1757	8899	275	8624
1758	8870	276	8594
1759	8815	278	8537
1760	8750	284	8466
1761	8729	287	8442
1762	8747	282	8465
1763	8657	289	8368
1764	8640	284	8356
1765	8692	280	8412
1766	8608	281	8327
1767	8587	280	8307
1768	8606	272	8334
1769	8501	272	8229
1770	8473	281	8192
1771	8461	289	8172
1772	8435	285	8150
1773	8403	284	8119
1774	8458	285	8173
1775	8444	280	8164
1776	8391	278	8113
1777	8360	287	8073
1778	8320	286	8034
1779	8314	286	8028
1780	8377	285	8092
1781	8321	286	8035
1782	8191	280	7911
1783	8157	279	7878
1784	8163	276	7887
1785	8145	276	7869
1786	8111	285	7826
1787	8111	289	7822
1788	8027	284	7743
1789	8007	277	7730
1790	7957	278	7679
1791	8020	281	7739
1792	8001	279	7722
1793	7965	279	7686
1794	7918	287	7631
1795	7918	285	7633
1796	7914	278	7636
1797	7803	286	7517
1798	7840	284	7556
1799	7736	281	7455
1800	7750	266	7484
1801	7742	272	7470
1802	7705	277	7428
1803	7644	275	7369
1804	7568	274	7294
1805	7649	281	7368
1806	7608	278	7330
1807	7636	275	7361
1808	7573	267	7306
1809	7475	272	7203
1810	7369	278	7091
1811	7432	277	7155
1812	7390	282	7108
1813	7375	290	7085
1814	7348	293	7055
1815	7406	292	7114
1816	7371	282	7089
1817	7254	283	6971
1818	7200	285	6915
1819	7232	273	6959
1820	7214	273	6941
1821	7096	283	6813
1822	7197	278	6919
1823	7245	278	6967
1824	7203	286	6917
1825	7138	281	6857
1826	7038	276	6762
1827	7057	276	6781
1828	7039	282	6757
1829	7028	284	6744
1830	6979	277	6702
1831	7026	283	6743
1832	7015	283	6732
1833	6958	277	6681
1834	6958	270	6688
1835	6917	278	6639
1836	6954	285	6669
1837	6973	271	6702
1838	6894	269	6625
1839	6782	278	6504
1840	6838	285	6553
1841	6909	285	6624
1842	6821	277	6544
1843	6817	278	6539
1844	6803	275	6528
1845	6800	275	6525
1846	6763	276	6487
1847	6725	277	6448
1848	6735	270	6465
1849	6677	270	6407
1850	6628	272	6356
1851	6688	277	6411
1852	6725	286	6439
1853	6688	283	6405
1854	6594	276	6318
1855	6586	273	6313
1856	6631	269	6362
1857	6623	270	6353
1858	6710	282	6428
1859	6611	280	6331
1860	6588	272	6316
1861	6538	276	6262
1862	6526	282	6244
1863	6555	283	6272
1864	6549	276	6273
1865	6515	274	6241
1866	6475	274	6201
1867	6491	280	6211
1868	6482	280	6202
1869	6467	282	6185
1870	6489	277	6212
1871	6412	271	6141
1872	6397	277	6120
1873	6378	285	6093
1874	6398	282	6116
1875	6358	279	6079
1876	6345	275	6070
1877	6292	288	6004
1878	6249	288	5961
1879	6234	280	5954
1880	6192	275	5917
1881	6254	275	5979
1882	6272	279	5993
1883	6202	281	5921
1884	6149	280	5869
1885	6203	279	5924
1886	6192	284	5908
1887	6171	288	5883
1888	6095	283	5812
1889	6124	280	5844
1890	6182	274	5908
1891	6128	281	5847
1892	6119	286	5833
1893	6107	289	5818
1894	6066	287	5779
1895	6072	280	5792
1896	6078	271	5807
1897	6134	277	5857
1898	6130	273	5857
1899	6091	271	5820
1900	6052	272	5780
1901	6056	270	5786
1902	5975	282	5693
1903	5996	290	5706
1904	5979	280	5699
1905	5975	287	5688
1906	6033	290	5743
1907	6031	276	5755
1908	6062	281	5781
1909	5992	282	5710
1910	5994	283	5711
1911	5967	284	5683
1912	5937	283	5654
1913	5959	286	5673
1914	5896	280	5616
1915	5878	276	5602
1916	5915	278	5637
1917	5870	283	5587
1918	5918	286	5632
1919	5942	287	5655
1920	5855	280	5575
1921	5836	280	5556
1922	5802	274	5528
1923	5726	278	5448
1924	5693	283	5410
1925	5760	284	5476
1926	5778	284	5494
1927	5711	285	5426
1928	5799	278	5521
1929	5780	273	5507
1930	5718	282	5436
1931	5672	281	5391
1932	5634	277	5357
1933	5718	282	5436
1934	5715	287	5428
1935	5664	284	5380
1936	5652	279	5373
1937	5640	276	5364
1938	5626	287	5339
1939	5697	290	5407
1940	5694	277	5417
1941	5675	282	5393
1942	5644	294	5350
1943	5652	285	5367
1944	5626	275	5351
1945	5630	279	5351
1946	5645	276	5369
1947	5625	278	5347
1948	5582	279	5303
1949	5637	290	5347
1950	5535	285	5250
1951	5519	269	5250
1952	5565	266	5299
1953	5537	279	5258
1954	5509	289	5220
1955	5456	286	5170
1956	5489	277	5212
1957	5507	276	5231
1958	5548	279	5269
1959	5501	283	5218
1960	5457	279	5178
1961	5464	270	5194
1962	5472	274	5198
1963	5392	281	5111
1964	5363	283	5080
1965	5400	280	5120
1966	5449	280	5169
1967	5438	285	5153
1968	5372	271	5101
1969	5394	291	5103
1970	5395	274	5121
1971	5377	270	5107
1972	5306	272	5034
1973	5303	276	5027
1974	5349	278	5071
1975	5412	283	5129
1976	5362	285	5077
1977	5243	277	4966
1978	5226	282	4944
1979	5254	281	4973
1980	5316	284	5032
1981	5289	289	5000
1982	5243	286	4957
1983	5289	286	5003
1984	5297	280	5017
1985	5265	275	4990
1986	5171	278	4893
1987	5158	287	4871
1988	5153	279	4874
1989	5182	284	4898
1990	5234	291	4943
1991	5271	285	4986
1992	5232	276	4956
1993	5174	272	4902
1994	5155	274	4881
1995	5127	281	4846
1996	5163	282	4881
1997	5201	279	4922
1998	5139	280	4859
1999	5147	281	4866
2000	5153	282	4871
2001	5078	281	4797
2002	5105	280	4825
2003	5109	282	4827
2004	5126	281	4845
2005	5078	284	4794
2006	5018	283	4735
2007	5033	281	4752
2008	5048	279	4769
2009	5098	281	4817
2010	5101	274	4827
2011	5071	277	4794
2012	5025	281	4744
2013	4979	280	4699
2014	5056	278	4778
2015	5017	279	4738
2016	4980	284	4696
2017	4956	289	4667
2018	4927	281	4646
2019	4852	275	4577
2020	4858	280	4578
2021	4890	284	4606
2022	4823	280	4543
2023	4768	270	4498
2024	4809	267	4542
2025	4812	270	4542
2026	4742	270	4472
2027	4729	281	4448
2028	4738	288	4450
2029	4713	277	4436
2030	4674	272	4402
2031	4617	288	4329
2032	4642	289	4353
2033	4625	290	4335
2034	4607	279	4328
2035	4577	275	4302
2036	4578	285	4293
2037	4574	285	4289
2038	4518	279	4239
2039	4501	288	4213
2040	4527	288	4239
2041	4479	283	4196
2042	4439	280	4159
2043	4450	279	4171
2044	4438	280	4158
2045	4435	279	4156
2046	4387	276	4111
2047	4417	277	4140
2048	4379	278	4101
2049	4329	279	4050
2050	4248	280	3968
2051	4287	283	4004
2052	4329	283	4046
2053	4255	291	3964
2054	4165	280	3885
2055	4186	283	3903
2056	4240	280	3960
2057	4225	277	3948
2058	4170	278	3892
2059	4180	278	3902
2060	4188	274	3914
2061	4158	285	3873
2062	4104	285	3819
2063	4043	281	3762
2064	4067	272	3795
2065	4046	266	3780
2066	4057	274	3783
2067	4043	283	3760
2068	4006	290	3716
2069	4018	285	3733
2070	4008	280	3728
2071	4002	279	3723
2072	3997	284	3713
2073	3983	291	3692
2074	3923	286	3637
2075	3859	286	3573
2076	3933	288	3645
2077	3912	285	3627
2078	3869	284	3585
2079	3852	283	3569
2080	3820	271	3549
2081	3857	279	3578
2082	3782	288	3494
2083	3767	283	3484
2084	3802	275	3527
2085	3741	284	3457
2086	3704	285	3419
2087	3732	278	3454
2088	3740	265	3475
2089	3702	277	3425
2090	3601	281	3320
2091	3554	277	3277
2092	3592	269	3323
2093	3580	276	3304
2094	3536	282	3254
2095	3518	284	3234
2096	3489	285	3204
2097	3525	280	3245
2098	3482	278	3204
2099	3478	285	3193
2100	3488	285	3203
2101	3451	278	3173
2102	3431	276	3155
2103	3387	278	3109
2104	3436	274	3162
2105	3392	284	3108
2106	3326	281	3045
2107	3368	278	3090
2108	3396	274	3122
2109	3369	269	3100
2110	3338	272	3066
2111	3316	274	3042
2112	3269	283	2986
2113	3198	279	2919
2114	3201	278	2923
2115	3237	274	2963
2116	3287	274	3013
2117	3290	276	3014
2118	3214	282	2932
2119	3202	278	2924
2120	3190	281	2909
2121	3101	281	2820
2122	3110	280	2830
2123	3159	291	2868
2124	3088	286	2802
2125	3007	272	2735
2126	3011	272	2739
2127	3059	280	2779
2128	3034	278	2756
2129	3019	276	2743
2130	2997	274	2723
2131	2980	280	2700
2132	3020	274	2746
2133	3007	279	2728
2134	2936	279	2657
2135	2914	278	2636
2136	2933	281	2652
2137	2901	283	2618
2138	2895	281	2614
2139	2895	279	2616
2140	2862	282	2580
2141	2835	275	2560
2142	2840	273	2567
2143	2789	277	2512
2144	2764	277	2487
2145	2834	280	2554
2146	2813	276	2537
2147	2752	278	2474
2148	2721	279	2442
2149	2749	282	2467
2150	2734	287	2447
2151	2705	284	2421
2152	2691	274	2417
2153	2700	274	2426
2154	2694	279	2415
2155	2644	288	2356
2156	2681	279	2402
2157	2665	278	2387
2158	2646	295	2351
2159	2672	281	2391
2160	2663	272	2391
2161	2597	277	2320
2162	2638	273	2365
2163	2624	278	2346
2164	2595	283	2312
2165	2568	287	2281
2166	2524	281	2243
2167	2549	277	2272
2168	2536	280	2256
2169	2536	277	2259
2170	2562	285	2277
2171	2521	282	2239
2172	2519	284	2235
2173	2474	277	2197
2174	2444	280	2164
2175	2474	281	2193
2176	2470	273	2197
2177	2424	272	2152
2178	2423	284	2139
2179	2414	280	2134
2180	2383	274	2109
2181	2404	276	2128
2182	2419	285	2134
2183	2352	289	2063
2184	2313	280	2033
2185	2365	280	2085
2186	2368	281	2087
2187	2330	278	2052
2188	2353	273	2080
2189	2351	278	2073
2190	2310	282	2028
2191	2329	285	2044
2192	2324	281	2043
2193	2319	277	2042
2194	2326	282	2044
2195	2307	281	2026
2196	2331	279	2052
2197	2314	281	2033
2198	2273	274	1999
2199	2255	270	1985
2200	2255	274	1981
2201	2260	285	1975
2202	2238	285	1953
2203	2205	284	1921
2204	2200	280	1920
2205	2175	277	1898
2206	2184	278	1906
2207	2206	278	1928
2208	2221	278	1943
2209	2272	277	1995
2210	2269	278	1991
2211	2246	286	1960
2212	2229	275	1954
2213	2165	274	1891
2214	2157	279	1878
2215	2156	278	1878
2216	2154	280	1874
2217	2165	280	1885
2218	2166	264	1902
2219	2132	288	1844
2220	2145	280	1865
2221	2191	281	1910
2222	2194	273	1921
2223	2168	279	1889
2224	2162	280	1882
2225	2148	271	1877
2226	2116	280	1836
2227	2102	283	1819
2228	2117	280	1837
2229	2153	276	1877
2230	2141	276	1865
2231	2101	276	1825
2232	2073	277	1796
2233	2114	273	1841
2234	2106	278	1828
2235	2120	287	1833
2236	2126	287	1839
2237	2049	292	1757
2238	2073	283	1790
2239	2128	280	1848
2240	2120	281	1839
2241	2092	290	1802
2242	2074	288	1786
2243	2076	276	1800
2244	2090	275	1815
2245	2107	277	1830
2246	2113	279	1834
2247	2130	280	1850
2248	2090	275	1815
2249	2048	283	1765
2250	2110	285	1825
2251	2087	274	1813
2252	2090	269	1821
2253	2102	275	1827
2254	2066	270	1796
2255	2071	269	1802
2256	2075	279	1796
2257	2047	281	1766
2258	2076	280	1796
2259	2090	276	1814
2260	2045	283	1762
2261	2106	277	1829
2262	2085	274	1811
2263	2063	292	1771
2264	2081	285	1796
2265	2030	283	1747
2266	2035	270	1765
2267	2072	274	1798
2268	2052	281	1771
2269	2092	273	1819
2270	2112	270	1842
2271	2104	273	1831
2272	2076	282	1794
2273	2078	285	1793
2274	2075	280	1795
2275	2097	283	1814
2276	2068	287	1781
2277	2059	287	1772
2278	2083	285	1798
2279	2089	272	1817
2280	2100	275	1825
2281	2121	275	1846
2282	2157	281	1876
2283	2128	285	1843
2284	2127	282	1845
2285	2124	287	1837
2286	2138	285	1853
2287	2123	279	1844
2288	2148	286	1862
2289	2187	282	1905
2290	2145	275	1870
2291	2122	274	1848
2292	2148	283	1865
2293	2155	285	1870
2294	2207	284	1923
2295	2181	296	1885
2296	2173	288	1885
2297	2163	280	1883
2298	2204	279	1925
2299	2252	286	1966
2300	2218	277	1941
2301	2204	275	1929
2302	2222	274	1948
2303	2217	283	1934
2304	2246	282	1964
2305	2236	278	1958
2306	2208	288	1920
2307	2240	289	1951
2308	2284	280	2004
2309	2316	279	2037
2310	2288	288	2000
2311	2310	280	2030
2312	2287	270	2017
2313	2319	275	2044
2314	2354	275	2079
2315	2398	281	2117
2316	2350	281	2069
2317	2319	286	2033
2318	2298	283	2015
2319	2319	286	2033
2320	2326	284	2042
2321	2344	278	2066
2322	2426	271	2155
2323	2385	276	2109
2324	2375	277	2098
2325	2406	278	2128
2326	2397	277	2120
2327	2368	267	2101
2328	2425	271	2154
2329	2406	281	2125
2330	2382	279	2103
2331	2381	279	2102
2332	2404	280	2124
2333	2403	275	2128
2334	2436	270	2166
2335	2483	275	2208
2336	2478	274	2204
2337	2466	272	2194
2338	2486	275	2211
2339	2495	276	2219
2340	2502	277	2225
2341	2523	281	2242
2342	2540	287	2253
2343	2571	278	2293
2344	2605	277	2328
2345	2625	279	2346
2346	2591	271	2320
2347	2552	277	2275
2348	2591	276	2315
2349	2657	281	2376
2350	2652	279	2373
2351	2628	279	2349
2352	2685	283	2402
2353	2696	281	2415
2354	2710	269	2441
2355	2691	271	2420
2356	2720	281	2439
2357	2730	283	2447
2358	2717	283	2434
2359	2737	280	2457
2360	2735	271	2464
2361	2797	270	2527
2362	2759	268	2491
2363	2770	271	2499
2364	2826	271	2555
2365	2794	280	2514
2366	2804	283	2521
2367	2867	269	2598
2368	2829	271	2558
2369	2855	279	2576
2370	2861	267	2594
2371	2861	270	2591
2372	2926	275	2651
2373	2979	282	2697
2374	2964	289	2675
2375	2947	274	2673
2376	2953	275	2678
2377	2985	287	2698
2378	3004	290	2714
2379	2984	285	2699
2380	2953	276	2677
2381	2972	282	2690
2382	2991	278	2713
2383	3013	275	2738
2384	3009	277	2732
2385	3003	282	2721
2386	3013	280	2733
2387	3035	275	2760
2388	3084	275	2809
2389	3121	276	2845
2390	3086	276	2810
2391	3110	280	2830
2392	3145	278	2867
2393	3103	272	2831
2394	3154	276	2878
2395	3159	288	2871
2396	3129	287	2842
2397	3160	287	2873
2398	3183	283	2900
2399	3219	272	2947
2400	3225	269	2956
2401	3192	275	2917
2402	3227	277	2950
2403	3222	282	2940
2404	3257	285	2972
2405	3241	290	2951
2406	3201	285	2916
2407	3265	272	2993
2408	3302	268	3034
2409	3322	279	3043
2410	3338	281	3057
2411	3342	276	3066
2412	3299	270	3029
2413	3325	276	3049
2414	3305	282	3023
2415	3295	284	3011
2416	3357	280	3077
2417	3346	278	3068
2418	3304	280	3024
2419	3373	283	3090
2420	3408	286	3122
2421	3420	286	3134
2422	3440	277	3163
2423	3475	272	3203
2424	3465	267	3198
2425	3471	274	3197
2426	3483	277	3206
2427	3471	285	3186
2428	3476	285	3191
2429	3457	280	3177
2430	3461	275	3186
2431	3484	268	3216
2432	3514	265	3249
2433	3519	272	3247
2434	3488	276	3212
2435	3480	273	3207
2436	3520	281	3239
2437	3543	272	3271
2438	3542	262	3280
2439	3552	266	3286
2440	3554	279	3275
2441	3540	271	3269
2442	3581	270	3311
2443	3608	280	3328
2444	3639	274	3365
2445	3655	273	3382
2446	3596	276	3320
2447	3590	280	3310
2448	3608	283	3325
2449	3637	282	3355
2450	3640	283	3357
2451	3668	286	3382
2452	3680	285	3395
2453	3677	285	3392
2454	3678	290	3388
2455	3687	288	3399
2456	3667	283	3384
2457	3715	291	3424
2458	3717	281	3436
2459	3687	274	3413
2460	3714	284	3430
2461	3758	284	3474
2462	3714	286	3428
2463	3692	288	3404
2464	3735	278	3457
2465	3730	281	3449
2466	3743	282	3461
2467	3729	282	3447
2468	3733	267	3466
2469	3773	290	3483
2470	3753	277	3476
2471	3787	283	3504
2472	3787	286	3501
2473	3756	285	3471
2474	3742	276	3466
2475	3804	278	3526
2476	3789	276	3513
2477	3774	280	3494
2478	3746	282	3464
2479	3748	283	3465
2480	3775	286	3489
2481	3766	290	3476
2482	3803	280	3523
2483	3797	274	3523
2484	3778	274	3504
2485	3847	276	3571
2486	3853	282	3571
2487	3873	279	3594
2488	3837	276	3561
2489	3785	278	3507
2490	3840	272	3568
2491	3835	279	3556
2492	3807	278	3529
2493	3801	282	3519
2494	3791	283	3508
2495	3837	282	3555
2496	3796	285	3511
2497	3817	288	3529
2498	3822	271	3551
2499	3828	275	3553
2500	3891	270	3621
2501	3899	278	3621
2502	3885	282	3603
2503	3892	279	3613
2504	3894	284	3610
2505	3887	281	3606
2506	3914	276	3638
2507	3931	267	3664
2508	3899	274	3625
2509	3870	286	3584
2510	3942	273	3669
2511	3902	269	3633
2512	3903	267	3636
2513	3939	276	3663
2514	3893	276	3617
2515	3887	279	3608
2516	3912	276	3636
2517	3919	280	3639
2518	3875	288	3587
2519	3883	286	3597
2520	3879	268	3611
2521	3930	269	3661
2522	3928	276	3652
2523	3932	283	3649
2524	3899	290	3609
2525	3943	286	3657
2526	3950	279	3671
2527	3925	274	3651
2528	3927	270	3657
2529	3956	282	3674
2530	3935	277	3658
2531	3928	274	3654
2532	3915	282	3633
2533	3877	289	3588
2534	3879	282	3597
2535	3948	282	3666
2536	3990	276	3714
2537	3933	269	3664
2538	3896	280	3616
2539	3950	289	3661
2540	3999	285	3714
2541	4021	274	3747
2542	3962	270	3692
2543	3916	276	3640
2544	3946	276	3670
2545	3962	281	3681
2546	4012	281	3731
2547	4019	284	3735
2548	3994	279	3715
2549	4020	271	3749
2550	4026	275	3751
2551	3975	279	3696
2552	3973	276	3697
2553	3980	277	3703
2554	3941	280	3661
2555	3980	279	3701
2556	3992	282	3710
2557	3927	278	3649
2558	3951	273	3678
2559	3994	273	3721
2560	3985	283	3702
2561	4015	290	3725
2562	4000	281	3719
2563	3997	282	3715
2564	3970	283	3687
2565	3998	283	3715
2566	4008	283	3725
2567	4056	292	3764
2568	4011	292	3719
2569	3995	288	3707
2570	4002	273	3729
2571	4002	271	3731
2572	3961	279	3682
2573	3983	284	3699
2574	4049	277	3772
2575	4066	279	3787
2576	4041	275	3766
2577	4065	281	3784
2578	4103	282	3821
2579	4087	276	3811
2580	4037	269	3768
2581	4037	273	3764
2582	4036	274	3762
2583	3982	279	3703
2584	3994	280	3714
2585	4019	274	3745
2586	4054	273	3781
2587	4042	281	3761
2588	4008	281	3727
2589	3984	284	3700
2590	4035	283	3752
2591	4033	280	3753
2592	4029	281	3748
2593	3997	284	3713
2594	3949	279	3670
2595	3925	282	3643
2596	3982	273	3709
2597	4012	277	3735
2598	4070	279	3791
2599	4058	282	3776
2600	4010	277	3733
2601	4052	268	3784
2602	4047	277	3770
2603	4045	278	3767
2604	4108	282	3826
2605	4054	288	3766
2606	3982	281	3701
2607	3974	275	3699
2608	4009	272	3737
2609	4056	278	3778
2610	4018	281	3737
2611	4003	280	3723
2612	4015	273	3742
2613	4048	275	3773
2614	3998	281	3717
2615	4021	277	3744
2616	3987	280	3707
2617	4033	281	3752
2618	4088	277	3811
2619	4082	279	3803
2620	4098	284	3814
2621	4040	282	3758
2622	4018	280	3738
2623	4020	276	3744
2624	4045	274	3771
2625	4083	268	3815
2626	4083	278	3805
2627	4056	286	3770
2628	4020	281	3739
2629	4056	283	3773
2630	4040	281	3759
2631	4000	286	3714
2632	4033	282	3751
2633	4040	279	3761
2634	4042	283	3759
2635	4029	280	3749
2636	4065	279	3786
2637	4052	280	3772
2638	4046	274	3772
2639	3979	273	3706
2640	3987	265	3722
2641	4033	267	3766
2642	3966	267	3699
2643	4012	278	3734
2644	4010	283	3727
2645	4021	287	3734
2646	4027	286	3741
2647	4096	279	3817
2648	4013	279	3734
2649	3986	289	3697
2650	4010	278	3732
2651	4014	270	3744
2652	4020	276	3744
2653	4063	279	3784
2654	4054	283	3771
2655	4006	278	3728
2656	4013	277	3736
2657	4047	279	3768
2658	4097	284	3813
2659	4041	288	3753
2660	3974	277	3697
2661	3995	277	3718
2662	4061	282	3779
2663	4054	293	3761
2664	4055	294	3761
2665	4057	285	3772
2666	4051	276	3775
2667	4055	277	3778
2668	4052	282	3770
2669	4049	277	3772
2670	4080	273	3807
2671	4043	281	3762
2672	4081	288	3793
2673	4081	282	3799
2674	4080	274	3806
2675	4035	278	3757
2676	4056	278	3778
2677	4086	277	3809
2678	4120	279	3841
2679	4053	281	3772
2680	4050	280	3770
2681	4078	285	3793
2682	4122	286	3836
2683	4101	283	3818
2684	4023	279	3744
2685	4064	285	3779
2686	4120	281	3839
2687	4154	279	3875
2688	4083	275	3808
2689	4084	277	3807
2690	4106	273	3833
2691	4069	277	3792
2692	4074	281	3793
2693	4105	279	3826
2694	4056	284	3772
2695	4022	288	3734
2696	4070	289	3781
2697	4112	280	3832
2698	4029	283	3746
2699	4002	274	3728
2700	4024	266	3758
2701	4057	275	3782
2702	4052	287	3765
2703	4018	285	3733
2704	4002	275	3727
2705	4001	283	3718
2706	3974	280	3694
2707	4039	285	3754
2708	4040	290	3750
2709	4074	285	3789
2710	4087	287	3800
2711	4079	288	3791
2712	4081	281	3800
2713	4053	288	3765
2714	4044	289	3755
2715	4077	283	3794
2716	4116	277	3839
2717	4100	277	3823
2718	4117	263	3854
2719	4157	279	3878
2720	4141	274	3867
2721	4032	274	3758
2722	4086	273	3813
2723	4049	283	3766
2724	4082	272	3810
2725	4101	273	3828
2726	4100	281	3819
2727	4160	280	3880
2728	4158	277	3881
2729	4150	278	3872
2730	4146	285	3861
2731	4089	290	3799
2732	4068	290	3778
2733	4083	288	3795
2734	4108	284	3824
2735	4089	283	3806
2736	4107	291	3816
2737	4095	283	3812
2738	4075	280	3795
2739	4062	280	3782
2740	4085	273	3812
2741	4070	276	3794
2742	4092	276	3816
2743	4108	278	3830
2744	4114	276	3838
2745	4151	275	3876
2746	4090	278	3812
2747	4022	276	3746
2748	4048	275	3773
2749	4104	275	3829
2750	4121	286	3835
2751	4101	298	3803
2752	4075	282	3793
2753	4041	285	3756
2754	4098	287	3811
2755	4046	285	3761
2756	4048	290	3758
2757	4067	289	3778
2758	4064	272	3792
2759	4044	274	3770
2760	4080	284	3796
2761	4095	277	3818
2762	4042	283	3759
2763	4071	284	3787
2764	4113	274	3839
2765	4106	273	3833
2766	4066	277	3789
2767	4075	278	3797
2768	4066	277	3789
2769	4045	279	3766
2770	4026	278	3748
2771	4030	283	3747
2772	4044	281	3763
2773	4056	279	3777
2774	4076	277	3799
2775	4088	283	3805
2776	4097	277	3820
2777	4035	283	3752
2778	4032	285	3747
2779	4055	283	3772
2780	4113	281	3832
2781	4107	281	3826
2782	4079	274	3805
2783	3981	282	3699
2784	3982	285	3697
2785	4020	280	3740
2786	4031	285	3746
2787	3985	286	3699
2788	3976	277	3699
2789	4020	282	3738
2790	4021	287	3734
2791	4010	277	3733
2792	3988	272	3716
2793	3984	276	3708
2794	3993	277	3716
2795	3984	282	3702
2796	3990	283	3707
2797	4015	281	3734
2798	3934	281	3653
2799	3917	279	3638
2800	3934	281	3653
2801	3952	278	3674
2802	3968	276	3692
2803	4021	281	3740
2804	4029	287	3742
2805	3976	283	3693
2806	3972	285	3687
2807	4015	288	3727
2808	3930	279	3651
2809	3929	283	3646
2810	3942	283	3659
2811	3964	278	3686
2812	3947	274	3673
2813	3873	282	3591
2814	3915	291	3624
2815	3956	284	3672
2816	4008	264	3744
2817	3998	267	3731
2818	3943	284	3659
2819	3877	279	3598
2820	3927	278	3649
2821	3943	286	3657
2822	3913	288	3625
2823	3952	283	3669
2824	3938	270	3668
2825	3912	275	3637
2826	3883	284	3599
2827	3887	290	3597
2828	3911	284	3627
2829	3884	279	3605
2830	3886	274	3612
2831	3885	274	3611
2832	3894	276	3618
2833	3880	286	3594
2834	3832	282	3550
2835	3781	287	3494
2836	3802	285	3517
2837	3855	291	3564
2838	3886	285	3601
2839	3881	287	3594
2840	3877	292	3585
2841	3892	281	3611
2842	3862	273	3589
2843	3821	273	3548
2844	3859	274	3585
2845	3863	276	3587
2846	3842	272	3570
2847	3825	270	3555
2848	3776	270	3506
2849	3851	276	3575
2850	3837	289	3548
2851	3831	286	3545
2852	3801	274	3527
2853	3819	281	3538
2854	3813	282	3531
2855	3816	278	3538
2856	3777	279	3498
2857	3808	282	3526
2858	3792	282	3510
2859	3756	276	3480
2860	3709	274	3435
2861	3752	277	3475
2862	3779	277	3502
2863	3762	285	3477
2864	3812	283	3529
2865	3810	280	3530
2866	3746	283	3463
2867	3750	286	3464
2868	3778	288	3490
2869	3764	292	3472
2870	3708	286	3422
2871	3666	286	3380
2872	3659	272	3387
2873	3699	273	3426
2874	3753	279	3474
2875	3678	288	3390
2876	3649	279	3370
2877	3650	283	3367
2878	3683	277	3406
2879	3681	262	3419
2880	3714	272	3442
2881	3732	280	3452
2882	3698	292	3406
2883	3665	277	3388
2884	3670	268	3402
2885	3675	278	3397
2886	3698	282	3416
2887	3694	278	3416
2888	3669	278	3391
2889	3668	281	3387
2890	3660	275	3385
2891	3665	287	3378
2892	3629	289	3340
2893	3601	282	3319
2894	3613	278	3335
2895	3597	286	3311
2896	3596	289	3307
2897	3564	286	3278
2898	3564	277	3287
2899	3601	282	3319
2900	3626	292	3334
2901	3588	282	3306
2902	3517	280	3237
2903	3519	280	3239
2904	3486	274	3212
2905	3514	273	3241
2906	3555	272	3283
2907	3517	275	3242
2908	3499	277	3222
2909	3493	280	3213
2910	3501	280	3221
2911	3523	277	3246
2912	3464	278	3186
2913	3442	275	3167
2914	3512	275	3237
2915	3512	277	3235
2916	3497	285	3212
2917	3461	286	3175
2918	3425	280	3145
2919	3427	278	3149
2920	3445	279	3166
2921	3438	287	3151
2922	3454	273	3181
2923	3437	275	3162
2924	3426	273	3153
2925	3436	276	3160
2926	3417	281	3136
2927	3395	285	3110
2928	3337	282	3055
2929	3359	282	3077
2930	3399	280	3119
2931	3412	288	3124
2932	3393	280	3113
2933	3376	274	3102
2934	3348	284	3064
2935	3356	283	3073
2936	3371	279	3092
2937	3297	284	3013
2938	3324	287	3037
2939	3296	275	3021
2940	3295	277	3018
2941	3322	281	3041
2942	3334	273	3061
2943	3316	271	3045
2944	3281	276	3005
2945	3263	280	2983
2946	3249	280	2969
2947	3216	280	2936
2948	3230	275	2955
2949	3232	278	2954
2950	3212	273	2939
2951	3201	270	2931
2952	3283	277	3006
2953	3271	275	2996
2954	3231	273	2958
2955	3204	272	2932
2956	3165	280	2885
2957	3211	279	2932
2958	3156	271	2885
2959	3159	270	2889
2960	3155	279	2876
2961	3127	284	2843
2962	3126	273	2853
2963	3175	280	2895
2964	3162	289	2873
2965	3110	281	2829
2966	3123	279	2844
2967	3168	288	2880
2968	3132	276	2856
2969	3055	283	2772
2970	3059	271	2788
2971	3050	281	2769
2972	3050	287	2763
2973	3011	280	2731
2974	3016	276	2740
2975	3082	271	2811
2976	3009	276	2733
2977	3022	281	2741
2978	2990	267	2723
2979	3018	278	2740
2980	3015	278	2737
2981	2975	283	2692
2982	2937	285	2652
2983	2968	282	2686
2984	2951	279	2672
2985	2931	282	2649
2986	2914	283	2631
2987	2946	276	2670
2988	2948	261	2687
2989	2922	270	2652
2990	2926	271	2655
2991	2914	286	2628
2992	2968	282	2686
2993	2924	271	2653
2994	2911	269	2642
2995	2913	275	2638
2996	2850	278	2572
2997	2801	278	2523
2998	2841	281	2560
2999	2898	294	2604
3000	2876	288	2588
3001	2835	284	2551
3002	2850	285	2565
3003	2840	278	2562
3004	2834	282	2552
3005	2824	279	2545
3006	2846	278	2568
3007	2831	277	2554
3008	2790	276	2514
3009	2747	290	2457
3010	2731	271	2460
3011	2730	277	2453
3012	2718	280	2438
3013	2771	277	2494
3014	2736	277	2459
3015	2725	272	2453
3016	2680	274	2406
3017	2635	279	2356
3018	2610	275	2335
3019	2623	275	2348
3020	2639	283	2356
3021	2652	279	2373
3022	2654	276	2378
3023	2624	284	2340
3024	2621	286	2335
3025	2596	285	2311
3026	2609	279	2330
3027	2586	283	2303
3028	2568	283	2285
3029	2522	276	2246
3030	2550	273	2277
3031	2624	280	2344
3032	2579	274	2305
3033	2558	281	2277
3034	2551	281	2270
3035	2528	279	2249
3036	2452	287	2165
3037	2461	287	2174
3038	2492	278	2214
3039	2494	280	2214
3040	2490	283	2207
3041	2482	285	2197
3042	2407	278	2129
3043	2419	277	2142
3044	2435	282	2153
3045	2400	291	2109
3046	2346	285	2061
3047	2345	282	2063
3048	2326	287	2039
3049	2320	287	2033
3050	2321	282	2039
3051	2338	282	2056
3052	2295	278	2017
3053	2319	273	2046
3054	2290	285	2005
3055	2295	287	2008
3056	2282	274	2008
3057	2284	270	2014
3058	2262	264	1998
3059	2229	264	1965
3060	2248	270	1978
3061	2241	281	1960
3062	2222	281	1941
3063	2207	278	1929
3064	2176	282	1894
3065	2188	287	1901
3066	2185	285	1900
3067	2120	284	1836
3068	2106	275	1831
3069	2114	275	1839
3070	2097	278	1819
3071	2073	278	1795
3072	2126	274	1852
3073	2126	282	1844
3074	2073	288	1785
3075	2082	277	1805
3076	2064	281	1783
3077	2025	283	1742
3078	1996	287	1709
3079	1995	292	1703
3080	1977	285	1692
3081	2018	281	1737
3082	1980	278	1702
3083	1948	283	1665
3084	1964	278	1686
3085	1986	270	1716
3086	1976	282	1694
3087	1921	297	1624
3088	1926	288	1638
3089	1934	290	1644
3090	1890	279	1611
3091	1848	276	1572
3092	1836	279	1557
3093	1861	288	1573
3094	1861	287	1574
3095	1851	285	1566
3096	1838	289	1549
3097	1841	287	1554
3098	1821	274	1547
3099	1817	280	1537
3100	1762	281	1481
3101	1759	279	1480
3102	1766	274	1492
3103	1782	275	1507
3104	1789	278	1511
3105	1806	285	1521
3106	1749	284	1465
3107	1671	281	1390
3108	1689	275	1414
3109	1733	282	1451
3110	1746	277	1469
3111	1685	281	1404
3112	1629	278	1351
3113	1632	274	1358
3114	1653	283	1370
3115	1623	288	1335
3116	1621	282	1339
3117	1618	281	1337
3118	1604	278	1326
3119	1586	280	1306
3120	1594	278	1316
3121	1556	283	1273
3122	1558	287	1271
3123	1519	285	1234
3124	1489	278	1211
3125	1521	278	1243
3126	1542	278	1264
3127	1516	280	1236
3128	1539	270	1269
3129	1523	268	1255
3130	1519	275	1244
3131	1482	285	1197
3132	1483	278	1205
3133	1430	274	1156
3134	1433	271	1162
3135	1432	272	1160
3136	1403	279	1124
3137	1412	285	1127
3138	1456	281	1175
3139	1435	280	1155
3140	1409	291	1118
3141	1356	282	1074
3142	1317	275	1042
3143	1329	282	1047
3144	1317	281	1036
3145	1348	279	1069
3146	1342	284	1058
3147	1341	286	1055
3148	1323	279	1044
3149	1335	276	1059
3150	1340	282	1058
3151	1306	286	1020
3152	1252	284	968
3153	1251	286	965
3154	1280	288	992
3155	1271	278	993
3156	1272	282	990
3157	1257	284	973
3158	1236	281	955
3159	1243	281	962
3160	1198	282	916
3161	1187	282	905
3162	1196	273	923
3163	1195	282	913
3164	1168	280	888
3165	1152	278	874
3166	1176	282	894
3167	1154	283	871
3168	1129	284	845
3169	1134	283	851
3170	1109	283	826
3171	1101	281	820
3172	1097	284	813
3173	1113	278	835
3174	1102	281	821
3175	1099	286	813
3176	1090	286	804
3177	1064	286	778
3178	1082	289	793
3179	1104	282	822
3180	1042	285	757
3181	1007	291	716
3182	1006	282	724
3183	1031	278	753
3184	1043	277	766
3185	1010	279	731
3186	1003	276	727
3187	997	274	723
3188	961	277	684
3189	970	279	691
3190	995	274	721
3191	966	273	693
3192	927	277	650
3193	959	283	676
3194	932	278	654
3195	922	284	638
3196	925	286	639
3197	904	287	617
3198	900	282	618
3199	865	274	591
3200	862	281	581
3201	867	289	578
3202	872	278	594
3203	865	284	581
3204	862	287	575
3205	858	287	571
3206	837	283	554
3207	825	284	541
3208	824	279	545
3209	820	284	536
3210	821	279	542
3211	754	281	473
3212	744	288	456
3213	771	280	491
3214	773	277	496
3215	760	288	472
3216	791	275	516
3217	771	279	492
3218	779	277	502
3219	761	303	458
3220	743	285	458
3221	756	287	469
3222	763	295	468
3223	739	293	446
3224	733	281	452
3225	733	277	456
3226	721	285	436
3227	726	288	438
3228	705	283	422
3229	709	286	423
3230	698	279	419
3231	710	281	429
3232	717	285	432
3233	697	279	418
3234	672	282	390
3235	675	288	387
3236	697	288	409
3237	684	274	410
3238	684	274	410
3239	679	274	405
3240	661	280	381
3241	660	284	376
3242	666	281	385
3243	675	277	398
3244	659	278	381
3245	644	286	358
3246	655	283	372
3247	632	279	353
3248	609	282	327
3249	630	279	351
3250	639	278	361
3251	620	291	329
3252	635	292	343
3253	625	285	340
3254	625	284	341
3255	629	273	356
3256	606	282	324
3257	610	284	326
3258	600	278	322
3259	585	280	305
3260	589	273	316
3261	611	278	333
3262	623	287	336
3263	611	278	333
3264	553	273	280
3265	541	279	262
3266	584	279	305
3267	603	283	320
3268	600	281	319
3269	584	288	296
3270	570	278	292
3271	566	277	289
3272	560	285	275
3273	594	286	308
3274	589	281	308
3275	568	288	280
3276	566	288	278
3277	567	284	283
3278	562	276	286
3279	549	277	272
3280	527	277	250
3281	531	276	255
3282	502	267	235
3283	519	272	247
3284	556	274	282
3285	542	273	269
3286	551	272	279
3287	548	283	265
3288	550	284	266
3289	518	285	233
3290	544	284	260
3291	546	285	261
3292	519	285	234
3293	510	282	228
3294	497	277	220
3295	507	282	225
3296	540	279	261
3297	529	287	242
3298	478	278	200
3299	495	279	216
3300	494	285	209
3301	488	283	205
3302	516	282	234
3303	511	278	233
3304	477	276	201
3305	489	283	206
3306	509	277	232
3307	483	281	202
3308	491	273	218
3309	504	262	242
3310	496	268	228
3311	481	275	206
3312	487	277	210
3313	493	278	215
3314	448	275	173
3315	485	279	206
3316	501	279	222
3317	476	286	190
3318	457	283	174
3319	440	280	160
3320	457	278	179
3321	473	281	192
3322	477	283	194
3323	498	279	219
3324	456	284	172
3325	440	283	157
3326	440	281	159
3327	439	277	162
3328	442	282	160
3329	460	288	172
3330	459	281	178
3331	459	285	174
3332	435	277	158
3333	428	282	146
3334	420	282	138
3335	438	279	159
3336	455	287	168
3337	439	282	157
3338	431	278	153
3339	428	280	148
3340	443	282	161
3341	444	285	159
3342	455	280	175
3343	445	286	159
3344	440	285	155
3345	433	291	142
3346	418	287	131
3347	424	279	145
3348	432	273	159
3349	408	279	129
3350	372	286	86
3351	407	282	125
3352	416	286	130
3353	433	285	148
3354	435	282	153
3355	432	281	151
3356	423	283	140
3357	443	294	149
3358	423	287	136
3359	410	288	122
3360	423	286	137
3361	434	286	148
3362	395	282	113
3363	404	284	120
3364	407	283	124
3365	413	288	125
3366	399	285	114
3367	399	279	120
3368	433	289	144
3369	412	290	122
3370	404	283	121
3371	432	286	146
3372	408	278	130
3373	405	287	118
3374	427	285	142
3375	402	282	120
3376	386	280	106
3377	395	279	116
3378	410	285	125
3379	427	291	136
3380	425	289	136
3381	424	290	134
3382	416	288	128
3383	414	281	133
3384	433	274	159
3385	388	284	104
3386	389	282	107
3387	407	287	120
3388	407	286	121
3389	399	280	119
3390	399	284	115
3391	404	283	121
3392	399	279	120
3393	370	283	87
3394	375	287	88
3395	377	282	95
3396	377	276	101
3397	399	273	126
3398	404	280	124
3399	388	295	93
3400	385	288	97
3401	384	275	109
3402	390	270	120
3403	400	280	120
3404	408	276	132
3405	398	281	117
3406	371	286	85
3407	388	283	105
3408	397	276	121
3409	410	277	133
3410	398	289	109
3411	378	290	88
3412	390	281	109
3413	389	277	112
3414	360	274	86
3415	363	275	88
3416	392	270	122
3417	395	265	130
3418	394	260	134
3419	387	263	124
3420	394	271	123
3421	416	281	135
3422	412	282	130
3423	372	275	97
3424	380	279	101
3425	382	272	110
3426	394	274	120
3427	399	281	118
3428	388	279	109
3429	375	276	99
3430	365	275	90
3431	358	275	83
3432	377	277	100
3433	396	280	116
3434	363	288	75
3435	394	288	106
3436	421	279	142
3437	406	283	123
3438	391	285	106
3439	400	280	120
3440	402	282	120
3441	389	273	116
3442	398	274	124
3443	386	273	113
3444	382	277	105
3445	368	276	92
3446	377	284	93
3447	387	290	97
3448	407	275	132
3449	408	275	133
3450	410	281	129
3451	365	281	84
3452	355	286	69
3453	390	285	105
3454	359	281	78
3455	353	286	67
3456	369	279	90
3457	389	281	108
3458	398	282	116
3459	375	289	86
3460	357	289	68
3461	371	289	82
3462	364	277	87
3463	366	283	83
3464	369	294	75
3465	366	289	77
3466	356	279	77
3467	354	286	68
3468	353	272	81
3469	366	290	76
3470	388	277	111
3471	386	275	111
3472	372	287	85
3473	364	285	79
3474	366	279	87
3475	382	281	101
3476	377	285	92
3477	370	287	83
3478	374	282	92
3479	363	284	79
3480	374	275	99
3481	339	280	59
3482	337	280	57
3483	378	271	107
3484	360	275	85
3485	331	281	50
3486	355	283	72
3487	377	280	97
3488	356	281	75
3489	343	273	70
3490	366	270	96
3491	353	282	71
3492	320	277	43
3493	344	278	66
3494	363	279	84
3495	353	277	76
3496	362	270	92
3497	356	269	87
3498	343	280	63
3499	366	286	80
3500	363	276	87
3501	345	274	71
3502	329	276	53
3503	338	272	66
3504	358	274	84
3505	345	281	64
3506	352	282	70
3507	360	284	76
3508	358	279	79
3509	375	276	99
3510	363	276	87
3511	366	272	94
3512	360	271	89
3513	347	279	68
3514	331	272	59
3515	335	274	61
3516	342	290	52
3517	362	291	71
3518	357	280	77
3519	360	284	76
3520	367	275	92
3521	337	273	64
3522	339	279	60
3523	367	278	89
3524	360	282	78
3525	342	293	49
3526	353	284	69
3527	369	283	86
3528	366	282	84
3529	350	283	67
3530	346	280	66
3531	345	281	64
3532	352	282	70
3533	357	270	87
3534	363	273	90
3535	353	278	75
3536	348	280	68
3537	364	284	80
3538	345	277	68
3539	335	282	53
3540	329	287	42
3541	332	285	47
3542	367	279	88
3543	363	273	90
3544	367	273	94
3545	347	282	65
3546	360	282	78
3547	343	286	57
3548	353	274	79
3549	350	269	81
3550	328	269	59
3551	345	278	67
3552	336	277	59
3553	321	285	36
3554	320	289	31
3555	324	282	42
3556	361	283	78
3557	342	281	61
3558	344	280	64
3559	350	278	72
3560	359	285	74
3561	373	286	87
3562	360	271	89
3563	335	279	56
3564	332	283	49
3565	340	285	55
3566	344	277	67
3567	363	281	82
3568	336	280	56
3569	350	280	70
3570	369	282	87
3571	350	280	70
3572	330	273	57
3573	343	279	64
3574	351	281	70
3575	345	281	64
3576	355	289	66
3577	351	288	63
3578	333	280	53
3579	338	285	53
3580	326	285	41
3581	337	287	50
3582	370	290	80
3583	364	280	84
3584	357	283	74
3585	365	281	84
3586	357	272	85
3587	332	279	53
3588	350	284	66
3589	345	288	57
3590	344	280	64
3591	328	289	39
3592	316	288	28
3593	355	280	75
3594	346	276	70
3595	362	284	78
3596	376	297	79
3597	357	289	68
3598	339	275	64
3599	336	282	54
3600	360	277	83
3601	356	276	80
3602	361	282	79
3603	348	283	65
3604	318	284	34
3605	365	286	79
3606	355	297	58
3607	341	299	42
3608	344	280	64
3609	342	276	66
3610	361	283	78
3611	355	288	67
3612	350	277	73
3613	352	274	78
3614	355	279	76
3615	345	280	65
3616	357	286	71
3617	368	287	81
3618	360	291	69
3619	351	288	63
3620	327	281	46
3621	332	286	46
3622	334	278	56
3623	324	281	43
3624	326	280	46
3625	333	279	54
3626	343	288	55
3627	354	293	61
3628	349	288	61
3629	341	281	60
3630	360	278	82
3631	334	279	55
3632	336	275	61
3633	362	276	86
3634	348	274	74
3635	347	275	72
3636	348	268	80
3637	314	279	35
3638	340	288	52
3639	356	291	65
3640	327	281	46
3641	329	277	52
3642	333	281	52
3643	344	275	69
3644	330	277	53
3645	318	290	28
3646	343	285	58
3647	341	278	63
3648	348	272	76
