index	original	background	difference
-----------------------------------------------------
1	352	210	142
2	356	221	135
3	355	224	131
4	340	224	116
5	337	224	113
6	349	228	121
7	326	230	96
8	324	216	108
9	348	216	132
10	354	222	132
11	335	223	112
12	341	233	108
13	355	234	121
14	337	231	106
15	341	228	113
16	346	224	122
17	333	214	119
18	339	223	116
19	351	232	119
20	361	236	125
21	384	234	150
22	373	230	143
23	375	229	146
24	384	232	152
25	378	238	140
26	374	231	143
27	382	225	157
28	384	230	154
29	369	223	146
30	352	225	127
31	359	236	123
32	368	230	138
33	364	231	133
34	380	231	149
35	394	232	162
36	400	246	154
37	393	246	147
38	374	237	137
39	360	228	132
40	385	235	150
41	411	248	163
42	408	243	165
43	391	238	153
44	403	240	163
45	387	239	148
46	375	241	134
47	407	243	164
48	417	242	175
49	397	250	147
50	419	250	169
51	424	239	185
52	403	252	151
53	412	252	160
54	406	244	162
55	397	233	164
56	397	236	161
57	387	246	141
58	378	246	132
59	419	242	177
60	442	237	205
61	428	240	188
62	423	248	175
63	434	239	195
64	413	237	176
65	391	249	142
66	406	244	162
67	415	238	177
68	417	243	174
69	415	250	165
70	419	254	165
71	442	248	194
72	454	243	211
73	426	244	182
74	418	251	167
75	430	255	175
76	446	255	191
77	426	240	186
78	408	242	166
79	432	249	183
80	434	245	189
81	432	253	179
82	428	247	181
83	409	253	156
84	409	259	150
85	416	259	157
86	409	250	159
87	440	235	205
88	434	240	194
89	411	238	173
90	408	243	165
91	444	253	191
92	442	256	186
93	420	247	173
94	411	243	168
95	400	243	157
96	417	248	169
97	422	248	174
98	417	255	162
99	427	257	170
100	431	262	169
101	441	255	186
102	442	254	188
103	425	249	176
104	418	245	173
105	396	242	154
106	407	249	158
107	421	258	163
108	420	259	161
109	448	256	192
110	432	250	182
111	426	247	179
112	429	251	178
113	432	256	176
114	418	253	165
115	431	256	175
116	409	252	157
117	406	256	150
118	398	260	138
119	414	248	166
120	400	243	157
121	413	252	161
122	409	258	151
123	405	268	137
124	424	259	165
125	411	253	158
126	401	249	152
127	408	240	168
128	412	247	165
129	409	254	155
130	414	258	156
131	424	253	171
132	425	251	174
133	422	247	175
134	430	256	174
135	410	259	151
136	396	253	143
137	408	252	156
138	406	258	148
139	428	262	166
140	441	257	184
141	445	262	183
142	452	263	189
143	436	255	181
144	422	263	159
145	419	262	157
146	413	265	148
147	426	262	164
148	408	247	161
149	411	249	162
150	439	250	189
151	434	247	187
152	431	250	181
153	421	256	165
154	433	269	164
155	432	273	159
156	418	271	147
157	423	258	165
158	428	253	175
159	439	257	182
160	426	267	159
161	418	263	155
162	418	260	158
163	434	255	179
164	445	252	193
165	433	254	179
166	436	247	189
167	459	251	208
168	441	267	174
169	430	263	167
170	423	249	174
171	455	249	206
172	460	251	209
173	439	243	196
174	436	241	195
175	429	251	178
176	446	263	183
177	456	265	191
178	438	267	171
179	446	254	192
180	449	259	190
181	460	263	197
182	468	262	206
183	455	255	200
184	442	254	188
185	446	259	187
186	470	262	208
187	492	259	233
188	494	261	233
189	506	262	244
190	493	260	233
191	473	253	220
192	459	241	218
193	472	254	218
194	476	260	216
195	473	255	218
196	488	246	242
197	496	247	249
198	510	257	253
199	489	256	233
200	481	254	227
201	490	254	236
202	493	257	236
203	494	256	238
204	486	252	234
205	507	251	256
206	534	254	280
207	512	250	262
208	508	249	259
209	527	265	262
210	509	264	245
211	521	264	257
212	509	268	241
213	522	256	266
214	513	257	256
215	531	256	275
216	532	252	280
217	521	254	267
218	528	257	271
219	537	257	280
220	530	257	273
221	544	258	286
222	528	263	265
223	536	259	277
224	540	256	284
225	551	252	299
226	545	255	290
227	534	255	279
228	519	256	263
229	554	258	296
230	580	258	322
231	546	258	288
232	536	257	279
233	533	260	273
234	547	260	287
235	544	262	282
236	565	257	308
237	572	260	312
238	561	274	287
239	565	257	308
240	567	256	311
241	551	253	298
242	556	250	306
243	532	252	280
244	538	259	279
245	536	269	267
246	537	268	269
247	551	267	284
248	572	266	306
249	557	258	299
250	559	253	306
251	591	258	333
252	574	258	316
253	546	256	290
254	552	259	293
255	564	260	304
256	556	260	296
257	571	254	317
258	575	254	321
259	564	258	306
260	574	263	311
261	593	250	343
262	613	251	362
263	588	257	331
264	548	257	291
265	558	248	310
266	561	256	305
267	559	267	292
268	567	254	313
269	569	253	316
270	562	261	301
271	537	257	280
272	543	247	296
273	548	246	302
274	577	246	331
275	593	246	347
276	591	253	338
277	571	257	314
278	552	250	302
279	557	259	298
280	557	262	295
281	555	259	296
282	558	258	300
283	565	264	301
284	589	259	330
285	590	253	337
286	571	261	310
287	551	259	292
288	558	252	306
289	578	246	332
290	578	251	327
291	575	258	317
292	572	256	316
293	574	256	318
294	587	254	333
295	563	264	299
296	554	266	288
297	559	255	304
298	566	252	314
299	544	248	296
300	568	255	313
301	575	256	319
302	557	257	300
303	552	258	294
304	537	259	278
305	537	252	285
306	563	253	310
307	574	253	321
308	571	254	317
309	578	250	328
310	570	253	317
311	575	254	321
312	561	257	304
313	553	260	293
314	571	260	311
315	572	254	318
316	549	249	300
317	549	257	292
318	556	252	304
319	563	252	311
320	569	249	320
321	581	245	336
322	577	251	326
323	561	259	302
324	534	257	277
325	551	249	302
326	572	244	328
327	583	249	334
328	559	251	308
329	533	251	282
330	533	250	283
331	543	262	281
332	562	262	300
333	546	259	287
334	542	262	280
335	559	254	305
336	569	255	314
337	551	258	293
338	541	253	288
339	538	256	282
340	552	249	303
341	536	250	286
342	538	243	295
343	564	252	312
344	540	258	282
345	524	254	270
346	533	251	282
347	532	261	271
348	553	264	289
349	560	264	296
350	543	258	285
351	576	256	320
352	571	258	313
353	549	261	288
354	544	262	282
355	540	257	283
356	554	264	290
357	528	257	271
358	553	253	300
359	563	251	312
360	546	251	295
361	530	255	275
362	556	253	303
363	583	249	334
364	566	258	308
365	554	263	291
366	543	256	287
367	547	249	298
368	567	261	306
369	572	259	313
370	577	257	320
371	594	254	340
372	593	258	335
373	570	260	310
374	573	256	317
375	589	253	336
376	583	259	324
377	572	266	306
378	586	257	329
379	591	250	341
380	601	247	354
381	589	240	349
382	581	251	330
383	615	255	360
384	613	250	363
385	598	243	355
386	577	255	322
387	586	244	342
388	591	246	345
389	587	250	337
390	566	248	318
391	571	260	311
392	588	261	327
393	597	262	335
394	598	254	344
395	601	257	344
396	622	253	369
397	606	248	358
398	599	252	347
399	625	252	373
400	624	253	371
401	631	264	367
402	659	254	405
403	646	245	401
404	629	249	380
405	625	249	376
406	624	245	379
407	640	255	385
408	652	256	396
409	661	258	403
410	640	261	379
411	630	248	382
412	637	252	385
413	649	264	385
414	642	253	389
415	659	260	399
416	655	253	402
417	652	236	416
418	646	241	405
419	663	247	416
420	671	247	424
421	675	245	430
422	716	254	462
423	728	258	470
424	696	260	436
425	689	258	431
426	712	262	450
427	711	262	449
428	714	260	454
429	700	248	452
430	700	250	450
431	714	255	459
432	722	247	475
433	703	242	461
434	701	245	456
435	714	248	466
436	704	247	457
437	710	255	455
438	724	262	462
439	733	265	468
440	737	263	474
441	738	255	483
442	734	252	482
443	726	242	484
444	738	252	486
445	738	250	488
446	760	248	512
447	753	254	499
448	752	249	503
449	768	244	524
450	759	250	509
451	756	252	504
452	775	247	528
453	771	249	522
454	781	260	521
455	787	266	521
456	763	263	500
457	771	250	521
458	795	250	545
459	798	252	546
460	781	255	526
461	784	256	528
462	769	247	522
463	798	258	540
464	811	261	550
465	784	252	532
466	793	249	544
467	806	239	567
468	782	247	535
469	770	247	523
470	778	258	520
471	788	255	533
472	816	261	555
473	787	263	524
474	793	255	538
475	783	250	533
476	760	247	513
477	781	252	529
478	811	259	552
479	818	254	564
480	784	260	524
481	802	256	546
482	827	247	580
483	802	245	557
484	808	247	561
485	806	239	567
486	805	238	567
487	813	249	564
488	801	259	542
489	816	252	564
490	845	239	606
491	846	245	601
492	821	256	565
493	790	254	536
494	789	246	543
495	804	253	551
496	791	252	539
497	801	250	551
498	839	253	586
499	828	251	577
500	789	252	537
501	800	258	542
502	811	258	553
503	834	250	584
504	818	245	573
505	827	244	583
506	858	258	600
507	822	262	560
508	804	259	545
509	811	260	551
510	826	257	569
511	853	255	598
512	845	254	591
513	829	249	580
514	787	256	531
515	823	253	570
516	821	259	562
517	817	264	553
518	803	262	541
519	794	263	531
520	814	267	547
521	782	266	516
522	794	262	532
523	799	256	543
524	802	255	547
525	800	262	538
526	793	266	527
527	792	268	524
528	805	262	543
529	791	252	539
530	757	252	505
531	759	253	506
532	780	265	515
533	787	261	526
534	782	261	521
535	779	263	516
536	779	255	524
537	754	257	497
538	758	262	496
539	762	251	511
540	758	247	511
541	732	265	467
542	760	259	501
543	773	253	520
544	765	254	511
545	764	259	505
546	731	255	476
547	720	248	472
548	727	253	474
549	736	255	481
550	752	257	495
551	756	255	501
552	760	255	505
553	767	255	512
554	713	260	453
555	720	258	462
556	763	254	509
557	732	254	478
558	715	258	457
559	747	256	491
560	757	254	503
561	756	256	500
562	747	263	484
563	754	260	494
564	725	258	467
565	725	250	475
566	737	251	486
567	735	260	475
568	730	252	478
569	748	254	494
570	754	251	503
571	751	256	495
572	721	254	467
573	719	253	466
574	744	259	485
575	759	249	510
576	764	250	514
577	754	251	503
578	771	253	518
579	786	254	532
580	746	252	494
581	712	256	456
582	739	250	489
583	733	251	482
584	746	244	502
585	754	249	505
586	754	250	504
587	729	248	481
588	721	262	459
589	751	262	489
590	732	251	481
591	729	248	481
592	745	257	488
593	712	252	460
594	747	251	496
595	756	260	496
596	741	259	482
597	770	247	523
598	776	245	531
599	726	241	485
600	760	241	519
601	775	239	536
602	747	246	501
603	763	249	514
604	760	253	507
605	736	252	484
606	738	249	489
607	763	260	503
608	752	257	495
609	740	249	491
610	768	242	526
611	757	250	507
612	756	259	497
613	787	249	538
614	766	250	516
615	747	258	489
616	774	251	523
617	759	251	508
618	759	260	499
619	761	262	499
620	770	251	519
621	767	247	520
622	806	249	557
623	797	250	547
624	758	251	507
625	753	254	499
626	787	252	535
627	792	251	541
628	775	241	534
629	787	243	544
630	792	253	539
631	775	255	520
632	790	244	546
633	763	252	511
634	774	267	507
635	810	260	550
636	814	255	559
637	803	253	550
638	790	258	532
639	779	252	527
640	787	246	541
641	798	239	559
642	800	245	555
643	797	245	552
644	816	248	568
645	821	254	567
646	756	256	500
647	794	253	541
648	805	256	549
649	801	257	544
650	821	261	560
651	844	256	588
652	818	250	568
653	812	251	561
654	798	246	552
655	831	247	584
656	874	248	626
657	849	252	597
658	837	245	592
659	847	249	598
660	838	253	585
661	844	252	592
662	854	249	605
663	848	250	598
664	833	256	577
665	856	250	606
666	863	254	609
667	868	259	609
668	866	262	604
669	843	253	590
670	852	252	600
671	835	251	584
672	881	255	626
673	871	255	616
674	838	250	588
675	883	247	636
676	904	244	660
677	895	236	659
678	903	238	665
679	891	248	643
680	908	255	653
681	900	252	648
682	913	254	659
683	924	257	667
684	913	251	662
685	889	249	640
686	868	248	620
687	888	252	636
688	922	254	668
689	912	256	656
690	923	252	671
691	908	256	652
692	932	257	675
693	947	249	698
694	960	259	701
695	965	255	710
696	951	256	695
697	975	260	715
698	979	260	719
699	1000	258	742
700	974	260	714
701	948	253	695
702	940	244	696
703	930	255	675
704	951	265	686
705	986	262	724
706	976	259	717
707	998	255	743
708	978	254	724
709	969	251	718
710	955	252	703
711	982	251	731
712	973	257	716
713	1012	259	753
714	1037	240	797
715	1012	242	770
716	977	244	733
717	987	249	738
718	985	258	727
719	991	246	745
720	991	245	746
721	1004	253	751
722	1022	255	767
723	1020	251	769
724	1022	255	767
725	1042	262	780
726	1032	254	778
727	1032	241	791
728	1047	248	799
729	1054	266	788
730	1087	260	827
731	1034	248	786
732	1038	253	785
733	1042	254	788
734	1046	260	786
735	1049	246	803
736	1048	236	812
737	1030	246	784
738	1048	261	787
739	1064	260	804
740	1056	263	793
741	1023	252	771
742	1062	249	813
743	1058	253	805
744	1028	263	765
745	1042	262	780
746	1040	258	782
747	1068	258	810
748	1039	264	775
749	1021	267	754
750	1051	263	788
751	1058	257	801
752	1054	246	808
753	1040	247	793
754	1027	252	775
755	1050	251	799
756	1071	255	816
757	1055	259	796
758	1060	258	802
759	1063	250	813
760	1059	243	816
761	1059	253	806
762	1059	254	805
763	1046	263	783
764	1052	251	801
765	1033	254	779
766	1042	260	782
767	1069	261	808
768	1068	263	805
769	1062	257	805
770	1059	253	806
771	1052	254	798
772	1041	253	788
773	1039	254	785
774	1037	258	779
775	1070	260	810
776	1045	263	782
777	1012	253	759
778	1033	247	786
779	1011	250	761
780	1020	252	768
781	1021	249	772
782	1007	259	748
783	1008	258	750
784	1022	260	762
785	1010	248	762
786	1012	239	773
787	1004	249	755
788	1005	263	742
789	1018	250	768
790	1018	250	768
791	1014	252	762
792	998	241	757
793	999	242	757
794	980	247	733
795	932	249	683
796	940	262	678
797	991	259	732
798	1005	252	753
799	985	257	728
800	1000	256	744
801	989	262	727
802	948	268	680
803	945	264	681
804	959	263	696
805	956	251	705
806	919	245	674
807	947	247	700
808	940	258	682
809	955	255	700
810	976	249	727
811	963	260	703
812	928	256	672
813	904	252	652
814	943	262	681
815	932	262	670
816	907	255	652
817	956	259	697
818	950	266	684
819	944	263	681
820	934	256	678
821	919	252	667
822	939	255	684
823	967	264	703
824	952	264	688
825	890	245	645
826	889	250	639
827	903	246	657
828	911	251	660
829	915	259	656
830	902	258	644
831	912	256	656
832	888	252	636
833	893	247	646
834	912	248	664
835	921	260	661
836	900	254	646
837	896	248	648
838	878	254	624
839	894	256	638
840	909	254	655
841	920	253	667
842	918	258	660
843	903	252	651
844	900	249	651
845	893	245	648
846	869	247	622
847	864	252	612
848	868	253	615
849	874	250	624
850	823	264	559
851	832	260	572
852	858	249	609
853	822	247	575
854	851	263	588
855	846	251	595
856	856	262	594
857	862	262	600
858	857	254	603
859	838	250	588
860	809	255	554
861	824	251	573
862	809	244	565
863	827	250	577
864	840	265	575
865	836	260	576
866	834	257	577
867	819	255	564
868	842	253	589
869	855	256	599
870	875	249	626
871	860	250	610
872	855	263	592
873	840	260	580
874	844	254	590
875	848	250	598
876	851	250	601
877	873	247	626
878	879	243	636
879	859	253	606
880	864	261	603
881	846	265	581
882	830	262	568
883	841	255	586
884	850	257	593
885	812	259	553
886	816	258	558
887	825	248	577
888	833	241	592
889	837	246	591
890	836	261	575
891	860	266	594
892	845	259	586
893	838	246	592
894	826	247	579
895	831	247	584
896	855	254	601
897	827	250	577
898	820	255	565
899	825	243	582
900	819	238	581
901	822	240	582
902	838	247	591
903	837	250	587
904	821	245	576
905	810	243	567
906	825	252	573
907	856	259	597
908	837	255	582
909	822	255	567
910	789	259	530
911	793	243	550
912	790	248	542
913	785	255	530
914	807	257	550
915	799	253	546
916	800	248	552
917	799	251	548
918	817	258	559
919	813	256	557
920	822	256	566
921	828	256	572
922	821	247	574
923	801	251	550
924	794	257	537
925	807	253	554
926	818	253	565
927	791	244	547
928	804	241	563
929	827	248	579
930	833	249	584
931	812	242	570
932	798	245	553
933	780	248	532
934	793	253	540
935	811	263	548
936	808	266	542
937	795	258	537
938	805	250	555
939	787	239	548
940	769	248	521
941	796	257	539
942	794	260	534
943	813	255	558
944	825	257	568
945	804	260	544
946	814	255	559
947	778	254	524
948	773	245	528
949	813	254	559
950	798	256	542
951	781	252	529
952	795	256	539
953	807	246	561
954	833	240	593
955	817	248	569
956	795	237	558
957	778	246	532
958	805	261	544
959	826	256	570
960	806	247	559
961	787	248	539
962	797	249	548
963	810	259	551
964	823	266	557
965	790	248	542
966	786	253	533
967	803	259	544
968	797	241	556
969	808	262	546
970	811	241	570
971	817	245	572
972	809	257	552
973	806	261	545
974	801	256	545
975	804	255	549
976	821	257	564
977	807	244	563
978	814	244	570
979	805	247	558
980	808	244	564
981	821	247	574
982	813	250	563
983	802	247	555
984	797	254	543
985	779	246	533
986	783	242	541
987	779	254	525
988	806	257	549
989	813	250	563
990	807	245	562
991	808	248	560
992	807	261	546
993	789	257	532
994	797	255	542
995	798	245	553
996	813	251	562
997	816	256	560
998	821	255	566
999	807	239	568
1000	780	249	531
1001	805	246	559
1002	814	250	564
1003	794	252	542
1004	781	245	536
1005	787	238	549
1006	798	252	546
1007	768	253	515
1008	802	254	548
1009	822	253	569
1010	786	251	535
1011	784	249	535
1012	814	261	553
1013	819	262	557
1014	800	254	546
1015	801	252	549
1016	760	249	511
1017	764	241	523
1018	794	245	549
1019	785	250	535
1020	791	252	539
1021	781	244	537
1022	773	258	515
1023	795	259	536
1024	828	250	578
1025	804	243	561
1026	796	243	553
1027	777	248	529
1028	764	256	508
1029	771	262	509
1030	775	262	513
1031	785	255	530
1032	787	248	539
1033	764	251	513
1034	762	252	510
1035	747	241	506
1036	744	246	498
1037	740	258	482
1038	770	262	508
1039	766	254	512
1040	769	243	526
1041	791	253	538
1042	771	263	508
1043	755	250	505
1044	753	254	499
1045	750	255	495
1046	732	252	480
1047	762	251	511
1048	753	261	492
1049	761	265	496
1050	747	256	491
1051	728	254	474
1052	725	255	470
1053	726	249	477
1054	745	241	504
1055	756	252	504
1056	763	258	505
1057	768	256	512
1058	772	259	513
1059	729	263	466
1060	720	256	464
1061	732	262	470
1062	732	258	474
1063	736	253	483
1064	771	251	520
1065	767	254	513
1066	731	252	479
1067	735	242	493
1068	724	244	480
1069	698	249	449
1070	701	251	450
1071	709	251	458
1072	695	241	454
1073	703	240	463
1074	690	261	429
1075	710	255	455
1076	730	245	485
1077	699	249	450
1078	715	253	462
1079	732	257	475
1080	722	255	467
1081	707	258	449
1082	694	256	438
1083	687	247	440
1084	678	253	425
1085	691	264	427
1086	693	264	429
1087	687	255	432
1088	699	252	447
1089	685	252	433
1090	663	254	409
1091	667	256	411
1092	675	259	416
1093	670	252	418
1094	684	252	432
1095	683	254	429
1096	682	262	420
1097	658	259	399
1098	666	261	405
1099	642	253	389
1100	646	254	392
1101	667	249	418
1102	661	239	422
1103	666	248	418
1104	671	257	414
1105	654	258	396
1106	665	264	401
1107	671	258	413
1108	641	242	399
1109	606	245	361
1110	634	257	377
1111	660	250	410
1112	624	254	370
1113	636	248	388
1114	638	252	386
1115	621	254	367
1116	597	243	354
1117	604	242	362
1118	633	243	390
1119	614	249	365
1120	616	248	368
1121	620	244	376
1122	608	251	357
1123	609	251	358
1124	606	260	346
1125	603	260	343
1126	583	252	331
1127	575	250	325
1128	597	248	349
1129	630	251	379
1130	615	253	362
1131	612	256	356
1132	635	252	383
1133	607	255	352
1134	574	256	318
1135	561	251	310
1136	580	247	333
1137	581	252	329
1138	582	259	323
1139	565	251	314
1140	550	252	298
1141	563	250	313
1142	565	251	314
1143	577	255	322
1144	607	257	350
1145	561	254	307
1146	548	249	299
1147	563	254	309
1148	544	253	291
1149	551	245	306
1150	538	251	287
1151	542	252	290
1152	524	254	270
1153	538	255	283
1154	563	256	307
1155	539	252	287
1156	512	253	259
1157	515	255	260
1158	502	256	246
1159	518	258	260
1160	536	250	286
1161	521	252	269
1162	544	250	294
1163	545	255	290
1164	533	256	277
1165	532	250	282
1166	548	259	289
1167	518	264	254
1168	512	261	251
1169	520	255	265
1170	498	250	248
1171	524	243	281
1172	518	246	272
1173	516	251	265
1174	510	261	249
1175	509	265	244
1176	518	261	257
1177	503	253	250
1178	509	252	257
1179	498	251	247
1180	499	256	243
1181	478	252	226
1182	476	244	232
1183	498	242	256
1184	467	253	214
1185	448	244	204
1186	463	236	227
1187	467	243	224
1188	459	244	215
1189	467	228	239
1190	439	244	195
1191	440	259	181
1192	463	251	212
1193	470	252	218
1194	469	246	223
1195	479	242	237
1196	445	241	204
1197	434	249	185
1198	445	244	201
1199	447	255	192
1200	435	263	172
1201	444	254	190
1202	476	254	222
1203	446	259	187
1204	431	261	170
1205	452	253	199
1206	454	249	205
1207	454	256	198
1208	443	251	192
1209	407	242	165
1210	411	241	170
1211	417	243	174
1212	431	251	180
1213	439	254	185
1214	442	254	188
1215	441	254	187
1216	431	252	179
1217	428	247	181
1218	435	252	183
1219	424	252	172
1220	445	252	193
1221	410	257	153
1222	370	254	116
1223	403	252	151
1224	425	258	167
1225	394	267	127
1226	386	254	132
1227	393	254	139
1228	386	260	126
1229	376	253	123
1230	375	250	125
1231	407	254	153
1232	408	257	151
1233	379	256	123
1234	371	257	114
1235	370	253	117
1236	370	251	119
1237	384	246	138
1238	395	249	146
1239	378	253	125
1240	390	251	139
1241	377	246	131
1242	405	240	165
1243	401	247	154
1244	386	260	126
1245	358	255	103
1246	367	248	119
1247	363	257	106
1248	355	259	96
1249	349	259	90
1250	366	253	113
1251	361	243	118
1252	346	251	95
1253	337	249	88
1254	360	243	117
1255	389	246	143
1256	370	257	113
1257	350	261	89
1258	347	248	99
1259	353	250	103
1260	370	259	111
1261	356	262	94
1262	330	255	75
1263	331	255	76
1264	323	255	68
1265	336	247	89
1266	353	257	96
1267	330	263	67
1268	342	248	94
1269	342	247	95
1270	333	259	74
1271	352	255	97
1272	363	250	113
1273	366	257	109
1274	351	245	106
1275	330	248	82
1276	319	260	59
1277	326	245	81
1278	353	251	102
1279	337	257	80
1280	325	252	73
1281	325	252	73
1282	319	251	68
1283	329	249	80
1284	333	242	91
1285	327	251	76
1286	309	251	58
1287	327	251	76
1288	322	252	70
1289	300	246	54
1290	299	242	57
1291	302	241	61
1292	310	246	64
1293	301	249	52
1294	317	240	77
1295	309	253	56
1296	300	252	48
1297	286	248	38
1298	271	254	17
1299	290	260	30
1300	300	247	53
1301	326	250	76
1302	346	248	98
1303	335	240	95
1304	317	244	73
1305	312	251	61
1306	302	248	54
1307	287	248	39
1308	311	251	60
1309	308	250	58
1310	290	259	31
1311	301	257	44
1312	304	253	51
1313	325	246	79
1314	330	250	80
1315	326	255	71
1316	309	253	56
1317	298	246	52
1318	289	255	34
1319	275	249	26
1320	282	249	33
1321	276	256	20
1322	283	251	32
1323	287	260	27
1324	286	264	22
1325	282	252	30
1326	314	240	74
1327	317	238	79
1328	285	246	39
1329	278	250	28
1330	297	250	47
1331	292	250	42
1332	287	252	35
1333	303	252	51
1334	306	254	52
1335	300	255	45
1336	292	254	38
1337	306	257	49
1338	283	258	25
1339	273	250	23
1340	286	249	37
1341	280	248	32
1342	306	248	58
1343	322	243	79
1344	300	245	55
1345	276	246	30
1346	273	248	25
1347	288	246	42
1348	269	244	25
1349	286	237	49
1350	289	240	49
1351	274	253	21
1352	277	261	16
1353	295	252	43
1354	287	249	38
1355	293	254	39
1356	289	256	33
1357	284	253	31
1358	278	246	32
1359	269	239	30
1360	284	249	35
1361	281	260	21
1362	275	263	12
1363	300	251	49
1364	300	246	54
1365	290	254	36
1366	289	259	30
1367	277	256	21
1368	285	255	30
1369	283	253	30
1370	287	252	35
1371	281	246	35
1372	277	250	27
1373	305	253	52
1374	282	253	29
1375	268	248	20
1376	252	254	-2
1377	262	253	9
1378	280	250	30
1379	271	249	22
1380	277	255	22
1381	265	250	15
1382	286	248	38
1383	282	251	31
1384	294	246	48
1385	309	252	57
1386	292	252	40
1387	285	242	43
1388	279	245	34
1389	272	251	21
1390	258	249	9
1391	259	244	15
1392	264	253	11
1393	270	250	20
1394	285	253	32
1395	290	254	36
1396	279	254	25
1397	275	256	19
1398	271	250	21
1399	265	244	21
1400	286	240	46
1401	278	243	35
1402	261	248	13
1403	268	248	20
1404	281	245	36
1405	278	249	29
1406	270	261	9
1407	272	253	19
1408	283	244	39
1409	275	249	26
1410	265	248	17
1411	269	239	30
1412	277	243	34
1413	259	250	9
1414	266	259	7
1415	262	260	2
1416	250	252	-2
1417	265	243	22
1418	262	245	17
1419	275	244	31
1420	279	243	36
1421	265	242	23
1422	251	241	10
1423	262	245	17
1424	292	241	51
1425	281	236	45
1426	281	236	45
1427	270	246	24
1428	267	246	21
1429	264	247	17
1430	268	241	27
1431	271	238	33
1432	272	242	30
1433	278	239	39
1434	273	239	34
1435	249	250	-1
1436	267	257	10
1437	269	250	19
1438	261	248	13
1439	270	253	17
1440	270	251	19
1441	278	252	26
1442	262	257	5
1443	258	248	10
1444	257	245	12
1445	258	255	3
1446	256	254	2
1447	258	253	5
1448	262	254	8
1449	255	257	-2
1450	278	259	19
1451	286	256	30
1452	270	250	20
1453	278	254	24
1454	280	253	27
1455	269	250	19
1456	247	256	-9
1457	250	254	-4
1458	251	257	-6
1459	249	247	2
1460	249	252	-3
1461	261	243	18
1462	257	246	11
1463	259	252	7
1464	270	258	12
1465	263	257	6
1466	267	246	21
1467	260	241	19
1468	250	252	-2
1469	257	249	8
1470	266	251	15
1471	268	243	25
1472	262	245	17
1473	267	257	10
1474	268	254	14
1475	259	247	12
1476	263	242	21
1477	273	243	30
1478	261	242	19
1479	262	236	26
1480	257	242	15
1481	250	248	2
1482	258	250	8
1483	288	241	47
1484	284	247	37
1485	266	243	23
1486	251	243	8
1487	247	244	3
1488	259	249	10
1489	249	250	-1
1490	245	252	-7
1491	263	249	14
1492	273	244	29
1493	257	244	13
1494	259	254	5
1495	263	259	4
1496	265	250	15
1497	256	253	3
1498	259	254	5
1499	274	247	27
1500	243	246	-3
1501	260	248	12
1502	253	250	3
1503	251	248	3
1504	263	244	19
1505	260	253	7
1506	256	255	1
1507	273	246	27
1508	264	247	17
1509	264	258	6
1510	257	258	-1
1511	269	254	15
1512	285	250	35
1513	260	242	18
1514	259	241	18
1515	254	239	15
1516	258	250	8
1517	239	251	-12
1518	223	250	-27
1519	257	247	10
1520	265	243	22
1521	268	243	25
1522	262	248	14
1523	276	245	31
1524	277	238	39
1525	265	239	26
1526	241	254	-13
1527	256	258	-2
1528	271	252	19
1529	253	242	11
1530	246	243	3
1531	250	247	3
1532	242	253	-11
1533	246	245	1
1534	247	249	-2
1535	243	250	-7
1536	264	246	18
1537	254	243	11
1538	247	239	8
1539	272	252	20
1540	265	251	14
1541	269	238	31
1542	266	244	22
1543	287	243	44
1544	283	248	35
1545	267	250	17
1546	269	247	22
1547	266	245	21
1548	253	241	12
1549	242	245	-3
1550	267	253	14
1551	258	260	-2
1552	227	252	-25
1553	228	253	-25
1554	256	249	7
1555	264	254	10
1556	248	241	7
1557	253	244	9
1558	252	251	1
1559	252	242	10
1560	276	255	21
1561	254	256	-2
1562	258	242	16
1563	269	240	29
1564	244	244	0
1565	242	248	-6
1566	236	253	-17
1567	260	243	17
1568	274	247	27
1569	262	248	14
1570	265	243	22
1571	271	241	30
1572	243	248	-5
1573	249	252	-3
1574	273	255	18
1575	274	244	30
1576	259	244	15
1577	256	242	14
1578	270	252	18
1579	272	252	20
1580	267	257	10
1581	269	258	11
1582	250	254	-4
1583	257	239	18
1584	246	238	8
1585	259	247	12
1586	261	248	13
1587	251	248	3
1588	264	241	23
1589	260	238	22
1590	238	251	-13
1591	228	250	-22
1592	254	248	6
1593	274	247	27
1594	256	246	10
1595	236	242	-6
1596	261	235	26
1597	276	240	36
1598	276	251	25
1599	266	247	19
1600	267	249	18
1601	277	249	28
1602	286	243	43
1603	281	242	39
1604	268	240	28
1605	240	238	2
1606	242	249	-7
1607	251	251	0
1608	261	247	14
1609	266	251	15
1610	248	242	6
1611	267	243	24
1612	265	249	16
1613	264	253	11
1614	251	259	-8
1615	244	247	-3
1616	250	244	6
1617	243	254	-11
1618	255	249	6
1619	224	255	-31
1620	224	248	-24
1621	234	242	-8
1622	258	249	9
1623	247	254	-7
1624	234	248	-14
1625	214	250	-36
1626	245	262	-17
1627	252	266	-14
1628	261	248	13
1629	247	239	8
1630	240	246	-6
1631	250	247	3
1632	252	239	13
1633	255	236	19
1634	250	245	5
1635	242	247	-5
1636	228	241	-13
1637	225	247	-22
1638	235	243	-8
1639	244	234	10
1640	248	246	2
1641	249	253	-4
1642	246	244	2
1643	257	248	9
1644	259	261	-2
1645	249	248	1
1646	231	242	-11
1647	252	254	-2
1648	245	244	1
1649	222	240	-18
1650	242	244	-2
1651	265	256	9
1652	260	251	9
1653	265	249	16
1654	245	251	-6
1655	256	250	6
1656	243	250	-7
1657	257	248	9
1658	260	247	13
1659	252	238	14
1660	253	237	16
1661	250	237	13
1662	251	253	-2
1663	256	250	6
1664	249	239	10
1665	249	242	7
1666	250	249	1
1667	257	244	13
1668	256	249	7
1669	254	253	1
1670	241	250	-9
1671	226	251	-25
1672	228	251	-23
1673	270	251	19
1674	262	259	3
1675	252	256	-4
1676	253	252	1
1677	259	240	19
1678	261	248	13
1679	254	260	-6
1680	249	253	-4
1681	248	248	0
1682	264	251	13
1683	274	247	27
1684	236	252	-16
1685	236	250	-14
1686	241	251	-10
1687	250	245	5
1688	256	237	19
1689	261	245	16
1690	238	254	-16
1691	238	248	-10
1692	232	250	-18
1693	246	248	-2
1694	253	248	5
1695	244	245	-1
1696	263	251	12
1697	228	254	-26
1698	242	247	-5
1699	252	244	8
1700	249	255	-6
1701	252	249	3
1702	240	243	-3
1703	257	245	12
1704	258	251	7
1705	251	252	-1
1706	248	250	-2
1707	247	244	3
1708	242	240	2
1709	246	240	6
1710	259	236	23
1711	265	246	19
1712	232	249	-17
1713	229	251	-22
1714	243	254	-11
1715	263	242	21
1716	273	247	26
1717	274	247	27
1718	281	258	23
1719	263	256	7
1720	258	253	5
1721	263	255	8
1722	259	257	2
1723	251	245	6
1724	259	251	8
1725	253	245	8
1726	246	239	7
1727	236	241	-5
1728	239	247	-8
1729	248	239	9
1730	235	235	0
1731	234	237	-3
1732	262	241	21
1733	247	239	8
1734	245	250	-5
1735	270	243	27
1736	252	246	6
1737	249	243	6
1738	260	243	17
1739	260	257	3
1740	271	249	22
1741	247	250	-3
1742	236	253	-17
1743	234	251	-17
1744	233	245	-12
1745	251	237	14
1746	240	231	9
1747	254	242	12
1748	269	251	18
1749	267	251	16
1750	246	252	-6
1751	260	248	12
1752	266	247	19
1753	266	253	13
1754	252	258	-6
1755	244	255	-11
1756	244	254	-10
1757	262	244	18
1758	254	240	14
1759	272	248	24
1760	259	257	2
1761	247	251	-4
1762	239	244	-5
1763	242	246	-4
1764	245	244	1
1765	242	244	-2
1766	235	245	-10
1767	261	245	16
1768	259	255	4
1769	252	249	3
1770	250	240	10
1771	238	245	-7
1772	249	244	5
1773	257	241	16
1774	223	247	-24
1775	226	251	-25
1776	234	252	-18
1777	247	248	-1
1778	257	255	2
1779	247	255	-8
1780	261	255	6
1781	272	249	23
1782	259	248	11
1783	243	248	-5
1784	246	244	2
1785	244	239	5
1786	265	243	22
1787	257	251	6
1788	255	247	8
1789	269	244	25
1790	271	241	30
1791	262	243	19
1792	251	243	8
1793	238	238	0
1794	245	244	1
1795	253	250	3
1796	255	254	1
1797	244	247	-3
1798	243	251	-8
1799	236	264	-28
1800	255	251	4
1801	269	236	33
1802	257	241	16
1803	234	247	-13
1804	227	249	-22
1805	243	245	-2
1806	231	248	-17
1807	253	247	6
1808	261	248	13
1809	252	245	7
1810	265	237	28
1811	259	243	16
1812	239	243	-4
1813	251	241	10
1814	245	237	8
1815	235	239	-4
1816	272	253	19
1817	271	258	13
1818	244	249	-5
1819	225	238	-13
1820	244	243	1
1821	253	252	1
1822	244	251	-7
1823	232	256	-24
1824	255	259	-4
1825	254	253	1
1826	272	252	20
1827	261	246	15
1828	241	245	-4
1829	251	251	0
1830	253	247	6
1831	280	251	29
1832	270	251	19
1833	243	244	-1
1834	247	253	-6
1835	257	253	4
1836	264	249	15
1837	262	252	10
1838	247	253	-6
1839	247	253	-6
1840	255	248	7
1841	265	245	20
1842	254	245	9
1843	261	255	6
1844	254	255	-1
1845	248	254	-6
1846	255	248	7
1847	232	243	-11
1848	244	252	-8
1849	264	248	16
1850	273	247	26
1851	276	257	19
1852	254	250	4
1853	258	245	13
1854	259	254	5
1855	253	254	-1
1856	253	263	-10
1857	250	255	-5
1858	232	249	-17
1859	256	243	13
1860	288	233	55
1861	257	235	22
1862	229	250	-21
1863	231	256	-25
1864	258	258	0
1865	254	252	2
1866	252	249	3
1867	251	244	7
1868	244	240	4
1869	241	250	-9
1870	237	265	-28
1871	237	257	-20
1872	229	259	-30
1873	239	253	-14
1874	270	243	27
1875	250	247	3
1876	251	259	-8
1877	238	248	-10
1878	225	249	-24
1879	234	256	-22
1880	215	249	-34
1881	242	244	-2
1882	257	252	5
1883	255	246	9
1884	258	239	19
1885	261	240	21
1886	251	244	7
1887	245	245	0
1888	232	241	-9
1889	239	239	0
1890	261	232	29
1891	277	245	32
1892	256	241	15
1893	245	245	0
1894	263	262	1
1895	266	251	15
1896	222	237	-15
1897	222	239	-17
1898	247	249	-2
1899	250	245	5
1900	239	249	-10
1901	235	245	-10
1902	241	246	-5
1903	261	246	15
1904	249	245	4
1905	250	237	13
1906	260	238	22
1907	237	249	-12
1908	248	241	7
1909	263	238	25
1910	266	243	23
1911	243	246	-3
1912	235	247	-12
1913	251	249	2
1914	258	246	12
1915	253	238	15
1916	265	244	21
1917	252	248	4
1918	262	251	11
1919	250	248	2
1920	247	251	-4
1921	238	254	-16
1922	258	254	4
1923	263	246	17
1924	262	242	20
1925	261	245	16
1926	249	232	17
1927	243	228	15
1928	243	233	10
1929	242	252	-10
1930	258	249	9
1931	255	240	15
1932	253	238	15
1933	250	232	18
1934	257	236	21
1935	262	235	27
1936	250	240	10
1937	248	251	-3
1938	269	251	18
1939	261	250	11
1940	255	241	14
1941	269	238	31
1942	258	251	7
1943	258	254	4
1944	276	250	26
1945	274	251	23
1946	264	240	24
1947	258	244	14
1948	255	245	10
1949	258	247	11
1950	239	254	-15
1951	240	234	6
1952	266	237	29
1953	273	251	22
1954	278	252	26
1955	265	253	12
1956	274	255	19
1957	280	247	33
1958	261	243	18
1959	268	246	22
1960	260	253	7
1961	253	254	-1
1962	250	250	0
1963	263	245	18
1964	257	249	8
1965	271	241	30
1966	271	238	33
1967	258	241	17
1968	253	239	14
1969	268	253	15
1970	248	239	9
1971	246	247	-1
1972	271	250	21
1973	277	254	23
1974	270	248	22
1975	257	246	11
1976	250	243	7
1977	244	250	-6
1978	254	251	3
1979	270	245	25
1980	256	245	11
1981	251	250	1
1982	266	243	23
1983	274	245	29
1984	259	247	12
1985	245	251	-6
1986	261	255	6
1987	277	242	35
1988	266	236	30
1989	258	239	19
1990	258	247	11
1991	262	246	16
1992	250	238	12
1993	266	245	21
1994	273	251	22
1995	259	248	11
1996	268	247	21
1997	258	255	3
1998	252	257	-5
1999	239	243	-4
2000	239	247	-8
2001	246	246	0
2002	278	249	29
2003	271	244	27
2004	255	237	18
2005	251	243	8
2006	252	252	0
2007	264	244	20
2008	260	244	16
2009	250	249	1
2010	249	245	4
2011	259	238	21
2012	265	258	7
2013	260	254	6
2014	267	240	27
2015	285	245	40
2016	271	247	24
2017	260	240	20
2018	281	254	27
2019	292	266	26
2020	290	250	40
2021	273	243	30
2022	255	250	5
2023	255	250	5
2024	277	246	31
2025	279	249	30
2026	294	249	45
2027	292	249	43
2028	271	248	23
2029	296	253	43
2030	292	251	41
2031	278	244	34
2032	284	244	40
2033	286	242	44
2034	281	242	39
2035	280	247	33
2036	270	245	25
2037	292	247	45
2038	297	248	49
2039	301	243	58
2040	299	248	51
2041	293	245	48
2042	293	249	44
2043	306	252	54
2044	305	252	53
2045	281	243	38
2046	266	240	26
2047	300	248	52
2048	322	244	78
2049	296	236	60
2050	310	251	59
2051	318	252	66
2052	322	247	75
2053	336	241	95
2054	328	246	82
2055	335	242	93
2056	333	245	88
2057	331	246	85
2058	347	247	100
2059	329	255	74
2060	316	250	66
2061	345	246	99
2062	345	242	103
2063	334	244	90
2064	357	250	107
2065	356	249	107
2066	371	248	123
2067	356	247	109
2068	354	245	109
2069	339	248	91
2070	350	240	110
2071	349	244	105
2072	372	249	123
2073	384	245	139
2074	390	244	146
2075	368	242	126
2076	363	247	116
2077	360	247	113
2078	358	242	116
2079	344	247	97
2080	363	242	121
2081	399	241	158
2082	391	247	144
2083	376	245	131
2084	375	239	136
2085	400	247	153
2086	392	247	145
2087	363	244	119
2088	365	248	117
2089	400	254	146
2090	405	253	152
2091	414	243	171
2092	423	237	186
2093	411	237	174
2094	428	236	192
2095	436	242	194
2096	431	252	179
2097	429	250	179
2098	415	248	167
2099	411	241	170
2100	419	245	174
2101	416	255	161
2102	430	255	175
2103	426	253	173
2104	437	245	192
2105	451	249	202
2106	423	239	184
2107	434	240	194
2108	466	252	214
2109	468	247	221
2110	473	240	233
2111	451	244	207
2112	448	248	200
2113	437	242	195
2114	432	251	181
2115	462	245	217
2116	463	244	219
2117	462	251	211
2118	460	248	212
2119	455	242	213
2120	472	244	228
2121	493	252	241
2122	472	257	215
2123	450	253	197
2124	467	250	217
2125	466	250	216
2126	470	244	226
2127	500	246	254
2128	495	243	252
2129	466	242	224
2130	485	249	236
2131	505	245	260
2132	497	246	251
2133	502	246	256
2134	500	247	253
2135	518	240	278
2136	499	247	252
2137	505	250	255
2138	524	249	275
2139	533	241	292
2140	524	252	272
2141	515	259	256
2142	526	240	286
2143	502	237	265
2144	502	248	254
2145	514	243	271
2146	518	256	262
2147	505	261	244
2148	520	254	266
2149	527	243	284
2150	522	249	273
2151	503	256	247
2152	503	254	249
2153	532	245	287
2154	522	247	275
2155	525	256	269
2156	506	252	254
2157	495	243	252
2158	520	245	275
2159	516	242	274
2160	528	244	284
2161	535	245	290
2162	518	244	274
2163	525	249	276
2164	530	245	285
2165	545	246	299
2166	552	247	305
2167	527	241	286
2168	535	240	295
2169	522	245	277
2170	512	248	264
2171	528	246	282
2172	551	254	297
2173	527	248	279
2174	547	245	302
2175	555	245	310
2176	528	244	284
2177	489	246	243
2178	482	249	233
2179	511	255	256
2180	523	255	268
2181	539	253	286
2182	530	245	285
2183	517	237	280
2184	533	242	291
2185	547	243	304
2186	553	243	310
2187	545	247	298
2188	535	252	283
2189	525	253	272
2190	517	246	271
2191	531	238	293
2192	547	242	305
2193	535	246	289
2194	556	234	322
2195	564	241	323
2196	532	249	283
2197	543	243	300
2198	559	248	311
2199	533	246	287
2200	541	252	289
2201	516	252	264
2202	524	246	278
2203	533	242	291
2204	517	238	279
2205	518	244	274
2206	546	241	305
2207	575	239	336
2208	556	258	298
2209	561	256	305
2210	555	253	302
2211	540	247	293
2212	557	250	307
2213	558	251	307
2214	538	246	292
2215	558	259	299
2216	563	255	308
2217	558	243	315
2218	552	247	305
2219	554	253	301
2220	559	245	314
2221	534	245	289
2222	538	248	290
2223	542	242	300
2224	540	240	300
2225	575	238	337
2226	588	237	351
2227	581	242	339
2228	571	245	326
2229	569	253	316
2230	548	259	289
2231	538	259	279
2232	549	246	303
2233	564	246	318
2234	548	246	302
2235	529	244	285
2236	557	248	309
2237	579	242	337
2238	561	243	318
2239	557	244	313
2240	556	245	311
2241	570	239	331
2242	563	247	316
2243	563	249	314
2244	548	251	297
2245	558	244	314
2246	550	240	310
2247	541	239	302
2248	553	244	309
2249	540	248	292
2250	547	250	297
2251	532	238	294
2252	567	245	322
2253	585	250	335
2254	573	245	328
2255	559	238	321
2256	559	247	312
2257	572	245	327
2258	564	247	317
2259	562	248	314
2260	560	252	308
2261	571	254	317
2262	577	246	331
2263	581	244	337
2264	582	249	333
2265	571	245	326
2266	563	249	314
2267	572	247	325
2268	566	245	321
2269	551	248	303
2270	547	242	305
2271	556	246	310
2272	556	244	312
2273	536	235	301
2274	537	246	291
2275	544	257	287
2276	581	246	335
2277	588	246	342
2278	582	249	333
2279	568	246	322
2280	550	241	309
2281	573	245	328
2282	570	250	320
2283	573	246	327
2284	547	244	303
2285	546	248	298
2286	557	240	317
2287	530	231	299
2288	553	232	321
2289	594	239	355
2290	582	245	337
2291	554	249	305
2292	552	258	294
2293	557	253	304
2294	585	239	346
2295	593	230	363
2296	578	240	338
2297	544	239	305
2298	581	242	339
2299	612	246	366
2300	582	252	330
2301	558	250	308
2302	564	251	313
2303	573	259	314
2304	581	257	324
2305	596	248	348
2306	585	264	321
2307	559	254	305
2308	598	249	349
2309	596	246	350
2310	560	237	323
2311	568	241	327
2312	592	246	346
2313	587	244	343
2314	583	244	339
2315	561	248	313
2316	548	244	304
2317	556	246	310
2318	568	247	321
2319	587	249	338
2320	605	241	364
2321	610	244	366
2322	583	245	338
2323	581	243	338
2324	576	241	335
2325	564	242	322
2326	566	245	321
2327	580	247	333
2328	579	241	338
2329	588	245	343
2330	564	257	307
2331	584	247	337
2332	592	252	340
2333	598	247	351
2334	574	237	337
2335	569	241	328
2336	571	238	333
2337	571	247	324
2338	576	252	324
2339	601	245	356
2340	602	245	357
2341	593	241	352
2342	604	241	363
2343	593	241	352
2344	606	241	365
2345	588	235	353
2346	561	242	319
2347	556	245	311
2348	577	256	321
2349	583	252	331
2350	551	247	304
2351	557	247	310
2352	582	237	345
2353	580	240	340
2354	542	242	300
2355	565	237	328
2356	592	246	346
2357	608	244	364
2358	592	237	355
2359	590	240	350
2360	573	244	329
2361	549	239	310
2362	569	249	320
2363	605	248	357
2364	611	243	368
2365	604	242	362
2366	586	247	339
2367	606	246	360
2368	588	234	354
2369	600	231	369
2370	601	227	374
2371	590	239	351
2372	582	239	343
2373	571	236	335
2374	563	233	330
2375	583	238	345
2376	604	243	361
2377	587	244	343
2378	567	244	323
2379	609	242	367
2380	621	246	375
2381	584	250	334
2382	545	247	298
2383	578	241	337
2384	585	243	342
2385	587	244	343
2386	584	245	339
2387	554	249	305
2388	561	250	311
2389	572	240	332
2390	587	242	345
2391	593	251	342
2392	575	248	327
2393	594	247	347
2394	610	242	368
2395	577	249	328
2396	570	239	331
2397	563	240	323
2398	608	255	353
2399	614	245	369
2400	587	238	349
2401	577	236	341
2402	567	234	333
2403	579	242	337
2404	599	249	350
2405	570	246	324
2406	559	253	306
2407	571	248	323
2408	590	249	341
2409	628	241	387
2410	594	240	354
2411	595	247	348
2412	612	249	363
2413	606	237	369
2414	607	234	373
2415	583	239	344
2416	577	240	337
2417	579	234	345
2418	584	237	347
2419	591	247	344
2420	606	239	367
2421	621	239	382
2422	616	247	369
2423	614	245	369
2424	579	244	335
2425	581	253	328
2426	618	240	378
2427	609	234	375
2428	571	244	327
2429	566	248	318
2430	587	244	343
2431	613	245	368
2432	597	239	358
2433	581	250	331
2434	599	247	352
2435	591	233	358
2436	589	238	351
2437	592	239	353
2438	584	241	343
2439	589	250	339
2440	596	255	341
2441	594	249	345
2442	581	253	328
2443	576	252	324
2444	592	249	343
2445	577	242	335
2446	558	238	320
2447	562	238	324
2448	590	247	343
2449	589	246	343
2450	601	256	345
2451	620	252	368
2452	610	249	361
2453	590	251	339
2454	565	242	323
2455	574	245	329
2456	603	250	353
2457	621	245	376
2458	607	245	362
2459	592	243	349
2460	583	243	340
2461	566	241	325
2462	551	237	314
2463	552	237	315
2464	592	246	346
2465	608	245	363
2466	598	247	351
2467	605	248	357
2468	592	238	354
2469	577	242	335
2470	562	247	315
2471	548	238	310
2472	574	231	343
2473	609	246	363
2474	615	247	368
2475	606	239	367
2476	616	250	366
2477	608	245	363
2478	593	241	352
2479	583	251	332
2480	573	252	321
2481	565	247	318
2482	567	240	327
2483	573	230	343
2484	592	244	348
2485	599	246	353
2486	568	241	327
2487	553	242	311
2488	580	249	331
2489	588	252	336
2490	599	241	358
2491	584	238	346
2492	540	250	290
2493	545	251	294
2494	574	251	323
2495	572	243	329
2496	574	240	334
2497	570	240	330
2498	536	243	293
2499	559	238	321
2500	572	245	327
2501	590	244	346
2502	561	236	325
2503	560	236	324
2504	558	240	318
2505	553	232	321
2506	548	242	306
2507	539	244	295
2508	535	245	290
2509	540	236	304
2510	529	239	290
2511	553	247	306
2512	568	247	321
2513	567	250	317
2514	540	245	295
2515	534	232	302
2516	554	235	319
2517	549	245	304
2518	552	252	300
2519	554	247	307
2520	532	244	288
2521	558	248	310
2522	567	248	319
2523	569	246	323
2524	555	252	303
2525	530	246	284
2526	514	244	270
2527	539	246	293
2528	543	245	298
2529	525	243	282
2530	537	240	297
2531	530	245	285
2532	524	248	276
2533	523	242	281
2534	524	244	280
2535	533	245	288
2536	533	238	295
2537	528	236	292
2538	512	249	263
2539	515	244	271
2540	512	237	275
2541	511	239	272
2542	526	247	279
2543	509	242	267
2544	532	246	286
2545	531	239	292
2546	494	237	257
2547	484	240	244
2548	484	248	236
2549	520	251	269
2550	516	243	273
2551	483	245	238
2552	467	246	221
2553	476	240	236
2554	490	238	252
2555	498	243	255
2556	485	249	236
2557	482	247	235
2558	479	246	233
2559	473	242	231
2560	488	253	235
2561	497	257	240
2562	479	242	237
2563	470	239	231
2564	462	247	215
2565	465	244	221
2566	465	246	219
2567	439	242	197
2568	443	233	210
2569	446	241	205
2570	437	239	198
2571	420	232	188
2572	429	246	183
2573	442	243	199
2574	428	243	185
2575	436	244	192
2576	433	247	186
2577	438	243	195
2578	427	244	183
2579	410	245	165
2580	411	245	166
2581	427	248	179
2582	425	255	170
2583	397	243	154
2584	394	241	153
2585	397	241	156
2586	405	237	168
2587	425	243	182
2588	405	241	164
2589	379	238	141
2590	380	240	140
2591	371	243	128
2592	376	243	133
2593	387	233	154
2594	372	234	138
2595	384	245	139
2596	349	244	105
2597	388	241	147
2598	394	245	149
2599	388	245	143
2600	376	239	137
2601	366	237	129
2602	370	243	127
2603	359	242	117
2604	334	247	87
2605	353	242	111
2606	380	241	139
2607	378	236	142
2608	361	239	122
2609	342	238	104
2610	358	239	119
2611	347	232	115
2612	343	235	108
2613	351	226	125
2614	368	225	143
2615	369	229	140
2616	354	230	124
2617	338	231	107
2618	336	237	99
2619	358	242	116
2620	347	236	111
2621	316	232	84
2622	323	235	88
2623	350	236	114
2624	351	233	118
2625	327	236	91
2626	311	247	64
2627	315	248	67
2628	338	244	94
2629	322	237	85
2630	315	251	64
2631	325	253	72
2632	319	251	68
2633	309	241	68
2634	321	226	95
2635	319	233	86
2636	338	253	85
2637	347	252	95
2638	335	246	89
2639	333	242	91
2640	329	242	87
2641	310	238	72
2642	297	241	56
2643	300	241	59
2644	315	241	74
2645	325	237	88
2646	316	248	68
2647	308	255	53
2648	299	234	65
2649	290	239	51
2650	300	250	50
2651	296	245	51
2652	307	239	68
2653	301	243	58
2654	289	242	47
2655	302	250	52
2656	309	251	58
2657	320	248	72
2658	329	241	88
2659	312	236	76
2660	300	238	62
2661	320	242	78
2662	314	246	68
2663	307	245	62
2664	312	240	72
2665	295	234	61
2666	289	238	51
2667	282	244	38
2668	295	241	54
2669	301	245	56
2670	314	243	71
2671	297	238	59
2672	293	250	43
2673	283	260	23
2674	285	249	36
2675	283	240	43
2676	265	242	23
2677	269	245	24
2678	320	242	78
2679	315	242	73
2680	295	251	44
2681	285	246	39
2682	283	243	40
2683	286	244	42
2684	291	245	46
2685	301	244	57
2686	302	241	61
2687	308	246	62
2688	285	242	43
2689	272	240	32
2690	268	245	23
2691	275	242	33
2692	292	248	44
2693	292	242	50
2694	271	241	30
2695	281	244	37
2696	294	249	45
2697	278	257	21
2698	280	258	22
2699	289	256	33
2700	288	253	35
2701	283	248	35
2702	288	235	53
2703	307	238	69
2704	298	243	55
2705	271	236	35
2706	278	238	40
2707	283	245	38
2708	277	238	39
2709	281	237	44
2710	295	243	52
2711	285	247	38
2712	283	243	40
2713	280	244	36
2714	279	255	24
2715	273	250	23
2716	281	247	34
2717	272	250	22
2718	283	250	33
2719	294	250	44
2720	293	248	45
2721	285	250	35
2722	273	250	23
2723	276	246	30
2724	295	244	51
2725	270	248	22
2726	274	244	30
2727	271	249	22
2728	273	251	22
2729	288	240	48
2730	280	246	34
2731	273	256	17
2732	261	248	13
2733	258	244	14
2734	279	245	34
2735	294	244	50
2736	288	246	42
2737	276	251	25
2738	277	250	27
2739	259	248	11
2740	262	241	21
2741	273	239	34
2742	262	246	16
2743	256	248	8
2744	253	250	3
2745	261	255	6
2746	265	252	13
2747	248	251	-3
2748	249	234	15
2749	259	239	20
2750	250	259	-9
2751	267	255	12
2752	284	247	37
2753	264	237	27
2754	267	244	23
2755	301	246	55
2756	292	248	44
2757	284	241	43
2758	261	232	29
2759	273	228	45
2760	274	235	39
2761	268	242	26
2762	269	248	21
2763	269	247	22
2764	290	245	45
2765	261	239	22
2766	250	249	1
2767	272	250	22
2768	274	248	26
2769	267	247	20
2770	258	245	13
2771	262	242	20
2772	266	239	27
2773	272	238	34
2774	248	242	6
2775	241	247	-6
2776	274	245	29
2777	280	245	35
2778	268	242	26
2779	265	242	23
2780	273	242	31
2781	271	244	27
2782	234	237	-3
2783	229	243	-14
2784	253	249	4
2785	267	246	21
2786	233	244	-11
2787	228	246	-18
2788	261	243	18
2789	262	235	27
2790	256	239	17
2791	284	238	46
2792	250	245	5
2793	243	248	-5
2794	264	244	20
2795	261	236	25
2796	240	251	-11
2797	249	256	-7
2798	255	253	2
2799	248	252	-4
2800	257	248	9
2801	267	241	26
2802	255	240	15
2803	272	245	27
2804	269	245	24
2805	270	241	29
2806	240	245	-5
2807	245	243	2
2808	236	249	-13
2809	239	238	1
2810	239	244	-5
2811	239	247	-8
2812	258	245	13
2813	249	246	3
2814	254	247	7
2815	256	245	11
2816	274	248	26
2817	274	245	29
2818	253	240	13
2819	256	250	6
2820	266	241	25
2821	247	248	-1
2822	268	247	21
2823	259	239	20
2824	252	247	5
2825	264	255	9
2826	265	242	23
2827	251	238	13
2828	246	238	8
2829	255	245	10
2830	225	240	-15
2831	238	243	-5
2832	271	244	27
2833	292	235	57
2834	274	233	41
2835	267	246	21
2836	257	252	5
2837	214	247	-33
2838	225	242	-17
2839	251	240	11
2840	263	248	15
2841	263	239	24
2842	270	242	28
2843	260	241	19
2844	256	238	18
2845	240	227	13
2846	232	239	-7
2847	242	248	-6
2848	246	251	-5
2849	260	248	12
2850	259	249	10
2851	248	244	4
2852	244	245	-1
2853	255	242	13
2854	249	229	20
2855	242	239	3
2856	259	250	9
2857	264	242	22
2858	260	234	26
2859	261	245	16
2860	246	249	-3
2861	258	255	3
2862	254	254	0
2863	245	247	-2
2864	271	242	29
2865	270	239	31
2866	269	243	26
2867	270	247	23
2868	269	250	19
2869	275	245	30
2870	257	244	13
2871	264	246	18
2872	280	247	33
2873	271	247	24
2874	265	247	18
2875	279	256	23
2876	279	242	37
2877	281	244	37
2878	271	252	19
2879	257	241	16
2880	263	242	21
2881	255	243	12
2882	267	241	26
2883	288	244	44
2884	288	256	32
2885	284	249	35
2886	262	235	27
2887	241	237	4
2888	233	244	-11
2889	231	243	-12
2890	254	243	11
2891	268	240	28
2892	287	234	53
2893	267	238	29
2894	256	246	10
2895	267	238	29
2896	272	235	37
2897	260	238	22
2898	256	244	12
2899	239	243	-4
2900	251	241	10
2901	258	233	25
2902	240	244	-4
2903	259	246	13
2904	266	241	25
2905	265	244	21
2906	268	247	21
2907	258	245	13
2908	265	239	26
2909	239	239	0
2910	226	242	-16
2911	243	247	-4
2912	243	241	2
2913	251	236	15
2914	276	239	37
2915	262	240	22
2916	245	253	-8
2917	239	247	-8
2918	250	233	17
2919	241	236	5
2920	264	238	26
2921	253	242	11
2922	258	239	19
2923	251	241	10
2924	238	241	-3
2925	244	243	1
2926	251	240	11
2927	245	234	11
2928	261	243	18
2929	263	241	22
2930	263	241	22
2931	267	243	24
2932	240	240	0
2933	225	241	-16
2934	252	246	6
2935	253	242	11
2936	248	248	0
2937	261	257	4
2938	259	254	5
2939	235	242	-7
2940	242	248	-6
2941	262	257	5
2942	256	240	16
2943	239	233	6
2944	236	248	-12
2945	247	247	0
2946	252	248	4
2947	254	245	9
2948	254	238	16
2949	253	247	6
2950	263	247	16
2951	263	232	31
2952	255	237	18
2953	258	239	19
2954	249	235	14
2955	244	234	10
2956	230	244	-14
2957	232	251	-19
2958	262	241	21
2959	266	238	28
2960	253	243	10
2961	231	250	-19
2962	245	245	0
2963	238	243	-5
2964	231	244	-13
2965	246	247	-1
2966	254	247	7
2967	269	246	23
2968	259	239	20
2969	267	267	0
2970	239	249	-10
2971	252	251	1
2972	256	245	11
2973	252	233	19
2974	255	250	5
2975	262	248	14
2976	272	247	25
2977	268	245	23
2978	268	247	21
2979	260	243	17
2980	260	234	26
2981	240	233	7
2982	243	241	2
2983	236	244	-8
2984	269	243	26
2985	244	226	18
2986	238	234	4
2987	251	244	7
2988	239	251	-12
2989	246	243	3
2990	257	244	13
2991	260	244	16
2992	276	250	26
2993	269	248	21
2994	270	243	27
2995	254	232	22
2996	245	230	15
2997	245	240	5
2998	238	248	-10
2999	258	241	17
3000	268	239	29
3001	271	238	33
3002	250	241	9
3003	265	244	21
3004	280	236	44
3005	254	233	21
3006	254	243	11
3007	255	239	16
3008	252	239	13
3009	246	235	11
3010	248	232	16
3011	254	240	14
3012	248	243	5
3013	264	236	28
3014	243	240	3
3015	246	241	5
3016	243	243	0
3017	225	239	-14
3018	225	238	-13
3019	251	234	17
3020	258	237	21
3021	244	244	0
3022	269	245	24
3023	260	245	15
3024	248	244	4
3025	255	235	20
3026	250	239	11
3027	259	250	9
3028	250	246	4
3029	264	241	23
3030	252	248	4
3031	257	242	15
3032	253	239	14
3033	236	246	-10
3034	231	241	-10
3035	246	242	4
3036	258	240	18
3037	251	238	13
3038	242	243	-1
3039	256	244	12
3040	265	236	29
3041	260	235	25
3042	231	242	-11
3043	231	248	-17
3044	242	240	2
3045	247	244	3
3046	252	246	6
3047	237	247	-10
3048	245	237	8
3049	247	238	9
3050	260	245	15
3051	242	252	-10
3052	257	253	4
3053	276	238	38
3054	269	236	33
3055	260	229	31
3056	262	232	30
3057	264	239	25
3058	255	244	11
3059	245	242	3
3060	244	241	3
3061	249	238	11
3062	258	241	17
3063	261	245	16
3064	250	245	5
3065	260	243	17
3066	255	240	15
3067	240	237	3
3068	246	245	1
3069	250	240	10
3070	227	239	-12
3071	233	242	-9
3072	245	233	12
3073	246	238	8
3074	254	237	17
3075	243	233	10
3076	254	245	9
3077	247	238	9
3078	240	244	-4
3079	249	247	2
3080	241	237	4
3081	260	227	33
3082	257	241	16
3083	253	238	15
3084	264	244	20
3085	258	247	11
3086	247	244	3
3087	242	240	2
3088	254	235	19
3089	262	237	25
3090	253	246	7
3091	254	248	6
3092	257	253	4
3093	257	250	7
3094	246	243	3
3095	245	242	3
3096	231	236	-5
3097	238	242	-4
3098	254	250	4
3099	259	251	8
3100	254	250	4
3101	224	254	-30
3102	244	240	4
3103	229	238	-9
3104	231	242	-11
3105	243	241	2
3106	251	244	7
3107	224	245	-21
3108	227	236	-9
3109	241	239	2
3110	261	244	17
3111	262	242	20
3112	242	244	-2
3113	217	244	-27
3114	241	252	-11
3115	260	249	11
3116	259	248	11
3117	264	242	22
3118	266	243	23
3119	281	240	41
3120	252	246	6
3121	251	246	5
3122	237	250	-13
3123	231	247	-16
3124	238	246	-8
3125	247	247	0
3126	258	242	16
3127	252	241	11
3128	252	249	3
3129	254	236	18
3130	244	243	1
3131	234	241	-7
3132	231	242	-11
3133	246	249	-3
3134	257	256	1
3135	250	254	-4
3136	275	252	23
3137	263	254	9
3138	251	250	1
3139	263	253	10
3140	257	250	7
3141	235	245	-10
3142	244	240	4
3143	274	247	27
3144	262	248	14
3145	254	242	12
3146	231	246	-15
3147	238	247	-9
3148	236	254	-18
3149	257	248	9
3150	235	243	-8
3151	236	248	-12
3152	240	249	-9
3153	265	254	11
3154	262	244	18
3155	240	238	2
3156	242	239	3
3157	256	242	14
3158	272	247	25
3159	257	248	9
3160	241	247	-6
3161	246	234	12
3162	243	246	-3
3163	263	248	15
3164	255	248	7
3165	236	244	-8
3166	233	249	-16
3167	238	248	-10
3168	236	245	-9
3169	250	249	1
3170	260	244	16
3171	266	238	28
3172	276	241	35
3173	246	237	9
3174	254	239	15
3175	261	248	13
3176	248	251	-3
3177	242	243	-1
3178	255	249	6
3179	266	242	24
3180	256	239	17
3181	255	241	14
3182	264	247	17
3183	255	250	5
3184	232	252	-20
3185	233	251	-18
3186	246	246	0
3187	263	245	18
3188	262	245	17
3189	260	243	17
3190	260	236	24
3191	258	241	17
3192	276	248	28
3193	268	249	19
3194	237	245	-8
3195	232	236	-4
3196	252	238	14
3197	266	243	23
3198	271	245	26
3199	255	240	15
3200	244	247	-3
3201	247	242	5
3202	236	239	-3
3203	268	244	24
3204	252	238	14
3205	252	239	13
3206	257	240	17
3207	232	244	-12
3208	227	252	-25
3209	221	248	-27
3210	245	244	1
3211	242	242	0
3212	249	247	2
3213	242	250	-8
3214	251	254	-3
3215	245	244	1
3216	255	245	10
3217	246	247	-1
3218	257	245	12
3219	270	251	19
3220	269	244	25
3221	274	236	38
3222	266	237	29
3223	259	236	23
3224	253	245	8
3225	290	263	27
3226	258	260	-2
3227	240	245	-5
3228	251	239	12
3229	261	244	17
3230	258	238	20
3231	264	234	30
3232	247	241	6
3233	249	244	5
3234	247	240	7
3235	250	233	17
3236	258	236	22
3237	244	243	1
3238	236	244	-8
3239	262	234	28
3240	275	235	40
3241	242	242	0
3242	236	253	-17
3243	253	248	5
3244	244	249	-5
3245	233	238	-5
3246	252	245	7
3247	236	246	-10
3248	236	248	-12
3249	249	245	4
3250	240	236	4
3251	256	247	9
3252	262	254	8
3253	257	251	6
3254	256	245	11
3255	280	242	38
3256	262	242	20
3257	258	232	26
3258	251	237	14
3259	257	242	15
3260	271	240	31
3261	246	247	-1
3262	263	243	20
3263	253	233	20
3264	226	242	-16
3265	244	247	-3
3266	254	238	16
3267	256	238	18
3268	286	248	38
3269	271	250	21
3270	235	246	-11
3271	238	252	-14
3272	257	243	14
3273	263	246	17
3274	272	248	24
3275	267	241	26
3276	260	242	18
3277	247	245	2
3278	255	239	16
3279	261	238	23
3280	258	235	23
3281	253	237	16
3282	250	239	11
3283	241	248	-7
3284	256	251	5
3285	260	244	16
3286	269	234	35
3287	256	241	15
3288	250	242	8
3289	239	236	3
3290	255	244	11
3291	253	242	11
3292	256	247	9
3293	269	245	24
3294	259	233	26
3295	255	234	21
3296	251	243	8
3297	235	244	-9
3298	245	247	-2
3299	254	237	17
3300	252	236	16
3301	242	238	4
3302	261	242	19
3303	265	236	29
3304	248	239	9
3305	248	244	4
3306	247	236	11
3307	237	235	2
3308	239	233	6
3309	252	246	6
3310	266	247	19
3311	254	248	6
3312	237	244	-7
3313	222	234	-12
3314	263	250	13
3315	250	249	1
3316	226	243	-17
3317	238	237	1
3318	265	242	23
3319	267	244	23
3320	250	250	0
3321	234	237	-3
3322	239	234	5
3323	242	244	-2
3324	230	246	-16
3325	240	249	-9
3326	247	249	-2
3327	245	245	0
3328	226	245	-19
3329	250	245	5
3330	257	235	22
3331	254	241	13
3332	250	250	0
3333	252	246	6
3334	223	238	-15
3335	229	235	-6
3336	230	230	0
3337	233	234	-1
3338	239	233	6
3339	239	236	3
3340	233	242	-9
3341	245	245	0
3342	245	235	10
3343	238	240	-2
3344	237	250	-13
3345	263	244	19
3346	284	251	33
3347	253	248	5
3348	231	245	-14
3349	230	249	-19
3350	247	240	7
3351	276	236	40
3352	275	238	37
3353	253	233	20
3354	256	237	19
3355	276	252	24
3356	259	252	7
3357	247	248	-1
3358	260	249	11
3359	255	247	8
3360	236	244	-8
3361	236	238	-2
3362	267	242	25
3363	257	249	8
3364	251	246	5
3365	250	247	3
3366	233	248	-15
3367	227	247	-20
3368	240	240	0
3369	273	237	36
3370	235	239	-4
3371	221	242	-21
3372	244	244	0
3373	232	238	-6
3374	227	234	-7
3375	236	236	0
3376	263	230	33
3377	245	238	7
3378	224	241	-17
3379	223	234	-11
3380	223	236	-13
3381	239	245	-6
3382	243	249	-6
3383	249	250	-1
3384	257	249	8
3385	239	251	-12
3386	229	249	-20
3387	226	243	-17
3388	234	243	-9
3389	231	235	-4
3390	267	231	36
3391	265	236	29
3392	238	243	-5
3393	245	245	0
3394	232	239	-7
3395	232	233	-1
3396	245	245	0
3397	256	240	16
3398	265	234	31
3399	253	244	9
3400	240	241	-1
3401	251	241	10
3402	254	236	18
3403	260	241	19
3404	239	250	-11
3405	241	238	3
3406	237	245	-8
3407	239	234	5
3408	221	239	-18
3409	224	258	-34
3410	271	255	16
3411	271	248	23
3412	246	244	2
3413	259	241	18
3414	243	240	3
3415	228	237	-9
3416	230	235	-5
3417	248	233	15
3418	250	240	10
3419	229	245	-16
3420	242	243	-1
3421	261	245	16
3422	258	244	14
3423	264	245	19
3424	286	247	39
3425	260	240	20
3426	243	237	6
3427	234	242	-8
3428	247	246	1
3429	249	248	1
3430	247	238	9
3431	245	240	5
3432	244	247	-3
3433	243	246	-3
3434	254	247	7
3435	267	242	25
3436	257	236	21
3437	242	227	15
3438	239	234	5
3439	241	245	-4
3440	260	240	20
3441	255	239	16
3442	255	241	14
3443	254	240	14
3444	259	240	19
3445	242	233	9
3446	229	238	-9
3447	242	243	-1
3448	236	244	-8
3449	241	249	-8
3450	257	243	14
3451	261	242	19
3452	260	237	23
3453	277	234	43
3454	259	243	16
3455	262	242	20
3456	269	242	27
3457	250	240	10
3458	246	248	-2
3459	260	253	7
3460	245	245	0
3461	231	250	-19
3462	236	245	-9
3463	246	238	8
3464	256	244	12
3465	251	239	12
3466	255	239	16
3467	242	238	4
3468	248	249	-1
3469	270	249	21
3470	261	245	16
3471	264	241	23
3472	248	247	1
3473	247	242	5
3474	241	237	4
3475	233	233	0
3476	240	238	2
3477	258	246	12
3478	268	245	23
3479	254	232	22
3480	248	239	9
3481	260	240	20
3482	265	238	27
3483	272	240	32
3484	267	246	21
3485	245	242	3
3486	252	243	9
3487	256	239	17
3488	252	242	10
3489	257	244	13
3490	256	245	11
3491	247	245	2
3492	219	243	-24
3493	233	241	-8
3494	245	236	9
3495	253	245	8
3496	259	251	8
3497	265	251	14
3498	238	244	-6
3499	250	254	-4
3500	253	246	7
3501	260	243	17
3502	289	241	48
3503	271	240	31
3504	245	244	1
3505	252	235	17
3506	241	230	11
3507	254	231	23
3508	260	237	23
3509	250	244	6
3510	261	239	22
3511	254	235	19
3512	254	237	17
3513	272	236	36
3514	254	237	17
3515	249	236	13
3516	250	239	11
3517	235	242	-7
3518	233	237	-4
3519	248	245	3
3520	237	242	-5
3521	235	237	-2
3522	239	243	-4
3523	242	237	5
3524	248	232	16
3525	247	240	7
3526	242	245	-3
3527	231	233	-2
3528	230	239	-9
3529	252	237	15
3530	248	239	9
3531	234	238	-4
3532	245	241	4
3533	256	241	15
3534	259	257	2
3535	251	247	4
3536	237	245	-8
3537	241	245	-4
3538	253	246	7
3539	267	239	28
3540	272	235	37
3541	261	244	17
3542	271	247	24
3543	263	233	30
3544	268	230	38
3545	261	245	16
3546	265	244	21
3547	247	242	5
3548	249	236	13
3549	258	243	15
3550	244	248	-4
3551	232	239	-7
3552	231	248	-17
3553	247	244	3
3554	246	237	9
3555	252	233	19
3556	244	241	3
3557	256	245	11
3558	255	232	23
3559	245	236	9
3560	233	242	-9
3561	245	251	-6
3562	254	248	6
3563	237	240	-3
3564	237	233	4
3565	253	238	15
3566	260	253	7
3567	247	247	0
3568	244	247	-3
3569	251	250	1
3570	243	242	1
3571	242	242	0
3572	245	243	2
3573	256	242	14
3574	262	248	14
3575	262	243	19
3576	262	232	30
3577	251	232	19
3578	247	233	14
3579	256	237	19
3580	254	246	8
3581	258	244	14
3582	277	247	30
3583	274	243	31
3584	277	249	28
3585	267	245	22
3586	244	242	2
3587	247	244	3
3588	246	247	-1
3589	256	244	12
3590	263	253	10
3591	267	247	20
3592	270	235	35
3593	268	237	31
3594	267	242	25
3595	250	243	7
3596	248	244	4
3597	244	243	1
3598	236	246	-10
3599	247	244	3
3600	256	250	6
3601	257	250	7
3602	272	238	34
3603	265	243	22
3604	262	246	16
3605	265	243	22
3606	258	234	24
3607	253	230	23
3608	250	232	18
3609	245	239	6
3610	247	238	9
3611	244	247	-3
3612	258	234	24
3613	263	241	22
3614	251	240	11
3615	264	239	25
3616	268	232	36
3617	268	236	32
3618	272	242	30
3619	268	244	24
3620	250	249	1
3621	245	238	7
3622	234	235	-1
3623	238	234	4
3624	235	232	3
3625	231	231	0
3626	238	235	3
3627	243	236	7
3628	255	242	13
3629	254	243	11
3630	257	240	17
3631	245	244	1
3632	248	249	-1
3633	266	249	17
3634	268	240	28
3635	251	229	22
3636	241	234	7
3637	259	242	17
3638	264	246	18
3639	250	242	8
3640	252	236	16
3641	245	237	8
3642	256	237	19
3643	271	229	42
3644	254	231	23
3645	225	239	-14
3646	229	242	-13
3647	258	240	18
3648	273	245	28
