index	original	background	difference
-----------------------------------------------------
1	229	237	-8
2	237	244	-7
3	237	241	-4
4	232	236	-4
5	213	239	-26
6	219	238	-19
7	227	251	-24
8	233	249	-16
9	245	246	-1
10	270	256	14
11	268	260	8
12	249	245	4
13	258	245	13
14	249	247	2
15	226	248	-22
16	239	239	0
17	221	236	-15
18	223	237	-14
19	245	246	-1
20	259	245	14
21	266	249	17
22	279	252	27
23	282	249	33
24	249	247	2
25	233	256	-23
26	255	251	4
27	254	256	-2
28	276	254	22
29	255	251	4
30	244	247	-3
31	260	251	9
32	263	249	14
33	240	260	-20
34	247	259	-12
35	233	261	-28
36	239	255	-16
37	262	255	7
38	263	249	14
39	262	254	8
40	262	254	8
41	266	261	5
42	261	265	-4
43	237	264	-27
44	265	254	11
45	266	255	11
46	261	262	-1
47	260	260	0
48	268	259	9
49	275	268	7
50	251	256	-5
51	270	259	11
52	286	259	27
53	262	257	5
54	270	255	15
55	275	260	15
56	275	251	24
57	270	256	14
58	260	271	-11
59	271	267	4
60	290	261	29
61	265	273	-8
62	274	265	9
63	270	270	0
64	269	265	4
65	274	264	10
66	280	266	14
67	250	273	-23
68	254	258	-4
69	276	262	14
70	287	262	25
71	273	260	13
72	257	260	-3
73	261	261	0
74	258	260	-2
75	267	265	2
76	289	251	38
77	285	263	22
78	272	264	8
79	262	266	-4
80	271	265	6
81	249	264	-15
82	251	258	-7
83	261	266	-5
84	257	271	-14
85	253	266	-13
86	268	253	15
87	283	259	24
88	288	257	31
89	285	267	18
90	267	270	-3
91	268	275	-7
92	267	260	7
93	258	258	0
94	262	264	-2
95	271	279	-8
96	288	272	16
97	272	270	2
98	256	272	-16
99	264	274	-10
100	267	266	1
101	279	270	9
102	290	258	32
103	283	260	23
104	278	264	14
105	261	263	-2
106	275	266	9
107	247	266	-19
108	256	273	-17
109	264	279	-15
110	283	263	20
111	287	260	27
112	288	267	21
113	275	275	0
114	261	270	-9
115	263	265	-2
116	283	269	14
117	281	271	10
118	297	264	33
119	276	269	7
120	276	282	-6
121	256	278	-22
122	264	262	2
123	275	271	4
124	269	261	8
125	267	272	-5
126	274	260	14
127	268	259	9
128	288	264	24
129	282	272	10
130	281	272	9
131	268	272	-4
132	267	263	4
133	264	270	-6
134	280	271	9
135	278	270	8
136	260	271	-11
137	266	277	-11
138	280	273	7
139	286	270	16
140	289	269	20
141	281	270	11
142	273	266	7
143	276	283	-7
144	260	282	-22
145	258	279	-21
146	272	277	-5
147	278	274	4
148	258	262	-4
149	264	259	5
150	273	268	5
151	259	280	-21
152	260	277	-17
153	267	272	-5
154	274	272	2
155	265	288	-23
156	283	270	13
157	286	263	23
158	285	269	16
159	291	272	19
160	298	267	31
161	260	276	-16
162	258	274	-16
163	272	269	3
164	283	261	22
165	261	266	-5
166	272	264	8
167	265	268	-3
168	274	265	9
169	289	275	14
170	287	270	17
171	283	268	15
172	279	264	15
173	268	275	-7
174	289	271	18
175	277	271	6
176	271	268	3
177	281	271	10
178	285	262	23
179	296	278	18
180	290	276	14
181	280	280	0
182	285	272	13
183	281	270	11
184	273	270	3
185	273	278	-5
186	273	275	-2
187	256	274	-18
188	242	272	-30
189	258	273	-15
190	275	272	3
191	293	267	26
192	296	260	36
193	277	263	14
194	273	267	6
195	269	280	-11
196	263	260	3
197	265	265	0
198	279	276	3
199	284	280	4
200	276	273	3
201	299	271	28
202	293	257	36
203	265	269	-4
204	292	265	27
205	296	267	29
206	280	265	15
207	261	269	-8
208	267	269	-2
209	270	269	1
210	262	274	-12
211	269	282	-13
212	275	268	7
213	290	275	15
214	298	270	28
215	265	275	-10
216	253	273	-20
217	261	271	-10
218	264	271	-7
219	266	269	-3
220	280	273	7
221	264	283	-19
222	274	276	-2
223	277	280	-3
224	270	281	-11
225	275	281	-6
226	287	272	15
227	282	274	8
228	279	265	14
229	272	276	-4
230	262	269	-7
231	283	272	11
232	292	275	17
233	269	275	-6
234	269	273	-4
235	287	268	19
236	274	267	7
237	246	274	-28
238	244	269	-25
239	237	273	-36
240	241	272	-31
241	269	280	-11
242	290	283	7
243	277	271	6
244	278	267	11
245	268	271	-3
246	268	265	3
247	285	266	19
248	264	264	0
249	252	276	-24
250	279	267	12
251	276	270	6
252	271	267	4
253	279	269	10
254	283	260	23
255	284	270	14
256	300	267	33
257	277	274	3
258	258	276	-18
259	275	277	-2
260	300	265	35
261	287	263	24
262	282	262	20
263	276	269	7
264	282	265	17
265	265	279	-14
266	286	266	20
267	303	274	29
268	288	277	11
269	271	277	-6
270	273	273	0
271	265	275	-10
272	266	271	-5
273	250	272	-22
274	271	267	4
275	282	269	13
276	266	273	-7
277	266	280	-14
278	281	279	2
279	268	277	-9
280	259	269	-10
281	261	274	-13
282	262	269	-7
283	257	269	-12
284	272	264	8
285	268	264	4
286	255	260	-5
287	257	270	-13
288	287	262	25
289	295	264	31
290	269	272	-3
291	257	281	-24
292	275	273	2
293	253	270	-17
294	264	261	3
295	276	263	13
296	281	264	17
297	283	270	13
298	281	278	3
299	299	286	13
300	294	270	24
301	273	271	2
302	265	273	-8
303	245	271	-26
304	257	261	-4
305	276	260	16
306	282	265	17
307	264	279	-15
308	254	264	-10
309	262	259	3
310	282	271	11
311	277	268	9
312	278	262	16
313	266	273	-7
314	252	268	-16
315	290	269	21
316	307	262	45
317	282	271	11
318	277	268	9
319	267	269	-2
320	259	264	-5
321	259	271	-12
322	278	259	19
323	281	264	17
324	261	260	1
325	268	259	9
326	262	262	0
327	266	277	-11
328	268	278	-10
329	269	278	-9
330	286	280	6
331	293	279	14
332	287	271	16
333	276	282	-6
334	266	280	-14
335	269	277	-8
336	288	274	14
337	275	276	-1
338	275	264	11
339	291	268	23
340	295	275	20
341	288	269	19
342	274	271	3
343	261	283	-22
344	272	267	5
345	272	270	2
346	274	272	2
347	271	272	-1
348	267	272	-5
349	280	278	2
350	264	275	-11
351	289	275	14
352	295	274	21
353	278	269	9
354	281	264	17
355	299	275	24
356	306	278	28
357	287	278	9
358	288	277	11
359	278	282	-4
360	288	277	11
361	289	288	1
362	291	275	16
363	268	269	-1
364	261	266	-5
365	277	271	6
366	273	276	-3
367	283	273	10
368	261	266	-5
369	272	284	-12
370	292	281	11
371	279	278	1
372	271	270	1
373	272	278	-6
374	268	284	-16
375	271	279	-8
376	293	274	19
377	287	274	13
378	286	272	14
379	285	276	9
380	288	275	13
381	273	279	-6
382	285	273	12
383	289	271	18
384	291	272	19
385	273	276	-3
386	279	267	12
387	268	275	-7
388	286	275	11
389	279	275	4
390	279	268	11
391	260	271	-11
392	279	272	7
393	289	267	22
394	286	274	12
395	275	272	3
396	278	277	1
397	291	281	10
398	292	276	16
399	274	280	-6
400	275	278	-3
401	263	274	-11
402	283	268	15
403	276	274	2
404	288	279	9
405	282	283	-1
406	263	269	-6
407	259	270	-11
408	293	264	29
409	278	267	11
410	277	257	20
411	277	269	8
412	259	274	-15
413	262	273	-11
414	274	267	7
415	282	282	0
416	306	281	25
417	297	275	22
418	284	270	14
419	307	266	41
420	292	263	29
421	271	264	7
422	263	263	0
423	247	264	-17
424	238	259	-21
425	269	269	0
426	279	275	4
427	282	272	10
428	279	271	8
429	264	274	-10
430	269	270	-1
431	271	273	-2
432	274	267	7
433	282	268	14
434	286	262	24
435	279	271	8
436	277	272	5
437	284	266	18
438	283	264	19
439	258	270	-12
440	293	267	26
441	305	274	31
442	278	267	11
443	255	261	-6
444	274	272	2
445	287	279	8
446	284	271	13
447	272	271	1
448	284	273	11
449	282	277	5
450	281	273	8
451	277	269	8
452	276	271	5
453	283	269	14
454	284	265	19
455	297	267	30
456	286	274	12
457	285	277	8
458	287	266	21
459	294	264	30
460	301	262	39
461	295	279	16
462	287	283	4
463	281	275	6
464	261	261	0
465	253	268	-15
466	274	261	13
467	272	266	6
468	273	268	5
469	269	279	-10
470	265	273	-8
471	258	276	-18
472	276	270	6
473	274	258	16
474	272	264	8
475	269	271	-2
476	283	264	19
477	291	261	30
478	284	264	20
479	286	271	15
480	284	271	13
481	275	275	0
482	283	263	20
483	278	255	23
484	271	261	10
485	272	274	-2
486	278	268	10
487	290	271	19
488	291	268	23
489	273	263	10
490	293	253	40
491	310	269	41
492	279	275	4
493	288	268	20
494	286	262	24
495	264	265	-1
496	267	266	1
497	277	273	4
498	283	267	16
499	265	267	-2
500	257	269	-12
501	277	265	12
502	271	261	10
503	272	265	7
504	286	270	16
505	285	277	8
506	293	276	17
507	264	272	-8
508	262	262	0
509	277	265	12
510	288	276	12
511	288	275	13
512	289	269	20
513	280	278	2
514	286	277	9
515	261	265	-4
516	270	265	5
517	283	270	13
518	286	268	18
519	275	279	-4
520	275	272	3
521	273	273	0
522	275	269	6
523	261	270	-9
524	266	270	-4
525	278	274	4
526	285	262	23
527	262	259	3
528	267	265	2
529	282	267	15
530	279	265	14
531	276	270	6
532	282	268	14
533	290	282	8
534	285	276	9
535	271	279	-8
536	261	273	-12
537	281	264	17
538	311	258	53
539	292	269	23
540	273	274	-1
541	261	276	-15
542	254	273	-19
543	270	281	-11
544	278	279	-1
545	264	273	-9
546	279	272	7
547	285	281	4
548	295	275	20
549	285	275	10
550	290	268	22
551	288	275	13
552	285	270	15
553	277	271	6
554	298	271	27
555	277	276	1
556	267	265	2
557	268	273	-5
558	260	269	-9
559	263	268	-5
560	287	270	17
561	266	277	-11
562	274	269	5
563	271	272	-1
564	274	278	-4
565	278	277	1
566	280	266	14
567	285	279	6
568	288	276	12
569	271	264	7
570	270	265	5
571	276	272	4
572	277	272	5
573	280	284	-4
574	280	276	4
575	285	274	11
576	300	275	25
577	287	270	17
578	282	264	18
579	274	271	3
580	282	270	12
581	285	274	11
582	289	267	22
583	288	267	21
584	284	270	14
585	279	282	-3
586	280	281	-1
587	264	279	-15
588	268	275	-7
589	282	275	7
590	314	269	45
591	301	270	31
592	272	259	13
593	264	260	4
594	270	270	0
595	282	279	3
596	284	275	9
597	269	279	-10
598	274	270	4
599	282	277	5
600	273	273	0
601	272	272	0
602	277	265	12
603	279	263	16
604	293	260	33
605	277	272	5
606	283	269	14
607	284	268	16
608	297	274	23
609	282	273	9
610	277	274	3
611	277	275	2
612	292	269	23
613	285	275	10
614	269	275	-6
615	265	276	-11
616	264	271	-7
617	271	269	2
618	282	261	21
619	266	270	-4
620	274	279	-5
621	275	278	-3
622	293	263	30
623	299	265	34
624	301	266	35
625	310	273	37
626	289	272	17
627	269	271	-2
628	285	273	12
629	270	270	0
630	280	262	18
631	281	269	12
632	287	273	14
633	281	278	3
634	281	265	16
635	273	267	6
636	279	266	13
637	273	274	-1
638	286	271	15
639	275	266	9
640	278	272	6
641	302	277	25
642	282	272	10
643	264	283	-19
644	264	277	-13
645	268	279	-11
646	288	278	10
647	265	278	-13
648	268	267	1
649	256	275	-19
650	269	262	7
651	278	261	17
652	288	268	20
653	285	269	16
654	283	270	13
655	278	284	-6
656	283	273	10
657	286	272	14
658	290	275	15
659	283	272	11
660	263	272	-9
661	247	271	-24
662	270	270	0
663	266	275	-9
664	262	277	-15
665	260	272	-12
666	267	261	6
667	250	269	-19
668	250	268	-18
669	275	276	-1
670	267	275	-8
671	251	270	-19
672	254	259	-5
673	255	262	-7
674	258	275	-17
675	258	267	-9
676	271	271	0
677	274	278	-4
678	290	269	21
679	267	274	-7
680	260	267	-7
681	280	274	6
682	266	268	-2
683	250	268	-18
684	261	280	-19
685	274	281	-7
686	284	270	14
687	276	269	7
688	282	275	7
689	277	272	5
690	250	266	-16
691	243	275	-32
692	265	274	-9
693	281	264	17
694	275	265	10
695	280	268	12
696	281	275	6
697	269	275	-6
698	271	255	16
699	275	267	8
700	280	265	15
701	276	271	5
702	283	270	13
703	288	275	13
704	275	273	2
705	272	272	0
706	271	263	8
707	265	270	-5
708	285	270	15
709	280	268	12
710	287	267	20
711	286	275	11
712	270	271	-1
713	252	268	-16
714	268	266	2
715	294	276	18
716	292	264	28
717	281	261	20
718	274	259	15
719	313	279	34
720	298	270	28
721	268	278	-10
722	257	269	-12
723	259	266	-7
724	273	268	5
725	271	256	15
726	287	262	25
727	278	270	8
728	276	262	14
729	264	265	-1
730	270	268	2
731	288	276	12
732	278	270	8
733	269	270	-1
734	281	264	17
735	262	268	-6
736	272	265	7
737	270	268	2
738	272	273	-1
739	266	268	-2
740	287	267	20
741	272	268	4
742	266	266	0
743	280	271	9
744	278	269	9
745	283	275	8
746	273	272	1
747	271	278	-7
748	270	272	-2
749	282	265	17
750	289	265	24
751	267	263	4
752	273	263	10
753	259	281	-22
754	255	271	-16
755	266	268	-2
756	292	266	26
757	301	277	24
758	288	279	9
759	273	269	4
760	258	265	-7
761	254	276	-22
762	260	271	-11
763	286	271	15
764	289	264	25
765	292	277	15
766	286	272	14
767	278	273	5
768	273	267	6
769	249	271	-22
770	271	267	4
771	274	276	-2
772	261	271	-10
773	256	267	-11
774	273	268	5
775	281	270	11
776	286	265	21
777	293	280	13
778	291	276	15
779	276	264	12
780	260	266	-6
781	255	276	-21
782	261	272	-11
783	271	280	-9
784	283	275	8
785	283	277	6
786	280	280	0
787	258	281	-23
788	258	261	-3
789	258	268	-10
790	261	272	-11
791	255	281	-26
792	255	283	-28
793	270	281	-11
794	269	272	-3
795	258	272	-14
796	284	275	9
797	277	283	-6
798	265	280	-15
799	285	271	14
800	283	262	21
801	289	269	20
802	288	272	16
803	274	279	-5
804	274	272	2
805	258	269	-11
806	267	264	3
807	247	262	-15
808	255	266	-11
809	292	276	16
810	306	270	36
811	271	259	12
812	265	265	0
813	287	283	4
814	297	278	19
815	277	272	5
816	285	269	16
817	287	272	15
818	286	264	22
819	247	267	-20
820	266	272	-6
821	280	272	8
822	275	271	4
823	286	270	16
824	283	269	14
825	285	282	3
826	270	281	-11
827	265	278	-13
828	291	264	27
829	293	269	24
830	271	266	5
831	279	266	13
832	302	268	34
833	271	277	-6
834	267	277	-10
835	268	279	-11
836	251	269	-18
837	272	273	-1
838	299	273	26
839	279	271	8
840	285	259	26
841	279	262	17
842	296	268	28
843	284	274	10
844	281	262	19
845	281	266	15
846	288	271	17
847	294	272	22
848	288	268	20
849	287	263	24
850	283	263	20
851	281	274	7
852	295	274	21
853	275	272	3
854	278	267	11
855	287	268	19
856	268	270	-2
857	247	264	-17
858	262	269	-7
859	266	275	-9
860	279	267	12
861	266	278	-12
862	274	272	2
863	282	273	9
864	274	272	2
865	273	278	-5
866	298	274	24
867	304	272	32
868	304	272	32
869	278	272	6
870	279	264	15
871	285	266	19
872	275	264	11
873	257	274	-17
874	254	268	-14
875	258	273	-15
876	246	271	-25
877	259	278	-19
878	281	265	16
879	270	264	6
880	274	255	19
881	275	268	7
882	274	270	4
883	271	276	-5
884	254	278	-24
885	272	274	-2
886	260	263	-3
887	267	264	3
888	276	265	11
889	259	273	-14
890	257	271	-14
891	259	266	-7
892	262	264	-2
893	271	272	-1
894	265	270	-5
895	262	278	-16
896	278	271	7
897	299	274	25
898	268	265	3
899	257	272	-15
900	257	270	-13
901	273	262	11
902	277	273	4
903	275	283	-8
904	278	269	9
905	283	279	4
906	275	276	-1
907	293	280	13
908	288	274	14
909	276	277	-1
910	285	274	11
911	273	272	1
912	278	262	16
913	310	269	41
914	301	273	28
915	277	268	9
916	284	262	22
917	285	274	11
918	302	269	33
919	280	265	15
920	281	263	18
921	265	274	-9
922	272	271	1
923	295	279	16
924	291	271	20
925	278	265	13
926	288	269	19
927	270	264	6
928	261	265	-4
929	274	279	-5
930	264	266	-2
931	275	267	8
932	305	276	29
933	291	277	14
934	300	271	29
935	274	275	-1
936	283	269	14
937	282	273	9
938	272	266	6
939	257	272	-15
940	270	269	1
941	276	272	4
942	307	267	40
943	297	269	28
944	260	273	-13
945	249	280	-31
946	252	264	-12
947	263	277	-14
948	265	274	-9
949	272	273	-1
950	277	271	6
951	279	271	8
952	263	261	2
953	263	272	-9
954	267	273	-6
955	236	276	-40
956	258	273	-15
957	265	272	-7
958	273	277	-4
959	273	280	-7
960	286	276	10
961	294	275	19
962	275	268	7
963	291	281	10
964	289	271	18
965	280	267	13
966	301	267	34
967	274	273	1
968	267	263	4
969	258	269	-11
970	266	270	-4
971	273	276	-3
972	268	282	-14
973	277	281	-4
974	274	278	-4
975	253	276	-23
976	257	271	-14
977	258	272	-14
978	281	273	8
979	282	282	0
980	282	271	11
981	266	271	-5
982	290	280	10
983	298	284	14
984	285	272	13
985	289	276	13
986	297	271	26
987	290	268	22
988	296	257	39
989	278	262	16
990	262	263	-1
991	253	276	-23
992	258	270	-12
993	266	274	-8
994	285	280	5
995	276	271	5
996	278	260	18
997	265	272	-7
998	276	265	11
999	292	269	23
1000	282	273	9
1001	273	274	-1
1002	284	271	13
1003	305	274	31
1004	298	270	28
1005	274	273	1
1006	287	271	16
1007	296	269	27
1008	289	274	15
1009	264	282	-18
1010	280	279	1
1011	278	279	-1
1012	282	276	6
1013	294	278	16
1014	277	274	3
1015	263	269	-6
1016	261	276	-15
1017	267	276	-9
1018	265	268	-3
1019	255	271	-16
1020	269	279	-10
1021	287	279	8
1022	267	267	0
1023	259	278	-19
1024	269	285	-16
1025	263	280	-17
1026	282	264	18
1027	290	268	22
1028	287	270	17
1029	263	277	-14
1030	264	276	-12
1031	281	274	7
1032	303	264	39
1033	280	273	7
1034	276	270	6
1035	274	266	8
1036	273	264	9
1037	286	268	18
1038	295	274	21
1039	293	280	13
1040	288	274	14
1041	270	272	-2
1042	274	261	13
1043	289	263	26
1044	281	262	19
1045	269	271	-2
1046	279	263	16
1047	277	275	2
1048	275	273	2
1049	267	275	-8
1050	267	274	-7
1051	261	273	-12
1052	266	274	-8
1053	275	276	-1
1054	290	273	17
1055	285	276	9
1056	286	269	17
1057	273	271	2
1058	289	267	22
1059	266	269	-3
1060	262	276	-14
1061	266	280	-14
1062	257	273	-16
1063	240	278	-38
1064	261	274	-13
1065	276	276	0
1066	288	267	21
1067	280	286	-6
1068	274	275	-1
1069	259	267	-8
1070	291	263	28
1071	298	265	33
1072	273	268	5
1073	265	279	-14
1074	267	276	-9
1075	263	270	-7
1076	264	268	-4
1077	270	269	1
1078	270	272	-2
1079	293	271	22
1080	287	268	19
1081	250	267	-17
1082	268	264	4
1083	272	271	1
1084	282	265	17
1085	271	277	-6
1086	268	275	-7
1087	270	271	-1
1088	261	267	-6
1089	276	275	1
1090	292	278	14
1091	298	283	15
1092	290	271	19
1093	264	271	-7
1094	264	275	-11
1095	272	279	-7
1096	274	269	5
1097	279	273	6
1098	278	272	6
1099	307	276	31
1100	287	274	13
1101	282	272	10
1102	281	273	8
1103	280	273	7
1104	288	267	21
1105	268	272	-4
1106	281	280	1
1107	294	273	21
1108	287	260	27
1109	278	270	8
1110	287	273	14
1111	274	274	0
1112	286	260	26
1113	291	265	26
1114	282	269	13
1115	263	283	-20
1116	277	279	-2
1117	285	278	7
1118	287	273	14
1119	264	271	-7
1120	282	275	7
1121	277	267	10
1122	249	269	-20
1123	255	277	-22
1124	267	277	-10
1125	296	277	19
1126	279	264	15
1127	268	272	-4
1128	272	282	-10
1129	277	272	5
1130	263	264	-1
1131	251	276	-25
1132	256	272	-16
1133	259	273	-14
1134	288	279	9
1135	279	275	4
1136	274	273	1
1137	286	282	4
1138	297	271	26
1139	298	269	29
1140	303	274	29
1141	295	275	20
1142	292	273	19
1143	272	278	-6
1144	272	274	-2
1145	278	278	0
1146	306	277	29
1147	295	275	20
1148	282	271	11
1149	276	284	-8
1150	286	278	8
1151	295	272	23
1152	299	270	29
1153	279	263	16
1154	276	264	12
1155	279	277	2
1156	279	276	3
1157	282	286	-4
1158	291	277	14
1159	299	272	27
1160	277	280	-3
1161	250	285	-35
1162	271	272	-1
1163	261	270	-9
1164	249	271	-22
1165	269	284	-15
1166	283	275	8
1167	257	268	-11
1168	274	273	1
1169	300	268	32
1170	302	267	35
1171	282	276	6
1172	283	270	13
1173	261	271	-10
1174	259	275	-16
1175	274	274	0
1176	292	259	33
1177	298	266	32
1178	291	279	12
1179	276	283	-7
1180	285	274	11
1181	282	275	7
1182	278	270	8
1183	279	271	8
1184	289	268	21
1185	299	277	22
1186	293	274	19
1187	283	272	11
1188	308	266	42
1189	297	270	27
1190	291	274	17
1191	302	270	32
1192	280	270	10
1193	257	282	-25
1194	267	284	-17
1195	271	277	-6
1196	266	272	-6
1197	271	273	-2
1198	268	277	-9
1199	280	278	2
1200	298	275	23
1201	285	273	12
1202	260	271	-11
1203	255	278	-23
1204	272	270	2
1205	273	278	-5
1206	290	271	19
1207	298	263	35
1208	283	262	21
1209	283	269	14
1210	286	261	25
1211	274	276	-2
1212	258	278	-20
1213	293	275	18
1214	302	268	34
1215	290	274	16
1216	270	272	-2
1217	272	267	5
1218	292	262	30
1219	277	273	4
1220	282	269	13
1221	300	274	26
1222	293	264	29
1223	289	265	24
1224	294	263	31
1225	278	273	5
1226	274	274	0
1227	270	270	0
1228	275	269	6
1229	279	267	12
1230	287	262	25
1231	272	274	-2
1232	292	277	15
1233	283	271	12
1234	296	272	24
1235	301	283	18
1236	285	274	11
1237	289	278	11
1238	294	269	25
1239	270	278	-8
1240	267	276	-9
1241	285	273	12
1242	276	266	10
1243	264	262	2
1244	284	265	19
1245	292	273	19
1246	292	268	24
1247	278	271	7
1248	296	262	34
1249	274	266	8
1250	248	265	-17
1251	282	272	10
1252	293	279	14
1253	282	281	1
1254	282	271	11
1255	283	270	13
1256	277	269	8
1257	269	269	0
1258	271	271	0
1259	284	276	8
1260	307	275	32
1261	284	284	0
1262	281	274	7
1263	285	270	15
1264	294	273	21
1265	301	282	19
1266	290	267	23
1267	286	263	23
1268	299	266	33
1269	298	268	30
1270	292	261	31
1271	275	264	11
1272	284	264	20
1273	273	268	5
1274	272	270	2
1275	267	276	-9
1276	294	271	23
1277	289	278	11
1278	296	277	19
1279	302	280	22
1280	274	276	-2
1281	281	269	12
1282	293	271	22
1283	310	273	37
1284	319	264	55
1285	304	271	33
1286	297	266	31
1287	268	267	1
1288	277	259	18
1289	296	270	26
1290	263	268	-5
1291	264	276	-12
1292	289	277	12
1293	280	271	9
1294	284	263	21
1295	275	266	9
1296	282	268	14
1297	285	275	10
1298	286	267	19
1299	297	270	27
1300	302	267	35
1301	289	269	20
1302	293	266	27
1303	290	270	20
1304	284	265	19
1305	282	281	1
1306	278	283	-5
1307	304	267	37
1308	308	266	42
1309	284	270	14
1310	275	274	1
1311	295	281	14
1312	284	267	17
1313	278	262	16
1314	299	260	39
1315	307	272	35
1316	288	267	21
1317	274	260	14
1318	291	264	27
1319	287	273	14
1320	275	271	4
1321	284	273	11
1322	284	270	14
1323	293	266	27
1324	314	262	52
1325	285	272	13
1326	280	268	12
1327	283	262	21
1328	303	270	33
1329	311	274	37
1330	278	272	6
1331	264	265	-1
1332	277	267	10
1333	277	277	0
1334	271	277	-6
1335	270	266	4
1336	282	261	21
1337	284	271	13
1338	290	272	18
1339	285	278	7
1340	314	265	49
1341	305	266	39
1342	273	267	6
1343	288	277	11
1344	284	274	10
1345	282	272	10
1346	291	264	27
1347	267	266	1
1348	297	268	29
1349	310	274	36
1350	290	268	22
1351	274	265	9
1352	268	258	10
1353	276	270	6
1354	269	274	-5
1355	299	266	33
1356	301	266	35
1357	295	265	30
1358	308	258	50
1359	287	262	25
1360	286	259	27
1361	291	266	25
1362	282	267	15
1363	272	269	3
1364	265	260	5
1365	285	267	18
1366	298	265	33
1367	298	266	32
1368	300	265	35
1369	277	274	3
1370	275	278	-3
1371	283	281	2
1372	274	272	2
1373	256	275	-19
1374	271	274	-3
1375	269	267	2
1376	261	260	1
1377	271	271	0
1378	292	272	20
1379	301	271	30
1380	297	271	26
1381	291	273	18
1382	286	269	17
1383	276	277	-1
1384	289	268	21
1385	292	272	20
1386	271	271	0
1387	256	282	-26
1388	278	265	13
1389	282	267	15
1390	267	264	3
1391	260	274	-14
1392	275	270	5
1393	293	275	18
1394	285	271	14
1395	264	270	-6
1396	282	271	11
1397	265	263	2
1398	282	266	16
1399	306	273	33
1400	302	275	27
1401	295	273	22
1402	296	272	24
1403	291	276	15
1404	286	279	7
1405	277	279	-2
1406	278	267	11
1407	293	277	16
1408	293	271	22
1409	268	282	-14
1410	284	271	13
1411	286	280	6
1412	303	285	18
1413	298	277	21
1414	296	262	34
1415	272	264	8
1416	256	264	-8
1417	263	276	-13
1418	306	278	28
1419	323	269	54
1420	295	263	32
1421	284	276	8
1422	297	274	23
1423	284	276	8
1424	279	274	5
1425	269	271	-2
1426	295	275	20
1427	294	275	19
1428	293	274	19
1429	287	269	18
1430	300	268	32
1431	280	275	5
1432	269	262	7
1433	291	267	24
1434	298	261	37
1435	279	273	6
1436	276	266	10
1437	283	268	15
1438	294	277	17
1439	280	270	10
1440	284	267	17
1441	288	282	6
1442	298	275	23
1443	280	274	6
1444	281	270	11
1445	272	276	-4
1446	285	274	11
1447	288	269	19
1448	302	272	30
1449	281	276	5
1450	269	274	-5
1451	299	279	20
1452	307	269	38
1453	298	277	21
1454	297	273	24
1455	296	273	23
1456	285	270	15
1457	286	283	3
1458	303	281	22
1459	280	273	7
1460	308	258	50
1461	290	271	19
1462	285	272	13
1463	293	271	22
1464	295	262	33
1465	284	267	17
1466	273	272	1
1467	273	270	3
1468	295	250	45
1469	315	277	38
1470	311	267	44
1471	315	277	38
1472	304	272	32
1473	285	272	13
1474	293	273	20
1475	292	280	12
1476	292	269	23
1477	312	274	38
1478	313	277	36
1479	299	276	23
1480	308	275	33
1481	291	279	12
1482	295	271	24
1483	303	276	27
1484	309	273	36
1485	286	271	15
1486	294	271	23
1487	293	275	18
1488	293	273	20
1489	273	272	1
1490	282	263	19
1491	270	281	-11
1492	281	275	6
1493	301	274	27
1494	315	272	43
1495	305	275	30
1496	289	273	16
1497	291	281	10
1498	306	268	38
1499	312	267	45
1500	282	268	14
1501	284	276	8
1502	295	271	24
1503	290	271	19
1504	286	275	11
1505	287	272	15
1506	288	264	24
1507	279	268	11
1508	307	267	40
1509	307	268	39
1510	283	272	11
1511	273	286	-13
1512	305	279	26
1513	313	267	46
1514	318	267	51
1515	319	272	47
1516	315	267	48
1517	312	269	43
1518	304	257	47
1519	276	271	5
1520	284	277	7
1521	289	268	21
1522	278	278	0
1523	290	285	5
1524	281	270	11
1525	296	276	20
1526	313	275	38
1527	318	280	38
1528	312	271	41
1529	320	267	53
1530	314	264	50
1531	311	277	34
1532	320	270	50
1533	295	271	24
1534	299	276	23
1535	306	272	34
1536	323	269	54
1537	307	275	32
1538	305	269	36
1539	318	275	43
1540	331	273	58
1541	321	275	46
1542	309	272	37
1543	298	275	23
1544	293	270	23
1545	309	271	38
1546	305	265	40
1547	294	267	27
1548	293	271	22
1549	292	282	10
1550	318	267	51
1551	338	270	68
1552	322	263	59
1553	305	278	27
1554	318	285	33
1555	319	275	44
1556	294	268	26
1557	296	277	19
1558	311	276	35
1559	304	264	40
1560	290	261	29
1561	292	268	24
1562	310	272	38
1563	307	274	33
1564	313	266	47
1565	323	269	54
1566	299	273	26
1567	288	274	14
1568	319	270	49
1569	324	269	55
1570	332	274	58
1571	304	275	29
1572	314	269	45
1573	308	272	36
1574	323	254	69
1575	326	270	56
1576	320	273	47
1577	301	266	35
1578	306	257	49
1579	319	269	50
1580	318	268	50
1581	341	278	63
1582	321	272	49
1583	290	264	26
1584	320	258	62
1585	318	264	54
1586	299	262	37
1587	290	260	30
1588	308	263	45
1589	311	270	41
1590	320	272	48
1591	307	268	39
1592	323	260	63
1593	315	263	52
1594	327	264	63
1595	321	270	51
1596	316	268	48
1597	332	279	53
1598	342	276	66
1599	331	278	53
1600	337	278	59
1601	320	280	40
1602	313	278	35
1603	313	285	28
1604	328	282	46
1605	326	271	55
1606	321	269	52
1607	305	273	32
1608	327	269	58
1609	341	278	63
1610	329	275	54
1611	312	267	45
1612	313	271	42
1613	298	279	19
1614	304	272	32
1615	321	270	51
1616	321	257	64
1617	306	267	39
1618	303	270	33
1619	313	277	36
1620	322	265	57
1621	325	267	58
1622	316	262	54
1623	316	264	52
1624	341	269	72
1625	335	276	59
1626	338	270	68
1627	319	271	48
1628	324	266	58
1629	313	272	41
1630	325	268	57
1631	337	273	64
1632	322	271	51
1633	311	271	40
1634	326	265	61
1635	319	270	49
1636	336	271	65
1637	333	277	56
1638	312	278	34
1639	322	275	47
1640	311	270	41
1641	311	273	38
1642	321	269	52
1643	334	281	53
1644	339	277	62
1645	327	272	55
1646	326	272	54
1647	320	276	44
1648	322	271	51
1649	335	277	58
1650	330	261	69
1651	311	265	46
1652	308	268	40
1653	319	276	43
1654	327	274	53
1655	322	272	50
1656	339	258	81
1657	334	254	80
1658	307	264	43
1659	308	280	28
1660	337	274	63
1661	321	269	52
1662	324	262	62
1663	326	273	53
1664	308	275	33
1665	299	277	22
1666	305	265	40
1667	311	267	44
1668	339	264	75
1669	334	272	62
1670	314	270	44
1671	308	280	28
1672	301	265	36
1673	293	266	27
1674	311	265	46
1675	320	267	53
1676	317	272	45
1677	319	277	42
1678	337	281	56
1679	328	278	50
1680	320	273	47
1681	313	275	38
1682	307	274	33
1683	317	286	31
1684	325	284	41
1685	324	264	60
1686	304	248	56
1687	321	259	62
1688	333	274	59
1689	300	274	26
1690	328	271	57
1691	318	279	39
1692	304	272	32
1693	305	275	30
1694	310	266	44
1695	318	273	45
1696	323	276	47
1697	329	281	48
1698	330	281	49
1699	329	286	43
1700	325	270	55
1701	323	273	50
1702	347	276	71
1703	332	275	57
1704	316	278	38
1705	331	279	52
1706	327	263	64
1707	309	273	36
1708	332	275	57
1709	351	275	76
1710	336	267	69
1711	305	268	37
1712	328	262	66
1713	328	275	53
1714	329	271	58
1715	333	271	62
1716	342	278	64
1717	311	276	35
1718	327	273	54
1719	343	271	72
1720	323	271	52
1721	326	278	48
1722	307	274	33
1723	312	269	43
1724	353	271	82
1725	345	274	71
1726	340	275	65
1727	337	270	67
1728	344	263	81
1729	337	271	66
1730	333	269	64
1731	352	264	88
1732	365	270	95
1733	340	277	63
1734	350	276	74
1735	350	284	66
1736	342	273	69
1737	350	274	76
1738	351	265	86
1739	347	277	70
1740	345	266	79
1741	343	267	76
1742	341	269	72
1743	349	279	70
1744	341	269	72
1745	337	271	66
1746	336	269	67
1747	339	276	63
1748	341	271	70
1749	328	274	54
1750	355	270	85
1751	351	274	77
1752	357	274	83
1753	358	285	73
1754	357	275	82
1755	356	277	79
1756	335	272	63
1757	308	273	35
1758	336	273	63
1759	345	272	73
1760	331	260	71
1761	329	270	59
1762	367	274	93
1763	356	281	75
1764	354	279	75
1765	353	277	76
1766	341	272	69
1767	343	275	68
1768	350	273	77
1769	344	278	66
1770	333	277	56
1771	340	280	60
1772	340	275	65
1773	346	282	64
1774	355	280	75
1775	360	282	78
1776	349	269	80
1777	326	276	50
1778	344	284	60
1779	345	280	65
1780	331	272	59
1781	346	278	68
1782	353	276	77
1783	333	277	56
1784	329	284	45
1785	334	285	49
1786	345	273	72
1787	338	278	60
1788	342	273	69
1789	330	271	59
1790	332	276	56
1791	328	280	48
1792	328	272	56
1793	342	273	69
1794	341	269	72
1795	342	276	66
1796	351	263	88
1797	342	280	62
1798	349	274	75
1799	348	275	73
1800	354	276	78
1801	339	274	65
1802	329	278	51
1803	352	282	70
1804	357	276	81
1805	362	276	86
1806	352	271	81
1807	346	270	76
1808	356	270	86
1809	358	275	83
1810	370	275	95
1811	354	275	79
1812	368	266	102
1813	349	271	78
1814	329	272	57
1815	341	277	64
1816	369	271	98
1817	375	268	107
1818	366	267	99
1819	364	276	88
1820	354	267	87
1821	338	267	71
1822	361	276	85
1823	356	277	79
1824	357	269	88
1825	323	275	48
1826	319	269	50
1827	324	274	50
1828	328	281	47
1829	370	277	93
1830	396	271	125
1831	377	284	93
1832	351	275	76
1833	347	270	77
1834	360	273	87
1835	359	267	92
1836	357	272	85
1837	348	271	77
1838	351	275	76
1839	348	273	75
1840	320	261	59
1841	345	265	80
1842	346	276	70
1843	331	287	44
1844	353	274	79
1845	366	271	95
1846	365	259	106
1847	352	279	73
1848	350	275	75
1849	357	272	85
1850	368	270	98
1851	380	271	109
1852	367	272	95
1853	337	273	64
1854	354	268	86
1855	363	285	78
1856	359	278	81
1857	358	271	87
1858	359	266	93
1859	369	267	102
1860	375	271	104
1861	361	273	88
1862	371	270	101
1863	363	271	92
1864	373	261	112
1865	349	269	80
1866	347	266	81
1867	356	275	81
1868	365	283	82
1869	378	282	96
1870	379	276	103
1871	363	275	88
1872	355	272	83
1873	356	270	86
1874	365	269	96
1875	351	277	74
1876	350	272	78
1877	338	278	60
1878	338	275	63
1879	352	281	71
1880	372	262	110
1881	359	265	94
1882	368	266	102
1883	359	276	83
1884	369	279	90
1885	356	271	85
1886	372	267	105
1887	381	263	118
1888	377	261	116
1889	354	275	79
1890	376	266	110
1891	377	271	106
1892	354	267	87
1893	347	269	78
1894	364	263	101
1895	384	269	115
1896	374	267	107
1897	361	274	87
1898	384	265	119
1899	365	271	94
1900	366	265	101
1901	354	266	88
1902	358	264	94
1903	371	283	88
1904	388	277	111
1905	374	267	107
1906	389	273	116
1907	363	279	84
1908	357	280	77
1909	351	286	65
1910	355	281	74
1911	384	280	104
1912	395	269	126
1913	383	270	113
1914	387	278	109
1915	383	287	96
1916	364	269	95
1917	356	264	92
1918	396	265	131
1919	385	281	104
1920	378	274	104
1921	358	285	73
1922	356	269	87
1923	373	266	107
1924	375	273	102
1925	387	272	115
1926	410	257	153
1927	397	267	130
1928	373	276	97
1929	376	276	100
1930	380	273	107
1931	365	272	93
1932	367	272	95
1933	356	265	91
1934	397	271	126
1935	374	272	102
1936	347	273	74
1937	353	276	77
1938	366	270	96
1939	348	276	72
1940	362	272	90
1941	375	274	101
1942	385	271	114
1943	385	273	112
1944	374	261	113
1945	357	271	86
1946	376	273	103
1947	361	271	90
1948	373	257	116
1949	366	260	106
1950	360	264	96
1951	377	274	103
1952	395	274	121
1953	375	278	97
1954	369	264	105
1955	343	270	73
1956	370	273	97
1957	386	273	113
1958	378	279	99
1959	388	288	100
1960	376	277	99
1961	353	278	75
1962	352	270	82
1963	344	272	72
1964	379	277	102
1965	389	288	101
1966	368	283	85
1967	361	285	76
1968	378	273	105
1969	373	272	101
1970	365	268	97
1971	343	271	72
1972	363	266	97
1973	380	269	111
1974	387	266	121
1975	375	271	104
1976	374	267	107
1977	389	269	120
1978	385	263	122
1979	385	270	115
1980	394	268	126
1981	360	277	83
1982	375	280	95
1983	367	278	89
1984	374	267	107
1985	368	276	92
1986	373	272	101
1987	368	278	90
1988	371	268	103
1989	375	266	109
1990	392	270	122
1991	376	268	108
1992	392	264	128
1993	399	276	123
1994	389	274	115
1995	387	274	113
1996	377	268	109
1997	373	275	98
1998	371	277	94
1999	379	284	95
2000	347	277	70
2001	338	273	65
2002	368	275	93
2003	386	274	112
2004	400	269	131
2005	371	274	97
2006	366	267	99
2007	369	270	99
2008	386	268	118
2009	399	269	130
2010	376	266	110
2011	370	259	111
2012	382	264	118
2013	368	273	95
2014	384	269	115
2015	396	269	127
2016	396	269	127
2017	361	269	92
2018	382	262	120
2019	399	275	124
2020	396	281	115
2021	384	273	111
2022	375	263	112
2023	368	280	88
2024	395	268	127
2025	384	266	118
2026	384	272	112
2027	392	270	122
2028	377	268	109
2029	360	270	90
2030	386	261	125
2031	378	280	98
2032	361	274	87
2033	375	276	99
2034	396	273	123
2035	392	275	117
2036	391	266	125
2037	389	269	120
2038	386	274	112
2039	390	274	116
2040	400	276	124
2041	393	284	109
2042	391	273	118
2043	385	278	107
2044	401	282	119
2045	391	281	110
2046	404	277	127
2047	387	278	109
2048	398	271	127
2049	409	274	135
2050	385	276	109
2051	387	282	105
2052	400	277	123
2053	410	277	133
2054	415	275	140
2055	400	273	127
2056	414	274	140
2057	392	277	115
2058	399	279	120
2059	384	273	111
2060	386	269	117
2061	391	284	107
2062	422	276	146
2063	411	277	134
2064	384	272	112
2065	398	271	127
2066	417	277	140
2067	416	278	138
2068	417	278	139
2069	386	284	102
2070	395	274	121
2071	413	275	138
2072	386	276	110
2073	380	281	99
2074	404	274	130
2075	403	277	126
2076	408	275	133
2077	405	284	121
2078	377	277	100
2079	384	278	106
2080	408	278	130
2081	399	278	121
2082	392	274	118
2083	389	278	111
2084	383	275	108
2085	376	273	103
2086	389	273	116
2087	408	274	134
2088	398	271	127
2089	407	274	133
2090	421	276	145
2091	404	278	126
2092	382	262	120
2093	374	273	101
2094	392	265	127
2095	416	264	152
2096	401	269	132
2097	403	281	122
2098	425	282	143
2099	412	273	139
2100	422	265	157
2101	407	275	132
2102	414	268	146
2103	415	271	144
2104	402	259	143
2105	381	262	119
2106	396	270	126
2107	392	272	120
2108	390	274	116
2109	387	279	108
2110	400	269	131
2111	400	270	130
2112	408	271	137
2113	399	271	128
2114	405	264	141
2115	423	273	150
2116	428	272	156
2117	424	273	151
2118	402	268	134
2119	395	271	124
2120	413	264	149
2121	417	268	149
2122	408	272	136
2123	416	270	146
2124	424	272	152
2125	422	285	137
2126	429	281	148
2127	415	275	140
2128	396	273	123
2129	390	272	118
2130	392	269	123
2131	411	275	136
2132	422	275	147
2133	404	284	120
2134	413	278	135
2135	427	269	158
2136	418	274	144
2137	396	272	124
2138	395	267	128
2139	397	276	121
2140	405	272	133
2141	416	278	138
2142	424	274	150
2143	407	282	125
2144	416	277	139
2145	416	270	146
2146	421	272	149
2147	437	271	166
2148	448	256	192
2149	438	266	172
2150	423	274	149
2151	423	278	145
2152	444	275	169
2153	421	273	148
2154	409	276	133
2155	424	275	149
2156	424	272	152
2157	418	265	153
2158	425	268	157
2159	413	281	132
2160	408	272	136
2161	423	284	139
2162	443	282	161
2163	442	267	175
2164	433	265	168
2165	417	277	140
2166	430	267	163
2167	424	264	160
2168	434	267	167
2169	429	270	159
2170	445	267	178
2171	440	274	166
2172	413	271	142
2173	411	271	140
2174	417	270	147
2175	415	281	134
2176	415	273	142
2177	410	279	131
2178	416	281	135
2179	419	269	150
2180	418	268	150
2181	408	274	134
2182	410	266	144
2183	414	261	153
2184	413	267	146
2185	426	277	149
2186	430	267	163
2187	422	274	148
2188	423	268	155
2189	415	282	133
2190	404	275	129
2191	413	266	147
2192	417	277	140
2193	426	284	142
2194	433	277	156
2195	439	271	168
2196	458	271	187
2197	426	269	157
2198	439	278	161
2199	467	281	186
2200	424	275	149
2201	434	273	161
2202	436	268	168
2203	423	277	146
2204	418	270	148
2205	420	276	144
2206	441	274	167
2207	433	277	156
2208	427	277	150
2209	421	276	145
2210	435	270	165
2211	415	275	140
2212	405	265	140
2213	395	266	129
2214	414	262	152
2215	421	269	152
2216	430	271	159
2217	420	276	144
2218	424	252	172
2219	458	282	176
2220	451	281	170
2221	458	272	186
2222	459	268	191
2223	436	273	163
2224	421	263	158
2225	424	269	155
2226	430	280	150
2227	421	281	140
2228	422	272	150
2229	435	277	158
2230	440	276	164
2231	438	270	168
2232	434	259	175
2233	427	276	151
2234	441	276	165
2235	439	272	167
2236	416	266	150
2237	417	274	143
2238	433	262	171
2239	448	274	174
2240	433	279	154
2241	448	278	170
2242	456	279	177
2243	456	280	176
2244	450	265	185
2245	412	280	132
2246	407	273	134
2247	415	279	136
2248	412	272	140
2249	433	280	153
2250	440	274	166
2251	433	272	161
2252	434	263	171
2253	411	279	132
2254	416	281	135
2255	419	269	150
2256	437	269	168
2257	421	273	148
2258	405	277	128
2259	406	279	127
2260	412	281	131
2261	407	284	123
2262	433	274	159
2263	426	279	147
2264	445	269	176
2265	461	272	189
2266	433	265	168
2267	425	274	151
2268	420	280	140
2269	423	284	139
2270	426	276	150
2271	432	276	156
2272	437	282	155
2273	431	280	151
2274	430	272	158
2275	410	270	140
2276	405	264	141
2277	396	282	114
2278	419	275	144
2279	430	267	163
2280	428	279	149
2281	405	280	125
2282	386	273	113
2283	404	274	130
2284	426	262	164
2285	418	266	152
2286	419	274	145
2287	426	281	145
2288	434	271	163
2289	447	273	174
2290	427	277	150
2291	412	273	139
2292	396	263	133
2293	423	275	148
2294	450	270	180
2295	425	282	143
2296	449	281	168
2297	443	284	159
2298	423	289	134
2299	432	291	141
2300	429	265	164
2301	426	266	160
2302	412	275	137
2303	444	279	165
2304	461	278	183
2305	417	279	138
2306	416	268	148
2307	452	278	174
2308	440	283	157
2309	419	279	140
2310	435	275	160
2311	433	286	147
2312	441	284	157
2313	445	279	166
2314	449	279	170
2315	427	285	142
2316	444	276	168
2317	439	273	166
2318	414	269	145
2319	411	275	136
2320	426	267	159
2321	427	277	150
2322	437	269	168
2323	436	260	176
2324	447	270	177
2325	447	282	165
2326	414	279	135
2327	412	271	141
2328	436	275	161
2329	441	280	161
2330	449	273	176
2331	442	282	160
2332	453	275	178
2333	458	276	182
2334	451	275	176
2335	446	271	175
2336	454	280	174
2337	436	287	149
2338	428	275	153
2339	450	272	178
2340	428	273	155
2341	413	273	140
2342	441	264	177
2343	437	266	171
2344	426	271	155
2345	424	282	142
2346	437	278	159
2347	436	281	155
2348	456	276	180
2349	463	285	178
2350	454	281	173
2351	429	280	149
2352	445	269	176
2353	449	271	178
2354	470	270	200
2355	436	281	155
2356	443	270	173
2357	464	276	188
2358	457	282	175
2359	435	291	144
2360	465	277	188
2361	466	275	191
2362	446	277	169
2363	433	280	153
2364	462	266	196
2365	464	269	195
2366	451	277	174
2367	433	281	152
2368	432	275	157
2369	438	278	160
2370	448	281	167
2371	449	282	167
2372	439	271	168
2373	442	269	173
2374	430	269	161
2375	421	280	141
2376	437	274	163
2377	434	275	159
2378	458	269	189
2379	445	270	175
2380	447	272	175
2381	452	276	176
2382	451	264	187
2383	451	263	188
2384	463	270	193
2385	466	271	195
2386	449	261	188
2387	437	264	173
2388	457	267	190
2389	444	280	164
2390	453	274	179
2391	456	280	176
2392	466	270	196
2393	461	272	189
2394	455	269	186
2395	439	276	163
2396	454	272	182
2397	459	275	184
2398	447	275	172
2399	459	279	180
2400	465	279	186
2401	454	277	177
2402	449	275	174
2403	457	281	176
2404	454	282	172
2405	468	280	188
2406	478	271	207
2407	476	275	201
2408	470	269	201
2409	449	265	184
2410	434	268	166
2411	436	276	160
2412	465	274	191
2413	459	272	187
2414	448	269	179
2415	434	277	157
2416	463	268	195
2417	469	275	194
2418	457	278	179
2419	454	276	178
2420	474	273	201
2421	456	267	189
2422	445	272	173
2423	455	278	177
2424	476	271	205
2425	493	273	220
2426	451	273	178
2427	425	268	157
2428	483	266	217
2429	489	279	210
2430	479	277	202
2431	465	271	194
2432	489	265	224
2433	477	268	209
2434	491	262	229
2435	490	270	220
2436	476	268	208
2437	462	273	189
2438	456	268	188
2439	462	274	188
2440	462	267	195
2441	473	267	206
2442	481	275	206
2443	473	275	198
2444	464	267	197
2445	447	279	168
2446	492	267	225
2447	493	267	226
2448	460	266	194
2449	450	272	178
2450	474	274	200
2451	484	268	216
2452	466	251	215
2453	483	266	217
2454	495	274	221
2455	469	270	199
2456	478	263	215
2457	488	272	216
2458	468	267	201
2459	471	267	204
2460	461	272	189
2461	450	278	172
2462	483	266	217
2463	491	273	218
2464	488	277	211
2465	507	281	226
2466	496	280	216
2467	462	278	184
2468	466	274	192
2469	494	272	222
2470	476	257	219
2471	492	272	220
2472	501	276	225
2473	471	276	195
2474	505	272	233
2475	471	280	191
2476	454	265	189
2477	468	263	205
2478	474	267	207
2479	475	273	202
2480	468	270	198
2481	451	264	187
2482	481	267	214
2483	493	286	207
2484	491	277	214
2485	483	273	210
2486	454	265	189
2487	468	275	193
2488	460	274	186
2489	452	272	180
2490	482	269	213
2491	466	283	183
2492	460	281	179
2493	448	272	176
2494	470	270	200
2495	479	269	210
2496	451	262	189
2497	455	263	192
2498	475	274	201
2499	479	277	202
2500	488	273	215
2501	483	273	210
2502	463	267	196
2503	465	261	204
2504	499	272	227
2505	488	279	209
2506	483	269	214
2507	464	277	187
2508	484	281	203
2509	472	280	192
2510	478	277	201
2511	480	274	206
2512	480	268	212
2513	504	270	234
2514	474	262	212
2515	478	264	214
2516	488	268	220
2517	477	267	210
2518	462	273	189
2519	469	279	190
2520	485	276	209
2521	463	278	185
2522	499	271	228
2523	491	267	224
2524	473	262	211
2525	487	281	206
2526	479	274	205
2527	478	268	210
2528	492	274	218
2529	481	272	209
2530	470	268	202
2531	466	271	195
2532	479	272	207
2533	477	274	203
2534	493	275	218
2535	496	272	224
2536	502	263	239
2537	488	259	229
2538	475	265	210
2539	456	275	181
2540	481	265	216
2541	488	273	215
2542	497	267	230
2543	478	269	209
2544	478	268	210
2545	491	272	219
2546	478	269	209
2547	474	281	193
2548	477	276	201
2549	483	272	211
2550	491	264	227
2551	484	274	210
2552	500	272	228
2553	479	280	199
2554	482	273	209
2555	476	278	198
2556	476	274	202
2557	473	272	201
2558	457	271	186
2559	460	267	193
2560	495	261	234
2561	490	277	213
2562	474	269	205
2563	479	271	208
2564	493	276	217
2565	488	280	208
2566	483	271	212
2567	483	268	215
2568	498	272	226
2569	492	270	222
2570	491	267	224
2571	492	269	223
2572	514	277	237
2573	493	286	207
2574	476	272	204
2575	467	275	192
2576	467	273	194
2577	433	279	154
2578	464	275	189
2579	463	266	197
2580	451	265	186
2581	442	273	169
2582	463	275	188
2583	471	275	196
2584	476	272	204
2585	462	269	193
2586	475	270	205
2587	488	273	215
2588	487	277	210
2589	468	275	193
2590	469	270	199
2591	459	274	185
2592	455	276	179
2593	462	273	189
2594	475	272	203
2595	462	266	196
2596	489	265	224
2597	510	270	240
2598	487	271	216
2599	473	269	204
2600	485	271	214
2601	491	273	218
2602	496	269	227
2603	482	271	211
2604	475	276	199
2605	444	275	169
2606	454	271	183
2607	461	280	181
2608	475	276	199
2609	471	274	197
2610	479	262	217
2611	476	262	214
2612	453	277	176
2613	436	285	151
2614	460	262	198
2615	472	267	205
2616	493	271	222
2617	484	276	208
2618	480	273	207
2619	486	282	204
2620	489	270	219
2621	478	273	205
2622	467	274	193
2623	488	280	208
2624	500	264	236
2625	449	263	186
2626	438	265	173
2627	452	268	184
2628	451	267	184
2629	453	262	191
2630	512	253	259
2631	491	277	214
2632	474	274	200
2633	454	268	186
2634	452	273	179
2635	453	286	167
2636	463	278	185
2637	471	274	197
2638	464	265	199
2639	435	266	169
2640	479	263	216
2641	492	268	224
2642	485	256	229
2643	463	268	195
2644	467	266	201
2645	469	265	204
2646	462	266	196
2647	460	265	195
2648	454	265	189
2649	452	275	177
2650	457	275	182
2651	459	270	189
2652	483	267	216
2653	471	272	199
2654	455	270	185
2655	458	278	180
2656	472	273	199
2657	472	269	203
2658	477	264	213
2659	484	265	219
2660	493	270	223
2661	463	278	185
2662	476	269	207
2663	481	263	218
2664	490	263	227
2665	464	274	190
2666	456	276	180
2667	471	266	205
2668	480	265	215
2669	432	275	157
2670	447	267	180
2671	480	271	209
2672	493	266	227
2673	469	272	197
2674	458	268	190
2675	467	273	194
2676	475	262	213
2677	471	269	202
2678	486	276	210
2679	472	278	194
2680	470	283	187
2681	466	287	179
2682	457	272	185
2683	464	271	193
2684	464	271	193
2685	462	278	184
2686	447	267	180
2687	422	273	149
2688	446	269	177
2689	480	278	202
2690	496	272	224
2691	488	269	219
2692	471	263	208
2693	473	277	196
2694	489	276	213
2695	473	280	193
2696	468	266	202
2697	447	277	170
2698	460	276	184
2699	455	276	179
2700	469	269	200
2701	459	275	184
2702	442	270	172
2703	443	277	166
2704	449	271	178
2705	434	271	163
2706	440	275	165
2707	445	272	173
2708	456	263	193
2709	481	269	212
2710	494	271	223
2711	465	274	191
2712	512	272	240
2713	504	274	230
2714	473	268	205
2715	462	280	182
2716	472	284	188
2717	492	281	211
2718	463	268	195
2719	464	270	194
2720	484	266	218
2721	465	269	196
2722	461	277	184
2723	455	278	177
2724	479	275	204
2725	464	278	186
2726	445	279	166
2727	460	278	182
2728	474	262	212
2729	458	273	185
2730	470	269	201
2731	454	267	187
2732	450	271	179
2733	475	274	201
2734	521	274	247
2735	481	274	207
2736	463	265	198
2737	461	265	196
2738	458	258	200
2739	461	268	193
2740	437	271	166
2741	464	279	185
2742	447	273	174
2743	451	274	177
2744	474	263	211
2745	470	268	202
2746	471	276	195
2747	480	279	201
2748	500	270	230
2749	489	272	217
2750	465	277	188
2751	461	278	183
2752	475	272	203
2753	486	273	213
2754	476	269	207
2755	457	267	190
2756	471	278	193
2757	458	280	178
2758	462	267	195
2759	451	274	177
2760	459	274	185
2761	474	275	199
2762	486	270	216
2763	459	274	185
2764	437	265	172
2765	457	268	189
2766	494	274	220
2767	501	276	225
2768	499	276	223
2769	500	277	223
2770	495	269	226
2771	498	269	229
2772	481	269	212
2773	465	268	197
2774	490	263	227
2775	492	264	228
2776	492	273	219
2777	474	277	197
2778	480	271	209
2779	497	273	224
2780	499	274	225
2781	468	272	196
2782	469	264	205
2783	451	257	194
2784	456	270	186
2785	482	280	202
2786	477	277	200
2787	464	278	186
2788	480	276	204
2789	490	282	208
2790	506	277	229
2791	465	273	192
2792	476	277	199
2793	481	264	217
2794	474	263	211
2795	474	274	200
2796	469	271	198
2797	467	274	193
2798	473	271	202
2799	466	281	185
2800	480	275	205
2801	494	275	219
2802	491	265	226
2803	495	272	223
2804	491	278	213
2805	455	271	184
2806	474	260	214
2807	490	267	223
2808	487	263	224
2809	486	271	215
2810	518	272	246
2811	509	275	234
2812	497	267	230
2813	493	268	225
2814	500	268	232
2815	484	276	208
2816	473	281	192
2817	503	283	220
2818	509	267	242
2819	483	270	213
2820	497	256	241
2821	483	260	223
2822	477	271	206
2823	475	285	190
2824	469	275	194
2825	463	278	185
2826	474	268	206
2827	498	266	232
2828	520	267	253
2829	488	275	213
2830	495	270	225
2831	473	270	203
2832	454	269	185
2833	470	277	193
2834	504	268	236
2835	477	267	210
2836	498	269	229
2837	492	263	229
2838	487	265	222
2839	491	277	214
2840	489	268	221
2841	495	271	224
2842	504	273	231
2843	493	277	216
2844	508	263	245
2845	510	260	250
2846	499	267	232
2847	497	266	231
2848	495	267	228
2849	494	266	228
2850	498	272	226
2851	481	271	210
2852	468	266	202
2853	468	273	195
2854	482	278	204
2855	455	288	167
2856	461	276	185
2857	458	272	186
2858	453	270	183
2859	451	274	177
2860	485	267	218
2861	497	277	220
2862	511	262	249
2863	490	272	218
2864	462	280	182
2865	442	272	170
2866	470	267	203
2867	479	273	206
2868	480	275	205
2869	520	274	246
2870	520	270	250
2871	481	276	205
2872	480	268	212
2873	481	270	211
2874	472	273	199
2875	490	271	219
2876	466	273	193
2877	450	278	172
2878	455	273	182
2879	448	287	161
2880	482	284	198
2881	493	275	218
2882	476	266	210
2883	458	273	185
2884	472	275	197
2885	471	277	194
2886	471	265	206
2887	482	273	209
2888	505	271	234
2889	473	273	200
2890	460	272	188
2891	471	285	186
2892	462	272	190
2893	505	273	232
2894	499	265	234
2895	462	269	193
2896	483	274	209
2897	492	271	221
2898	478	262	216
2899	448	266	182
2900	474	273	201
2901	473	276	197
2902	468	271	197
2903	478	277	201
2904	486	276	210
2905	451	275	176
2906	448	265	183
2907	450	263	187
2908	464	268	196
2909	463	279	184
2910	479	267	212
2911	461	268	193
2912	485	272	213
2913	478	280	198
2914	488	267	221
2915	483	266	217
2916	458	273	185
2917	456	281	175
2918	474	268	206
2919	471	271	200
2920	474	273	201
2921	468	271	197
2922	464	268	196
2923	450	275	175
2924	454	284	170
2925	455	277	178
2926	471	273	198
2927	473	275	198
2928	461	268	193
2929	446	276	170
2930	443	275	168
2931	427	275	152
2932	439	265	174
2933	451	270	181
2934	454	261	193
2935	458	263	195
2936	447	264	183
2937	464	275	189
2938	444	271	173
2939	419	275	144
2940	434	274	160
2941	432	280	152
2942	452	268	184
2943	437	271	166
2944	450	273	177
2945	456	269	187
2946	441	267	174
2947	438	274	164
2948	451	267	184
2949	442	273	169
2950	431	276	155
2951	434	269	165
2952	465	265	200
2953	452	281	171
2954	451	276	175
2955	459	272	187
2956	457	265	192
2957	426	268	158
2958	431	271	160
2959	442	284	158
2960	433	273	160
2961	417	269	148
2962	439	276	163
2963	450	280	170
2964	445	268	177
2965	432	261	171
2966	425	257	168
2967	424	264	160
2968	418	255	163
2969	464	285	179
2970	469	269	200
2971	439	266	173
2972	444	270	174
2973	437	274	163
2974	424	257	167
2975	428	265	163
2976	459	269	190
2977	446	265	181
2978	440	262	178
2979	437	273	164
2980	450	274	176
2981	447	279	168
2982	455	269	186
2983	440	276	164
2984	439	275	164
2985	437	279	158
2986	438	278	160
2987	429	272	157
2988	440	275	165
2989	474	269	205
2990	464	268	196
2991	447	268	179
2992	453	267	186
2993	441	280	161
2994	422	272	150
2995	454	271	183
2996	467	265	202
2997	433	264	169
2998	437	267	170
2999	424	274	150
3000	434	273	161
3001	449	275	174
3002	444	262	182
3003	450	273	177
3004	446	274	172
3005	411	276	135
3006	422	272	150
3007	449	270	179
3008	444	267	177
3009	436	280	156
3010	439	277	162
3011	409	269	140
3012	410	268	142
3013	419	282	137
3014	447	267	180
3015	445	279	166
3016	463	281	182
3017	438	274	164
3018	440	276	164
3019	445	282	163
3020	431	277	154
3021	439	280	159
3022	438	276	162
3023	422	272	150
3024	414	275	139
3025	392	287	105
3026	426	281	145
3027	450	282	168
3028	427	271	156
3029	430	269	161
3030	422	265	157
3031	412	278	134
3032	422	277	145
3033	429	270	159
3034	422	282	140
3035	420	275	145
3036	419	278	141
3037	406	273	133
3038	418	262	156
3039	417	274	143
3040	405	274	131
3041	401	268	133
3042	402	263	139
3043	407	271	136
3044	440	271	169
3045	428	266	162
3046	425	272	153
3047	401	272	129
3048	420	271	149
3049	422	268	154
3050	433	270	163
3051	423	278	145
3052	421	281	140
3053	425	281	144
3054	426	272	154
3055	408	276	132
3056	407	276	131
3057	422	282	140
3058	416	268	148
3059	407	274	133
3060	419	267	152
3061	418	256	162
3062	428	261	167
3063	421	274	147
3064	405	275	130
3065	405	286	119
3066	426	276	150
3067	430	271	159
3068	416	266	150
3069	414	263	151
3070	426	260	166
3071	399	271	128
3072	404	263	141
3073	402	279	123
3074	405	286	119
3075	412	279	133
3076	402	268	134
3077	399	266	133
3078	409	271	138
3079	399	277	122
3080	404	274	130
3081	404	285	119
3082	403	274	129
3083	400	278	122
3084	406	283	123
3085	382	277	105
3086	372	275	97
3087	384	276	108
3088	410	268	142
3089	400	272	128
3090	389	271	118
3091	391	279	112
3092	407	282	125
3093	408	284	124
3094	397	274	123
3095	390	279	111
3096	379	279	100
3097	354	283	71
3098	369	278	91
3099	405	276	129
3100	402	271	131
3101	394	274	120
3102	396	275	121
3103	378	276	102
3104	393	270	123
3105	403	278	125
3106	408	284	124
3107	398	280	118
3108	404	275	129
3109	426	280	146
3110	415	269	146
3111	392	278	114
3112	390	282	108
3113	409	283	126
3114	413	275	138
3115	401	269	132
3116	391	267	124
3117	406	269	137
3118	424	275	149
3119	407	276	131
3120	397	265	132
3121	401	272	129
3122	399	275	124
3123	409	279	130
3124	419	280	139
3125	426	285	141
3126	411	274	137
3127	397	264	133
3128	406	259	147
3129	406	270	136
3130	400	272	128
3131	391	279	112
3132	410	272	138
3133	401	275	126
3134	397	269	128
3135	407	269	138
3136	407	261	146
3137	392	272	120
3138	387	272	115
3139	399	278	121
3140	398	273	125
3141	389	266	123
3142	356	276	80
3143	382	279	103
3144	397	274	123
3145	388	276	112
3146	389	274	115
3147	392	277	115
3148	379	271	108
3149	368	276	92
3150	383	271	112
3151	389	276	113
3152	412	261	151
3153	388	271	117
3154	366	276	90
3155	368	273	95
3156	375	268	107
3157	402	277	125
3158	383	272	111
3159	388	276	112
3160	390	274	116
3161	364	276	88
3162	394	280	114
3163	417	287	130
3164	405	275	130
3165	389	275	114
3166	399	273	126
3167	384	267	117
3168	393	268	125
3169	373	272	101
3170	389	269	120
3171	386	273	113
3172	379	270	109
3173	379	283	96
3174	401	281	120
3175	390	279	111
3176	401	273	128
3177	386	280	106
3178	369	281	88
3179	386	270	116
3180	385	270	115
3181	390	280	110
3182	402	275	127
3183	391	277	114
3184	390	277	113
3185	385	279	106
3186	389	271	118
3187	405	279	126
3188	398	279	119
3189	394	269	125
3190	386	270	116
3191	368	271	97
3192	355	276	79
3193	374	286	88
3194	385	279	106
3195	391	285	106
3196	405	275	130
3197	391	264	127
3198	378	265	113
3199	366	275	91
3200	375	281	94
3201	399	282	117
3202	385	274	111
3203	369	277	92
3204	388	270	118
3205	370	279	91
3206	364	275	89
3207	381	285	96
3208	407	272	135
3209	396	270	126
3210	389	272	117
3211	369	277	92
3212	384	278	106
3213	395	285	110
3214	400	276	124
3215	382	263	119
3216	377	266	111
3217	387	275	112
3218	376	271	105
3219	364	272	92
3220	362	271	91
3221	362	276	86
3222	393	267	126
3223	407	272	135
3224	381	278	103
3225	372	275	97
3226	384	270	114
3227	382	274	108
3228	368	273	95
3229	379	278	101
3230	384	266	118
3231	370	276	94
3232	384	280	104
3233	380	281	99
3234	382	267	115
3235	373	273	100
3236	375	276	99
3237	384	275	109
3238	387	264	123
3239	377	267	110
3240	413	272	141
3241	414	278	136
3242	377	279	98
3243	373	288	85
3244	372	275	97
3245	388	268	120
3246	379	269	110
3247	391	270	121
3248	378	272	106
3249	387	274	113
3250	436	279	157
3251	427	285	142
3252	391	274	117
3253	365	262	103
3254	391	258	133
3255	405	267	138
3256	409	272	137
3257	392	270	122
3258	401	264	137
3259	397	267	130
3260	381	269	112
3261	384	271	113
3262	399	263	136
3263	388	270	118
3264	392	269	123
3265	386	278	108
3266	371	270	101
3267	364	263	101
3268	377	277	100
3269	379	280	99
3270	382	267	115
3271	377	276	101
3272	382	262	120
3273	382	269	113
3274	403	270	133
3275	383	277	106
3276	373	277	96
3277	381	280	101
3278	389	272	117
3279	367	271	96
3280	375	261	114
3281	392	266	126
3282	387	273	114
3283	373	276	97
3284	388	266	122
3285	383	263	120
3286	370	268	102
3287	353	272	81
3288	362	267	95
3289	361	270	91
3290	373	268	105
3291	365	270	95
3292	350	262	88
3293	348	266	82
3294	369	277	92
3295	372	276	96
3296	355	274	81
3297	363	281	82
3298	370	268	102
3299	376	266	110
3300	388	271	117
3301	384	274	110
3302	367	264	103
3303	371	271	100
3304	371	271	100
3305	348	271	77
3306	355	263	92
3307	368	274	94
3308	384	272	112
3309	394	268	126
3310	367	270	97
3311	360	268	92
3312	373	266	107
3313	368	262	106
3314	380	259	121
3315	372	273	99
3316	356	271	85
3317	377	270	107
3318	375	276	99
3319	358	286	72
3320	373	277	96
3321	360	281	79
3322	361	278	83
3323	376	275	101
3324	375	271	104
3325	357	275	82
3326	370	270	100
3327	413	266	147
3328	413	264	149
3329	366	270	96
3330	364	270	94
3331	358	274	84
3332	365	272	93
3333	365	276	89
3334	377	281	96
3335	369	281	88
3336	374	279	95
3337	381	287	94
3338	366	278	88
3339	352	273	79
3340	376	265	111
3341	382	270	112
3342	399	269	130
3343	374	276	98
3344	357	272	85
3345	362	270	92
3346	368	265	103
3347	367	272	95
3348	367	269	98
3349	352	277	75
3350	356	283	73
3351	334	278	56
3352	356	275	81
3353	362	286	76
3354	349	275	74
3355	362	276	86
3356	387	277	110
3357	385	276	109
3358	374	263	111
3359	362	270	92
3360	384	268	116
3361	344	269	75
3362	370	273	97
3363	355	281	74
3364	375	274	101
3365	369	264	105
3366	359	269	90
3367	377	273	104
3368	381	269	112
3369	353	270	83
3370	351	267	84
3371	366	269	97
3372	370	261	109
3373	338	265	73
3374	344	269	75
3375	367	275	92
3376	374	266	108
3377	367	268	99
3378	357	271	86
3379	349	276	73
3380	343	270	73
3381	355	267	88
3382	359	265	94
3383	362	277	85
3384	365	268	97
3385	373	267	106
3386	394	262	132
3387	356	265	91
3388	354	270	84
3389	356	273	83
3390	346	269	77
3391	355	279	76
3392	364	280	84
3393	372	273	99
3394	386	272	114
3395	350	280	70
3396	353	276	77
3397	358	278	80
3398	350	268	82
3399	334	272	62
3400	354	270	84
3401	357	270	87
3402	335	262	73
3403	339	272	67
3404	355	264	91
3405	361	279	82
3406	360	272	88
3407	360	275	85
3408	354	272	82
3409	346	269	77
3410	378	268	110
3411	356	273	83
3412	340	273	67
3413	337	269	68
3414	333	270	63
3415	331	278	53
3416	351	266	85
3417	370	267	103
3418	364	272	92
3419	345	279	66
3420	338	272	66
3421	324	270	54
3422	344	263	81
3423	335	265	70
3424	364	266	98
3425	356	271	85
3426	322	268	54
3427	340	267	73
3428	345	275	70
3429	336	285	51
3430	352	280	72
3431	328	282	46
3432	343	275	68
3433	350	276	74
3434	346	268	78
3435	360	273	87
3436	371	272	99
3437	343	266	77
3438	340	275	65
3439	345	273	72
3440	343	268	75
3441	338	266	72
3442	360	265	95
3443	352	273	79
3444	355	272	83
3445	356	274	82
3446	339	271	68
3447	353	278	75
3448	357	277	80
3449	337	280	57
3450	349	275	74
3451	349	279	70
3452	341	280	61
3453	326	280	46
3454	354	277	77
3455	349	276	73
3456	333	268	65
3457	324	275	49
3458	357	270	87
3459	355	279	76
3460	348	278	70
3461	365	277	88
3462	359	269	90
3463	334	282	52
3464	335	283	52
3465	338	283	55
3466	341	278	63
3467	331	281	50
3468	323	265	58
3469	312	270	42
3470	353	272	81
3471	343	272	71
3472	338	278	60
3473	338	282	56
3474	319	274	45
3475	322	277	45
3476	336	281	55
3477	360	273	87
3478	337	263	74
3479	320	276	44
3480	322	273	49
3481	308	276	32
3482	319	268	51
3483	344	262	82
3484	345	264	81
3485	341	277	64
3486	336	268	68
3487	338	270	68
3488	348	270	78
3489	331	276	55
3490	335	273	62
3491	318	283	35
3492	330	282	48
3493	328	283	45
3494	341	280	61
3495	335	279	56
3496	332	271	61
3497	334	270	64
3498	336	273	63
3499	359	274	85
3500	343	277	66
3501	318	285	33
3502	341	281	60
3503	373	282	91
3504	361	281	80
3505	347	268	79
3506	358	271	87
3507	352	278	74
3508	347	276	71
3509	349	282	67
3510	350	278	72
3511	334	280	54
3512	343	274	69
3513	355	279	76
3514	365	280	85
3515	336	277	59
3516	323	271	52
3517	317	280	37
3518	348	260	88
3519	346	268	78
3520	353	277	76
3521	338	276	62
3522	351	266	85
3523	338	273	65
3524	324	284	40
3525	324	288	36
3526	328	275	53
3527	345	275	70
3528	338	274	64
3529	331	272	59
3530	338	264	74
3531	341	264	77
3532	355	252	103
3533	339	273	66
3534	324	277	47
3535	298	268	30
3536	324	272	52
3537	338	276	62
3538	325	269	56
3539	348	268	80
3540	354	266	88
3541	334	282	52
3542	333	285	48
3543	313	287	26
3544	318	286	32
3545	309	284	25
3546	296	278	18
3547	301	269	32
3548	336	270	66
3549	323	283	40
3550	317	281	36
3551	314	282	32
3552	314	262	52
3553	330	265	65
3554	347	270	77
3555	334	281	53
3556	337	274	63
3557	334	272	62
3558	317	271	46
3559	331	265	66
3560	336	271	65
3561	325	282	43
3562	313	285	28
3563	318	288	30
3564	324	279	45
3565	295	278	17
3566	303	280	23
3567	316	285	31
3568	325	281	44
3569	327	281	46
3570	335	275	60
3571	328	282	46
3572	325	275	50
3573	314	276	38
3574	334	278	56
3575	318	286	32
3576	330	282	48
3577	332	281	51
3578	324	275	49
3579	311	273	38
3580	314	274	40
3581	305	277	28
3582	330	282	48
3583	336	283	53
3584	325	275	50
3585	292	271	21
3586	316	274	42
3587	323	279	44
3588	327	280	47
3589	351	279	72
3590	361	274	87
3591	330	277	53
3592	326	276	50
3593	333	270	63
3594	342	270	72
3595	343	273	70
3596	321	277	44
3597	300	287	13
3598	328	271	57
3599	319	268	51
3600	319	269	50
3601	316	279	37
3602	320	278	42
3603	327	282	45
3604	332	278	54
3605	310	280	30
3606	315	267	48
3607	304	270	34
3608	318	270	48
3609	329	277	52
3610	331	273	58
3611	331	277	54
3612	318	273	45
3613	312	283	29
3614	334	275	59
3615	317	278	39
3616	312	280	32
3617	306	268	38
3618	299	264	35
3619	292	278	14
3620	299	272	27
3621	310	271	39
3622	333	276	57
3623	301	286	15
3624	296	281	15
3625	300	277	23
3626	313	271	42
3627	333	280	53
3628	330	271	59
3629	305	274	31
3630	298	273	25
3631	315	274	41
3632	328	278	50
3633	319	276	43
3634	317	269	48
3635	294	269	25
3636	321	274	47
3637	313	278	35
3638	309	277	32
3639	326	274	52
3640	329	267	62
3641	303	276	27
3642	282	270	12
3643	298	274	24
3644	313	270	43
3645	292	286	6
3646	293	272	21
3647	302	266	36
3648	290	264	26
