index	original	background	difference
-----------------------------------------------------
1	226	237	-11
2	245	244	1
3	241	241	0
4	223	236	-13
5	231	239	-8
6	237	238	-1
7	241	251	-10
8	245	249	-4
9	265	246	19
10	266	256	10
11	283	260	23
12	282	245	37
13	270	245	25
14	267	247	20
15	267	248	19
16	266	239	27
17	255	236	19
18	252	237	15
19	248	246	2
20	247	245	2
21	237	249	-12
22	253	252	1
23	252	249	3
24	253	247	6
25	251	256	-5
26	251	251	0
27	272	256	16
28	271	254	17
29	249	251	-2
30	251	247	4
31	249	251	-2
32	252	249	3
33	250	260	-10
34	257	259	-2
35	253	261	-8
36	262	255	7
37	258	255	3
38	249	249	0
39	256	254	2
40	274	254	20
41	259	261	-2
42	252	265	-13
43	255	264	-9
44	268	254	14
45	276	255	21
46	267	262	5
47	257	260	-3
48	235	259	-24
49	253	268	-15
50	267	256	11
51	264	259	5
52	257	259	-2
53	272	257	15
54	277	255	22
55	255	260	-5
56	273	251	22
57	274	256	18
58	269	271	-2
59	244	267	-23
60	255	261	-6
61	255	273	-18
62	268	265	3
63	267	270	-3
64	255	265	-10
65	256	264	-8
66	265	266	-1
67	258	273	-15
68	250	258	-8
69	253	262	-9
70	287	262	25
71	296	260	36
72	301	260	41
73	278	261	17
74	261	260	1
75	244	265	-21
76	250	251	-1
77	275	263	12
78	265	264	1
79	269	266	3
80	265	265	0
81	256	264	-8
82	259	258	1
83	264	266	-2
84	299	271	28
85	268	266	2
86	269	253	16
87	284	259	25
88	282	257	25
89	272	267	5
90	283	270	13
91	254	275	-21
92	240	260	-20
93	233	258	-25
94	265	264	1
95	286	279	7
96	292	272	20
97	278	270	8
98	260	272	-12
99	264	274	-10
100	284	266	18
101	265	270	-5
102	258	258	0
103	255	260	-5
104	263	264	-1
105	266	263	3
106	269	266	3
107	258	266	-8
108	248	273	-25
109	250	279	-29
110	292	263	29
111	277	260	17
112	243	267	-24
113	228	275	-47
114	272	270	2
115	285	265	20
116	286	269	17
117	269	271	-2
118	266	264	2
119	249	269	-20
120	282	282	0
121	282	278	4
122	285	262	23
123	275	271	4
124	264	261	3
125	258	272	-14
126	273	260	13
127	278	259	19
128	271	264	7
129	286	272	14
130	283	272	11
131	283	272	11
132	283	263	20
133	278	270	8
134	273	271	2
135	252	270	-18
136	248	271	-23
137	261	277	-16
138	277	273	4
139	266	270	-4
140	277	269	8
141	273	270	3
142	281	266	15
143	291	283	8
144	265	282	-17
145	264	279	-15
146	272	277	-5
147	267	274	-7
148	257	262	-5
149	261	259	2
150	290	268	22
151	296	280	16
152	286	277	9
153	264	272	-8
154	263	272	-9
155	264	288	-24
156	290	270	20
157	285	263	22
158	275	269	6
159	272	272	0
160	281	267	14
161	283	276	7
162	266	274	-8
163	269	269	0
164	277	261	16
165	279	266	13
166	294	264	30
167	305	268	37
168	305	265	40
169	290	275	15
170	289	270	19
171	272	268	4
172	266	264	2
173	266	275	-9
174	283	271	12
175	285	271	14
176	281	268	13
177	262	271	-9
178	285	262	23
179	285	278	7
180	272	276	-4
181	277	280	-3
182	285	272	13
183	298	270	28
184	264	270	-6
185	261	278	-17
186	278	275	3
187	279	274	5
188	261	272	-11
189	263	273	-10
190	286	272	14
191	290	267	23
192	274	260	14
193	269	263	6
194	290	267	23
195	275	280	-5
196	298	260	38
197	284	265	19
198	271	276	-5
199	291	280	11
200	298	273	25
201	277	271	6
202	269	257	12
203	289	269	20
204	289	265	24
205	262	267	-5
206	271	265	6
207	276	269	7
208	280	269	11
209	285	269	16
210	260	274	-14
211	244	282	-38
212	273	268	5
213	281	275	6
214	275	270	5
215	281	275	6
216	285	273	12
217	268	271	-3
218	285	271	14
219	274	269	5
220	288	273	15
221	280	283	-3
222	276	276	0
223	268	280	-12
224	275	281	-6
225	291	281	10
226	285	272	13
227	273	274	-1
228	276	265	11
229	258	276	-18
230	270	269	1
231	286	272	14
232	285	275	10
233	277	275	2
234	290	273	17
235	290	268	22
236	294	267	27
237	298	274	24
238	288	269	19
239	275	273	2
240	298	272	26
241	286	280	6
242	285	283	2
243	283	271	12
244	270	267	3
245	275	271	4
246	289	265	24
247	277	266	11
248	272	264	8
249	255	276	-21
250	273	267	6
251	268	270	-2
252	262	267	-5
253	276	269	7
254	284	260	24
255	264	270	-6
256	254	267	-13
257	285	274	11
258	283	276	7
259	268	277	-9
260	251	265	-14
261	253	263	-10
262	258	262	-4
263	274	269	5
264	302	265	37
265	268	279	-11
266	261	266	-5
267	272	274	-2
268	260	277	-17
269	279	277	2
270	284	273	11
271	279	275	4
272	305	271	34
273	276	272	4
274	271	267	4
275	278	269	9
276	256	273	-17
277	270	280	-10
278	294	279	15
279	304	277	27
280	275	269	6
281	258	274	-16
282	280	269	11
283	277	269	8
284	277	264	13
285	254	264	-10
286	281	260	21
287	280	270	10
288	277	262	15
289	284	264	20
290	263	272	-9
291	261	281	-20
292	292	273	19
293	288	270	18
294	252	261	-9
295	243	263	-20
296	272	264	8
297	267	270	-3
298	265	278	-13
299	270	286	-16
300	289	270	19
301	292	271	21
302	310	273	37
303	313	271	42
304	289	261	28
305	279	260	19
306	290	265	25
307	290	279	11
308	284	264	20
309	273	259	14
310	288	271	17
311	286	268	18
312	275	262	13
313	256	273	-17
314	276	268	8
315	299	269	30
316	298	262	36
317	282	271	11
318	277	268	9
319	274	269	5
320	265	264	1
321	262	271	-9
322	272	259	13
323	274	264	10
324	292	260	32
325	289	259	30
326	276	262	14
327	266	277	-11
328	283	278	5
329	289	278	11
330	282	280	2
331	281	279	2
332	288	271	17
333	269	282	-13
334	270	280	-10
335	266	277	-11
336	262	274	-12
337	263	276	-13
338	282	264	18
339	273	268	5
340	302	275	27
341	283	269	14
342	272	271	1
343	275	283	-8
344	283	267	16
345	287	270	17
346	289	272	17
347	284	272	12
348	261	272	-11
349	249	278	-29
350	255	275	-20
351	268	275	-7
352	288	274	14
353	281	269	12
354	290	264	26
355	285	275	10
356	277	278	-1
357	268	278	-10
358	273	277	-4
359	283	282	1
360	267	277	-10
361	269	288	-19
362	270	275	-5
363	294	269	25
364	295	266	29
365	276	271	5
366	269	276	-7
367	275	273	2
368	282	266	16
369	276	284	-8
370	286	281	5
371	298	278	20
372	292	270	22
373	277	278	-1
374	285	284	1
375	265	279	-14
376	274	274	0
377	291	274	17
378	289	272	17
379	268	276	-8
380	283	275	8
381	278	279	-1
382	264	273	-9
383	265	271	-6
384	282	272	10
385	281	276	5
386	280	267	13
387	281	275	6
388	270	275	-5
389	280	275	5
390	285	268	17
391	278	271	7
392	264	272	-8
393	266	267	-1
394	274	274	0
395	309	272	37
396	290	277	13
397	267	281	-14
398	268	276	-8
399	256	280	-24
400	276	278	-2
401	282	274	8
402	285	268	17
403	279	274	5
404	278	279	-1
405	271	283	-12
406	273	269	4
407	275	270	5
408	277	264	13
409	279	267	12
410	294	257	37
411	291	269	22
412	272	274	-2
413	263	273	-10
414	279	267	12
415	279	282	-3
416	279	281	-2
417	282	275	7
418	286	270	16
419	282	266	16
420	292	263	29
421	297	264	33
422	300	263	37
423	272	264	8
424	270	259	11
425	292	269	23
426	295	275	20
427	274	272	2
428	267	271	-4
429	255	274	-19
430	267	270	-3
431	271	273	-2
432	253	267	-14
433	242	268	-26
434	270	262	8
435	286	271	15
436	282	272	10
437	265	266	-1
438	259	264	-5
439	266	270	-4
440	280	267	13
441	273	274	-1
442	274	267	7
443	306	261	45
444	307	272	35
445	280	279	1
446	279	271	8
447	285	271	14
448	257	273	-16
449	255	277	-22
450	260	273	-13
451	263	269	-6
452	290	271	19
453	271	269	2
454	267	265	2
455	288	267	21
456	270	274	-4
457	277	277	0
458	293	266	27
459	292	264	28
460	275	262	13
461	250	279	-29
462	271	283	-12
463	275	275	0
464	274	261	13
465	283	268	15
466	272	261	11
467	280	266	14
468	308	268	40
469	301	279	22
470	290	273	17
471	291	276	15
472	295	270	25
473	294	258	36
474	287	264	23
475	284	271	13
476	294	264	30
477	295	261	34
478	299	264	35
479	278	271	7
480	268	271	-3
481	276	275	1
482	282	263	19
483	268	255	13
484	285	261	24
485	291	274	17
486	280	268	12
487	284	271	13
488	276	268	8
489	278	263	15
490	278	253	25
491	275	269	6
492	293	275	18
493	288	268	20
494	265	262	3
495	270	265	5
496	275	266	9
497	262	273	-11
498	268	267	1
499	276	267	9
500	282	269	13
501	284	265	19
502	295	261	34
503	280	265	15
504	277	270	7
505	280	277	3
506	264	276	-12
507	273	272	1
508	290	262	28
509	252	265	-13
510	256	276	-20
511	258	275	-17
512	265	269	-4
513	292	278	14
514	282	277	5
515	257	265	-8
516	279	265	14
517	282	270	12
518	286	268	18
519	278	279	-1
520	294	272	22
521	290	273	17
522	272	269	3
523	281	270	11
524	282	270	12
525	256	274	-18
526	253	262	-9
527	277	259	18
528	287	265	22
529	281	267	14
530	293	265	28
531	291	270	21
532	306	268	38
533	298	282	16
534	287	276	11
535	272	279	-7
536	281	273	8
537	277	264	13
538	271	258	13
539	270	269	1
540	274	274	0
541	271	276	-5
542	269	273	-4
543	261	281	-20
544	272	279	-7
545	278	273	5
546	279	272	7
547	263	281	-18
548	286	275	11
549	280	275	5
550	287	268	19
551	275	275	0
552	281	270	11
553	292	271	21
554	294	271	23
555	293	276	17
556	280	265	15
557	280	273	7
558	278	269	9
559	262	268	-6
560	261	270	-9
561	263	277	-14
562	284	269	15
563	282	272	10
564	285	278	7
565	277	277	0
566	288	266	22
567	288	279	9
568	288	276	12
569	280	264	16
570	264	265	-1
571	260	272	-12
572	283	272	11
573	290	284	6
574	293	276	17
575	278	274	4
576	284	275	9
577	269	270	-1
578	269	264	5
579	261	271	-10
580	263	270	-7
581	283	274	9
582	299	267	32
583	306	267	39
584	283	270	13
585	259	282	-23
586	257	281	-24
587	275	279	-4
588	277	275	2
589	272	275	-3
590	284	269	15
591	300	270	30
592	289	259	30
593	288	260	28
594	280	270	10
595	262	279	-17
596	272	275	-3
597	273	279	-6
598	289	270	19
599	279	277	2
600	267	273	-6
601	282	272	10
602	277	265	12
603	269	263	6
604	292	260	32
605	306	272	34
606	291	269	22
607	277	268	9
608	289	274	15
609	286	273	13
610	301	274	27
611	268	275	-7
612	256	269	-13
613	275	275	0
614	277	275	2
615	268	276	-8
616	295	271	24
617	288	269	19
618	283	261	22
619	277	270	7
620	282	279	3
621	293	278	15
622	283	263	20
623	264	265	-1
624	292	266	26
625	289	273	16
626	279	272	7
627	290	271	19
628	293	273	20
629	276	270	6
630	275	262	13
631	279	269	10
632	271	273	-2
633	275	278	-3
634	292	265	27
635	285	267	18
636	261	266	-5
637	256	274	-18
638	271	271	0
639	268	266	2
640	290	272	18
641	289	277	12
642	281	272	9
643	276	283	-7
644	268	277	-9
645	266	279	-13
646	280	278	2
647	289	278	11
648	284	267	17
649	276	275	1
650	274	262	12
651	268	261	7
652	262	268	-6
653	251	269	-18
654	275	270	5
655	286	284	2
656	286	273	13
657	277	272	5
658	281	275	6
659	299	272	27
660	296	272	24
661	294	271	23
662	305	270	35
663	295	275	20
664	306	277	29
665	291	272	19
666	271	261	10
667	278	269	9
668	255	268	-13
669	277	276	1
670	303	275	28
671	265	270	-5
672	278	259	19
673	291	262	29
674	282	275	7
675	258	267	-9
676	257	271	-14
677	256	278	-22
678	278	269	9
679	268	274	-6
680	269	267	2
681	280	274	6
682	286	268	18
683	291	268	23
684	288	280	8
685	277	281	-4
686	269	270	-1
687	292	269	23
688	307	275	32
689	277	272	5
690	284	266	18
691	289	275	14
692	273	274	-1
693	270	264	6
694	280	265	15
695	290	268	22
696	279	275	4
697	262	275	-13
698	282	255	27
699	273	267	6
700	268	265	3
701	264	271	-7
702	262	270	-8
703	275	275	0
704	282	273	9
705	277	272	5
706	281	263	18
707	281	270	11
708	295	270	25
709	264	268	-4
710	279	267	12
711	266	275	-9
712	281	271	10
713	296	268	28
714	291	266	25
715	282	276	6
716	280	264	16
717	272	261	11
718	272	259	13
719	293	279	14
720	277	270	7
721	272	278	-6
722	285	269	16
723	265	266	-1
724	256	268	-12
725	273	256	17
726	280	262	18
727	266	270	-4
728	270	262	8
729	271	265	6
730	277	268	9
731	271	276	-5
732	267	270	-3
733	268	270	-2
734	270	264	6
735	279	268	11
736	275	265	10
737	261	268	-7
738	274	273	1
739	261	268	-7
740	257	267	-10
741	272	268	4
742	284	266	18
743	278	271	7
744	295	269	26
745	280	275	5
746	277	272	5
747	275	278	-3
748	261	272	-11
749	286	265	21
750	298	265	33
751	287	263	24
752	289	263	26
753	260	281	-21
754	257	271	-14
755	261	268	-7
756	273	266	7
757	271	277	-6
758	251	279	-28
759	265	269	-4
760	288	265	23
761	294	276	18
762	279	271	8
763	259	271	-12
764	264	264	0
765	253	277	-24
766	276	272	4
767	280	273	7
768	305	267	38
769	289	271	18
770	292	267	25
771	286	276	10
772	284	271	13
773	284	267	17
774	275	268	7
775	262	270	-8
776	288	265	23
777	282	280	2
778	254	276	-22
779	257	264	-7
780	257	266	-9
781	274	276	-2
782	279	272	7
783	270	280	-10
784	262	275	-13
785	261	277	-16
786	286	280	6
787	276	281	-5
788	265	261	4
789	282	268	14
790	277	272	5
791	261	281	-20
792	263	283	-20
793	264	281	-17
794	280	272	8
795	276	272	4
796	282	275	7
797	289	283	6
798	272	280	-8
799	269	271	-2
800	304	262	42
801	308	269	39
802	302	272	30
803	272	279	-7
804	280	272	8
805	278	269	9
806	281	264	17
807	289	262	27
808	282	266	16
809	273	276	-3
810	273	270	3
811	269	259	10
812	251	265	-14
813	252	283	-31
814	257	278	-21
815	274	272	2
816	274	269	5
817	268	272	-4
818	285	264	21
819	271	267	4
820	268	272	-4
821	278	272	6
822	292	271	21
823	291	270	21
824	285	269	16
825	270	282	-12
826	259	281	-22
827	265	278	-13
828	281	264	17
829	295	269	26
830	278	266	12
831	279	266	13
832	282	268	14
833	265	277	-12
834	278	277	1
835	285	279	6
836	285	269	16
837	272	273	-1
838	262	273	-11
839	275	271	4
840	296	259	37
841	284	262	22
842	268	268	0
843	271	274	-3
844	255	262	-7
845	261	266	-5
846	278	271	7
847	263	272	-9
848	261	268	-7
849	267	263	4
850	275	263	12
851	256	274	-18
852	249	274	-25
853	269	272	-3
854	278	267	11
855	293	268	25
856	276	270	6
857	266	264	2
858	277	269	8
859	265	275	-10
860	284	267	17
861	267	278	-11
862	260	272	-12
863	278	273	5
864	277	272	5
865	264	278	-14
866	291	274	17
867	275	272	3
868	276	272	4
869	272	272	0
870	261	264	-3
871	265	266	-1
872	278	264	14
873	285	274	11
874	268	268	0
875	254	273	-19
876	273	271	2
877	275	278	-3
878	270	265	5
879	287	264	23
880	284	255	29
881	265	268	-3
882	284	270	14
883	279	276	3
884	273	278	-5
885	284	274	10
886	300	263	37
887	282	264	18
888	272	265	7
889	262	273	-11
890	260	271	-11
891	257	266	-9
892	275	264	11
893	271	272	-1
894	273	270	3
895	254	278	-24
896	249	271	-22
897	268	274	-6
898	269	265	4
899	241	272	-31
900	261	270	-9
901	288	262	26
902	312	273	39
903	290	283	7
904	288	269	19
905	288	279	9
906	276	276	0
907	270	280	-10
908	283	274	9
909	274	277	-3
910	274	274	0
911	261	272	-11
912	264	262	2
913	277	269	8
914	262	273	-11
915	253	268	-15
916	247	262	-15
917	245	274	-29
918	262	269	-7
919	261	265	-4
920	273	263	10
921	274	274	0
922	266	271	-5
923	240	279	-39
924	261	271	-10
925	277	265	12
926	287	269	18
927	273	264	9
928	271	265	6
929	266	279	-13
930	278	266	12
931	286	267	19
932	267	276	-9
933	268	277	-9
934	301	271	30
935	290	275	15
936	258	269	-11
937	270	273	-3
938	277	266	11
939	285	272	13
940	282	269	13
941	260	272	-12
942	264	267	-3
943	286	269	17
944	281	273	8
945	256	280	-24
946	267	264	3
947	282	277	5
948	282	274	8
949	268	273	-5
950	283	271	12
951	296	271	25
952	270	261	9
953	254	272	-18
954	284	273	11
955	280	276	4
956	270	273	-3
957	266	272	-6
958	285	277	8
959	279	280	-1
960	247	276	-29
961	265	275	-10
962	272	268	4
963	262	281	-19
964	266	271	-5
965	241	267	-26
966	263	267	-4
967	274	273	1
968	277	263	14
969	283	269	14
970	270	270	0
971	276	276	0
972	277	282	-5
973	294	281	13
974	283	278	5
975	259	276	-17
976	280	271	9
977	273	272	1
978	278	273	5
979	280	282	-2
980	279	271	8
981	279	271	8
982	286	280	6
983	273	284	-11
984	294	272	22
985	281	276	5
986	282	271	11
987	264	268	-4
988	265	257	8
989	281	262	19
990	277	263	14
991	278	276	2
992	292	270	22
993	278	274	4
994	275	280	-5
995	262	271	-9
996	285	260	25
997	280	272	8
998	296	265	31
999	291	269	22
1000	280	273	7
1001	264	274	-10
1002	273	271	2
1003	274	274	0
1004	278	270	8
1005	287	273	14
1006	305	271	34
1007	304	269	35
1008	294	274	20
1009	272	282	-10
1010	281	279	2
1011	281	279	2
1012	282	276	6
1013	287	278	9
1014	294	274	20
1015	280	269	11
1016	265	276	-11
1017	273	276	-3
1018	279	268	11
1019	283	271	12
1020	276	279	-3
1021	265	279	-14
1022	276	267	9
1023	270	278	-8
1024	278	285	-7
1025	264	280	-16
1026	280	264	16
1027	295	268	27
1028	271	270	1
1029	282	277	5
1030	289	276	13
1031	259	274	-15
1032	261	264	-3
1033	274	273	1
1034	282	270	12
1035	252	266	-14
1036	270	264	6
1037	278	268	10
1038	278	274	4
1039	279	280	-1
1040	273	274	-1
1041	275	272	3
1042	286	261	25
1043	289	263	26
1044	282	262	20
1045	279	271	8
1046	271	263	8
1047	271	275	-4
1048	279	273	6
1049	265	275	-10
1050	294	274	20
1051	290	273	17
1052	295	274	21
1053	268	276	-8
1054	255	273	-18
1055	249	276	-27
1056	283	269	14
1057	299	271	28
1058	299	267	32
1059	297	269	28
1060	300	276	24
1061	285	280	5
1062	310	273	37
1063	316	278	38
1064	291	274	17
1065	268	276	-8
1066	297	267	30
1067	302	286	16
1068	300	275	25
1069	285	267	18
1070	284	263	21
1071	294	265	29
1072	266	268	-2
1073	255	279	-24
1074	259	276	-17
1075	261	270	-9
1076	261	268	-7
1077	255	269	-14
1078	275	272	3
1079	278	271	7
1080	295	268	27
1081	266	267	-1
1082	256	264	-8
1083	275	271	4
1084	292	265	27
1085	281	277	4
1086	275	275	0
1087	266	271	-5
1088	269	267	2
1089	278	275	3
1090	280	278	2
1091	277	283	-6
1092	268	271	-3
1093	263	271	-8
1094	282	275	7
1095	286	279	7
1096	300	269	31
1097	303	273	30
1098	293	272	21
1099	287	276	11
1100	268	274	-6
1101	271	272	-1
1102	281	273	8
1103	276	273	3
1104	288	267	21
1105	296	272	24
1106	293	280	13
1107	265	273	-8
1108	265	260	5
1109	278	270	8
1110	273	273	0
1111	279	274	5
1112	286	260	26
1113	255	265	-10
1114	265	269	-4
1115	275	283	-8
1116	282	279	3
1117	268	278	-10
1118	273	273	0
1119	279	271	8
1120	278	275	3
1121	265	267	-2
1122	274	269	5
1123	264	277	-13
1124	256	277	-21
1125	264	277	-13
1126	289	264	25
1127	266	272	-6
1128	269	282	-13
1129	281	272	9
1130	267	264	3
1131	272	276	-4
1132	268	272	-4
1133	263	273	-10
1134	277	279	-2
1135	288	275	13
1136	271	273	-2
1137	264	282	-18
1138	306	271	35
1139	309	269	40
1140	284	274	10
1141	294	275	19
1142	276	273	3
1143	271	278	-7
1144	282	274	8
1145	289	278	11
1146	288	277	11
1147	287	275	12
1148	297	271	26
1149	297	284	13
1150	296	278	18
1151	275	272	3
1152	302	270	32
1153	286	263	23
1154	273	264	9
1155	292	277	15
1156	281	276	5
1157	272	286	-14
1158	284	277	7
1159	293	272	21
1160	294	280	14
1161	286	285	1
1162	270	272	-2
1163	271	270	1
1164	295	271	24
1165	300	284	16
1166	284	275	9
1167	284	268	16
1168	300	273	27
1169	278	268	10
1170	289	267	22
1171	280	276	4
1172	276	270	6
1173	273	271	2
1174	284	275	9
1175	274	274	0
1176	283	259	24
1177	273	266	7
1178	282	279	3
1179	271	283	-12
1180	272	274	-2
1181	285	275	10
1182	304	270	34
1183	306	271	35
1184	270	268	2
1185	254	277	-23
1186	284	274	10
1187	298	272	26
1188	289	266	23
1189	282	270	12
1190	297	274	23
1191	298	270	28
1192	282	270	12
1193	273	282	-9
1194	278	284	-6
1195	264	277	-13
1196	275	272	3
1197	278	273	5
1198	286	277	9
1199	288	278	10
1200	297	275	22
1201	305	273	32
1202	288	271	17
1203	277	278	-1
1204	287	270	17
1205	291	278	13
1206	288	271	17
1207	280	263	17
1208	278	262	16
1209	291	269	22
1210	286	261	25
1211	282	276	6
1212	285	278	7
1213	301	275	26
1214	285	268	17
1215	272	274	-2
1216	266	272	-6
1217	292	267	25
1218	292	262	30
1219	287	273	14
1220	300	269	31
1221	293	274	19
1222	311	264	47
1223	312	265	47
1224	304	263	41
1225	301	273	28
1226	297	274	23
1227	297	270	27
1228	297	269	28
1229	303	267	36
1230	292	262	30
1231	269	274	-5
1232	284	277	7
1233	296	271	25
1234	288	272	16
1235	281	283	-2
1236	284	274	10
1237	284	278	6
1238	286	269	17
1239	283	278	5
1240	291	276	15
1241	283	273	10
1242	285	266	19
1243	275	262	13
1244	275	265	10
1245	280	273	7
1246	280	268	12
1247	276	271	5
1248	299	262	37
1249	303	266	37
1250	298	265	33
1251	292	272	20
1252	307	279	28
1253	299	281	18
1254	285	271	14
1255	265	270	-5
1256	261	269	-8
1257	272	269	3
1258	291	271	20
1259	299	276	23
1260	294	275	19
1261	288	284	4
1262	287	274	13
1263	285	270	15
1264	293	273	20
1265	286	282	4
1266	281	267	14
1267	293	263	30
1268	292	266	26
1269	264	268	-4
1270	277	261	16
1271	288	264	24
1272	290	264	26
1273	288	268	20
1274	301	270	31
1275	299	276	23
1276	297	271	26
1277	286	278	8
1278	275	277	-2
1279	268	280	-12
1280	268	276	-8
1281	287	269	18
1282	310	271	39
1283	297	273	24
1284	266	264	2
1285	260	271	-11
1286	290	266	24
1287	276	267	9
1288	267	259	8
1289	250	270	-20
1290	280	268	12
1291	287	276	11
1292	272	277	-5
1293	265	271	-6
1294	287	263	24
1295	286	266	20
1296	278	268	10
1297	279	275	4
1298	276	267	9
1299	278	270	8
1300	294	267	27
1301	306	269	37
1302	301	266	35
1303	267	270	-3
1304	266	265	1
1305	269	281	-12
1306	277	283	-6
1307	289	267	22
1308	294	266	28
1309	286	270	16
1310	281	274	7
1311	270	281	-11
1312	287	267	20
1313	294	262	32
1314	289	260	29
1315	300	272	28
1316	299	267	32
1317	277	260	17
1318	273	264	9
1319	289	273	16
1320	291	271	20
1321	298	273	25
1322	286	270	16
1323	263	266	-3
1324	278	262	16
1325	286	272	14
1326	303	268	35
1327	304	262	42
1328	295	270	25
1329	276	274	2
1330	265	272	-7
1331	257	265	-8
1332	268	267	1
1333	292	277	15
1334	314	277	37
1335	279	266	13
1336	267	261	6
1337	274	271	3
1338	285	272	13
1339	291	278	13
1340	277	265	12
1341	262	266	-4
1342	291	267	24
1343	277	277	0
1344	278	274	4
1345	290	272	18
1346	278	264	14
1347	274	266	8
1348	288	268	20
1349	294	274	20
1350	320	268	52
1351	294	265	29
1352	253	258	-5
1353	264	270	-6
1354	296	274	22
1355	283	266	17
1356	285	266	19
1357	259	265	-6
1358	266	258	8
1359	280	262	18
1360	283	259	24
1361	274	266	8
1362	293	267	26
1363	289	269	20
1364	283	260	23
1365	278	267	11
1366	297	265	32
1367	293	266	27
1368	294	265	29
1369	293	274	19
1370	293	278	15
1371	291	281	10
1372	298	272	26
1373	287	275	12
1374	282	274	8
1375	286	267	19
1376	286	260	26
1377	272	271	1
1378	287	272	15
1379	286	271	15
1380	298	271	27
1381	294	273	21
1382	260	269	-9
1383	288	277	11
1384	312	268	44
1385	289	272	17
1386	295	271	24
1387	304	282	22
1388	307	265	42
1389	288	267	21
1390	275	264	11
1391	272	274	-2
1392	296	270	26
1393	289	275	14
1394	280	271	9
1395	276	270	6
1396	277	271	6
1397	285	263	22
1398	294	266	28
1399	276	273	3
1400	288	275	13
1401	289	273	16
1402	287	272	15
1403	280	276	4
1404	269	279	-10
1405	292	279	13
1406	302	267	35
1407	289	277	12
1408	297	271	26
1409	290	282	8
1410	299	271	28
1411	290	280	10
1412	294	285	9
1413	306	277	29
1414	305	262	43
1415	279	264	15
1416	279	264	15
1417	291	276	15
1418	288	278	10
1419	280	269	11
1420	275	263	12
1421	288	276	12
1422	286	274	12
1423	281	276	5
1424	291	274	17
1425	278	271	7
1426	289	275	14
1427	311	275	36
1428	297	274	23
1429	269	269	0
1430	289	268	21
1431	291	275	16
1432	299	262	37
1433	282	267	15
1434	272	261	11
1435	275	273	2
1436	279	266	13
1437	272	268	4
1438	285	277	8
1439	282	270	12
1440	275	267	8
1441	282	282	0
1442	297	275	22
1443	298	274	24
1444	281	270	11
1445	282	276	6
1446	302	274	28
1447	266	269	-3
1448	279	272	7
1449	285	276	9
1450	276	274	2
1451	276	279	-3
1452	286	269	17
1453	272	277	-5
1454	279	273	6
1455	283	273	10
1456	300	270	30
1457	296	283	13
1458	297	281	16
1459	303	273	30
1460	294	258	36
1461	290	271	19
1462	295	272	23
1463	275	271	4
1464	271	262	9
1465	271	267	4
1466	278	272	6
1467	267	270	-3
1468	268	250	18
1469	305	277	28
1470	313	267	46
1471	289	277	12
1472	273	272	1
1473	281	272	9
1474	291	273	18
1475	277	280	-3
1476	289	269	20
1477	287	274	13
1478	302	277	25
1479	291	276	15
1480	291	275	16
1481	300	279	21
1482	277	271	6
1483	286	276	10
1484	312	273	39
1485	276	271	5
1486	267	271	-4
1487	252	275	-23
1488	276	273	3
1489	279	272	7
1490	287	263	24
1491	270	281	-11
1492	291	275	16
1493	287	274	13
1494	284	272	12
1495	284	275	9
1496	290	273	17
1497	278	281	-3
1498	254	268	-14
1499	244	267	-23
1500	273	268	5
1501	297	276	21
1502	300	271	29
1503	289	271	18
1504	289	275	14
1505	275	272	3
1506	283	264	19
1507	281	268	13
1508	286	267	19
1509	275	268	7
1510	270	272	-2
1511	273	286	-13
1512	285	279	6
1513	281	267	14
1514	294	267	27
1515	268	272	-4
1516	266	267	-1
1517	278	269	9
1518	301	257	44
1519	308	271	37
1520	293	277	16
1521	258	268	-10
1522	268	278	-10
1523	270	285	-15
1524	281	270	11
1525	273	276	-3
1526	279	275	4
1527	288	280	8
1528	288	271	17
1529	290	267	23
1530	301	264	37
1531	305	277	28
1532	285	270	15
1533	294	271	23
1534	307	276	31
1535	291	272	19
1536	265	269	-4
1537	270	275	-5
1538	316	269	47
1539	328	275	53
1540	290	273	17
1541	280	275	5
1542	291	272	19
1543	283	275	8
1544	273	270	3
1545	277	271	6
1546	281	265	16
1547	281	267	14
1548	283	271	12
1549	280	282	-2
1550	299	267	32
1551	291	270	21
1552	280	263	17
1553	280	278	2
1554	293	285	8
1555	287	275	12
1556	296	268	28
1557	305	277	28
1558	289	276	13
1559	285	264	21
1560	295	261	34
1561	307	268	39
1562	304	272	32
1563	300	274	26
1564	291	266	25
1565	267	269	-2
1566	291	273	18
1567	291	274	17
1568	286	270	16
1569	292	269	23
1570	278	274	4
1571	270	275	-5
1572	282	269	13
1573	286	272	14
1574	295	254	41
1575	278	270	8
1576	266	273	-7
1577	278	266	12
1578	304	257	47
1579	280	269	11
1580	278	268	10
1581	289	278	11
1582	291	272	19
1583	291	264	27
1584	285	258	27
1585	264	264	0
1586	269	262	7
1587	286	260	26
1588	274	263	11
1589	280	270	10
1590	290	272	18
1591	278	268	10
1592	290	260	30
1593	308	263	45
1594	284	264	20
1595	284	270	14
1596	277	268	9
1597	286	279	7
1598	293	276	17
1599	284	278	6
1600	290	278	12
1601	306	280	26
1602	305	278	27
1603	283	285	-2
1604	282	282	0
1605	278	271	7
1606	263	269	-6
1607	279	273	6
1608	272	269	3
1609	266	278	-12
1610	299	275	24
1611	298	267	31
1612	294	271	23
1613	273	279	-6
1614	283	272	11
1615	263	270	-7
1616	281	257	24
1617	299	267	32
1618	293	270	23
1619	300	277	23
1620	284	265	19
1621	283	267	16
1622	296	262	34
1623	293	264	29
1624	289	269	20
1625	299	276	23
1626	290	270	20
1627	268	271	-3
1628	273	266	7
1629	280	272	8
1630	261	268	-7
1631	261	273	-12
1632	274	271	3
1633	275	271	4
1634	296	265	31
1635	317	270	47
1636	291	271	20
1637	280	277	3
1638	288	278	10
1639	264	275	-11
1640	274	270	4
1641	282	273	9
1642	294	269	25
1643	280	281	-1
1644	299	277	22
1645	297	272	25
1646	289	272	17
1647	293	276	17
1648	275	271	4
1649	257	277	-20
1650	266	261	5
1651	271	265	6
1652	275	268	7
1653	279	276	3
1654	301	274	27
1655	273	272	1
1656	284	258	26
1657	279	254	25
1658	279	264	15
1659	283	280	3
1660	287	274	13
1661	303	269	34
1662	286	262	24
1663	276	273	3
1664	298	275	23
1665	282	277	5
1666	277	265	12
1667	273	267	6
1668	293	264	29
1669	301	272	29
1670	268	270	-2
1671	264	280	-16
1672	276	265	11
1673	272	266	6
1674	279	265	14
1675	273	267	6
1676	274	272	2
1677	271	277	-6
1678	276	281	-5
1679	292	278	14
1680	286	273	13
1681	279	275	4
1682	292	274	18
1683	289	286	3
1684	287	284	3
1685	291	264	27
1686	296	248	48
1687	278	259	19
1688	287	274	13
1689	287	274	13
1690	265	271	-6
1691	279	279	0
1692	277	272	5
1693	272	275	-3
1694	286	266	20
1695	282	273	9
1696	294	276	18
1697	299	281	18
1698	301	281	20
1699	295	286	9
1700	298	270	28
1701	301	273	28
1702	294	276	18
1703	307	275	32
1704	290	278	12
1705	275	279	-4
1706	287	263	24
1707	268	273	-5
1708	277	275	2
1709	292	275	17
1710	282	267	15
1711	292	268	24
1712	292	262	30
1713	280	275	5
1714	307	271	36
1715	305	271	34
1716	289	278	11
1717	307	276	31
1718	307	273	34
1719	303	271	32
1720	302	271	31
1721	287	278	9
1722	287	274	13
1723	284	269	15
1724	301	271	30
1725	292	274	18
1726	295	275	20
1727	303	270	33
1728	289	263	26
1729	273	271	2
1730	262	269	-7
1731	266	264	2
1732	286	270	16
1733	273	277	-4
1734	286	276	10
1735	301	284	17
1736	299	273	26
1737	285	274	11
1738	294	265	29
1739	284	277	7
1740	285	266	19
1741	301	267	34
1742	300	269	31
1743	267	279	-12
1744	274	269	5
1745	279	271	8
1746	274	269	5
1747	308	276	32
1748	291	271	20
1749	270	274	-4
1750	281	270	11
1751	284	274	10
1752	303	274	29
1753	301	285	16
1754	301	275	26
1755	298	277	21
1756	297	272	25
1757	281	273	8
1758	303	273	30
1759	301	272	29
1760	311	260	51
1761	298	270	28
1762	280	274	6
1763	277	281	-4
1764	280	279	1
1765	282	277	5
1766	289	272	17
1767	294	275	19
1768	296	273	23
1769	289	278	11
1770	290	277	13
1771	295	280	15
1772	287	275	12
1773	297	282	15
1774	304	280	24
1775	279	282	-3
1776	284	269	15
1777	282	276	6
1778	295	284	11
1779	292	280	12
1780	287	272	15
1781	296	278	18
1782	295	276	19
1783	291	277	14
1784	289	284	5
1785	291	285	6
1786	289	273	16
1787	276	278	-2
1788	284	273	11
1789	280	271	9
1790	278	276	2
1791	303	280	23
1792	294	272	22
1793	277	273	4
1794	274	269	5
1795	285	276	9
1796	284	263	21
1797	274	280	-6
1798	297	274	23
1799	291	275	16
1800	281	276	5
1801	278	274	4
1802	293	278	15
1803	293	282	11
1804	321	276	45
1805	296	276	20
1806	289	271	18
1807	289	270	19
1808	288	270	18
1809	276	275	1
1810	275	275	0
1811	284	275	9
1812	319	266	53
1813	306	271	35
1814	301	272	29
1815	287	277	10
1816	283	271	12
1817	288	268	20
1818	271	267	4
1819	263	276	-13
1820	278	267	11
1821	284	267	17
1822	294	276	18
1823	285	277	8
1824	289	269	20
1825	289	275	14
1826	295	269	26
1827	300	274	26
1828	293	281	12
1829	297	277	20
1830	279	271	8
1831	281	284	-3
1832	305	275	30
1833	305	270	35
1834	297	273	24
1835	303	267	36
1836	289	272	17
1837	280	271	9
1838	295	275	20
1839	302	273	29
1840	297	261	36
1841	288	265	23
1842	288	276	12
1843	270	287	-17
1844	269	274	-5
1845	287	271	16
1846	294	259	35
1847	272	279	-7
1848	269	275	-6
1849	263	272	-9
1850	290	270	20
1851	293	271	22
1852	277	272	5
1853	286	273	13
1854	315	268	47
1855	304	285	19
1856	305	278	27
1857	280	271	9
1858	282	266	16
1859	302	267	35
1860	301	271	30
1861	289	273	16
1862	298	270	28
1863	275	271	4
1864	293	261	32
1865	272	269	3
1866	273	266	7
1867	278	275	3
1868	277	283	-6
1869	283	282	1
1870	302	276	26
1871	304	275	29
1872	277	272	5
1873	291	270	21
1874	320	269	51
1875	315	277	38
1876	303	272	31
1877	306	278	28
1878	301	275	26
1879	288	281	7
1880	278	262	16
1881	296	265	31
1882	305	266	39
1883	294	276	18
1884	255	279	-24
1885	258	271	-13
1886	299	267	32
1887	296	263	33
1888	295	261	34
1889	298	275	23
1890	325	266	59
1891	310	271	39
1892	302	267	35
1893	306	269	37
1894	305	263	42
1895	287	269	18
1896	314	267	47
1897	304	274	30
1898	294	265	29
1899	304	271	33
1900	323	265	58
1901	297	266	31
1902	277	264	13
1903	280	283	-3
1904	284	277	7
1905	278	267	11
1906	297	273	24
1907	310	279	31
1908	277	280	-3
1909	272	286	-14
1910	310	281	29
1911	295	280	15
1912	286	269	17
1913	296	270	26
1914	277	278	-1
1915	275	287	-12
1916	283	269	14
1917	293	264	29
1918	312	265	47
1919	315	281	34
1920	302	274	28
1921	307	285	22
1922	298	269	29
1923	285	266	19
1924	303	273	30
1925	304	272	32
1926	299	257	42
1927	282	267	15
1928	294	276	18
1929	284	276	8
1930	278	273	5
1931	286	272	14
1932	298	272	26
1933	312	265	47
1934	324	271	53
1935	293	272	21
1936	313	273	40
1937	313	276	37
1938	310	270	40
1939	308	276	32
1940	324	272	52
1941	311	274	37
1942	294	271	23
1943	303	273	30
1944	313	261	52
1945	300	271	29
1946	295	273	22
1947	276	271	5
1948	272	257	15
1949	294	260	34
1950	328	264	64
1951	308	274	34
1952	294	274	20
1953	304	278	26
1954	296	264	32
1955	311	270	41
1956	296	273	23
1957	312	273	39
1958	298	279	19
1959	281	288	-7
1960	306	277	29
1961	304	278	26
1962	299	270	29
1963	309	272	37
1964	311	277	34
1965	293	288	5
1966	305	283	22
1967	307	285	22
1968	314	273	41
1969	307	272	35
1970	300	268	32
1971	308	271	37
1972	305	266	39
1973	295	269	26
1974	311	266	45
1975	316	271	45
1976	328	267	61
1977	336	269	67
1978	303	263	40
1979	293	270	23
1980	313	268	45
1981	316	277	39
1982	320	280	40
1983	315	278	37
1984	311	267	44
1985	326	276	50
1986	306	272	34
1987	305	278	27
1988	322	268	54
1989	321	266	55
1990	314	270	44
1991	312	268	44
1992	319	264	55
1993	316	276	40
1994	328	274	54
1995	325	274	51
1996	325	268	57
1997	322	275	47
1998	324	277	47
1999	336	284	52
2000	358	277	81
2001	347	273	74
2002	328	275	53
2003	316	274	42
2004	345	269	76
2005	324	274	50
2006	323	267	56
2007	350	270	80
2008	349	268	81
2009	338	269	69
2010	332	266	66
2011	344	259	85
2012	343	264	79
2013	322	273	49
2014	323	269	54
2015	334	269	65
2016	307	269	38
2017	318	269	49
2018	351	262	89
2019	340	275	65
2020	353	281	72
2021	346	273	73
2022	363	263	100
2023	357	280	77
2024	336	268	68
2025	326	266	60
2026	319	272	47
2027	348	270	78
2028	345	268	77
2029	342	270	72
2030	347	261	86
2031	348	280	68
2032	347	274	73
2033	330	276	54
2034	332	273	59
2035	337	275	62
2036	354	266	88
2037	354	269	85
2038	348	274	74
2039	327	274	53
2040	335	276	59
2041	347	284	63
2042	350	273	77
2043	360	278	82
2044	365	282	83
2045	351	281	70
2046	354	277	77
2047	341	278	63
2048	340	271	69
2049	340	274	66
2050	374	276	98
2051	371	282	89
2052	353	277	76
2053	352	277	75
2054	372	275	97
2055	367	273	94
2056	363	274	89
2057	353	277	76
2058	360	279	81
2059	354	273	81
2060	371	269	102
2061	355	284	71
2062	348	276	72
2063	372	277	95
2064	372	272	100
2065	367	271	96
2066	368	277	91
2067	367	278	89
2068	370	278	92
2069	367	284	83
2070	385	274	111
2071	364	275	89
2072	365	276	89
2073	372	281	91
2074	382	274	108
2075	395	277	118
2076	388	275	113
2077	364	284	80
2078	375	277	98
2079	387	278	109
2080	395	278	117
2081	402	278	124
2082	385	274	111
2083	353	278	75
2084	373	275	98
2085	403	273	130
2086	393	273	120
2087	376	274	102
2088	364	271	93
2089	364	274	90
2090	376	276	100
2091	388	278	110
2092	391	262	129
2093	400	273	127
2094	402	265	137
2095	393	264	129
2096	396	269	127
2097	402	281	121
2098	425	282	143
2099	400	273	127
2100	412	265	147
2101	419	275	144
2102	401	268	133
2103	417	271	146
2104	413	259	154
2105	384	262	122
2106	386	270	116
2107	415	272	143
2108	425	274	151
2109	414	279	135
2110	400	269	131
2111	383	270	113
2112	416	271	145
2113	419	271	148
2114	425	264	161
2115	415	273	142
2116	407	272	135
2117	416	273	143
2118	431	268	163
2119	416	271	145
2120	414	264	150
2121	397	268	129
2122	403	272	131
2123	398	270	128
2124	410	272	138
2125	404	285	119
2126	396	281	115
2127	403	275	128
2128	419	273	146
2129	414	272	142
2130	432	269	163
2131	415	275	140
2132	423	275	148
2133	412	284	128
2134	407	278	129
2135	408	269	139
2136	429	274	155
2137	455	272	183
2138	436	267	169
2139	438	276	162
2140	440	272	168
2141	426	278	148
2142	439	274	165
2143	452	282	170
2144	464	277	187
2145	417	270	147
2146	424	272	152
2147	442	271	171
2148	438	256	182
2149	416	266	150
2150	433	274	159
2151	435	278	157
2152	433	275	158
2153	442	273	169
2154	444	276	168
2155	425	275	150
2156	444	272	172
2157	454	265	189
2158	438	268	170
2159	433	281	152
2160	431	272	159
2161	402	284	118
2162	439	282	157
2163	465	267	198
2164	464	265	199
2165	433	277	156
2166	446	267	179
2167	456	264	192
2168	469	267	202
2169	472	270	202
2170	462	267	195
2171	474	274	200
2172	453	271	182
2173	442	271	171
2174	459	270	189
2175	464	281	183
2176	473	273	200
2177	435	279	156
2178	444	281	163
2179	450	269	181
2180	456	268	188
2181	460	274	186
2182	466	266	200
2183	469	261	208
2184	492	267	225
2185	481	277	204
2186	450	267	183
2187	471	274	197
2188	489	268	221
2189	474	282	192
2190	468	275	193
2191	457	266	191
2192	493	277	216
2193	484	284	200
2194	489	277	212
2195	476	271	205
2196	472	271	201
2197	479	269	210
2198	477	278	199
2199	474	281	193
2200	480	275	205
2201	456	273	183
2202	440	268	172
2203	450	277	173
2204	485	270	215
2205	500	276	224
2206	498	274	224
2207	478	277	201
2208	472	277	195
2209	485	276	209
2210	498	270	228
2211	467	275	192
2212	477	265	212
2213	484	266	218
2214	476	262	214
2215	493	269	224
2216	521	271	250
2217	518	276	242
2218	479	252	227
2219	470	282	188
2220	510	281	229
2221	502	272	230
2222	493	268	225
2223	480	273	207
2224	495	263	232
2225	482	269	213
2226	490	280	210
2227	472	281	191
2228	468	272	196
2229	478	277	201
2230	480	276	204
2231	486	270	216
2232	473	259	214
2233	486	276	210
2234	507	276	231
2235	471	272	199
2236	482	266	216
2237	495	274	221
2238	471	262	209
2239	468	274	194
2240	496	279	217
2241	497	278	219
2242	494	279	215
2243	472	280	192
2244	490	265	225
2245	491	280	211
2246	488	273	215
2247	503	279	224
2248	512	272	240
2249	489	280	209
2250	483	274	209
2251	488	272	216
2252	469	263	206
2253	457	279	178
2254	481	281	200
2255	480	269	211
2256	499	269	230
2257	514	273	241
2258	525	277	248
2259	498	279	219
2260	495	281	214
2261	492	284	208
2262	500	274	226
2263	481	279	202
2264	472	269	203
2265	475	272	203
2266	509	265	244
2267	492	274	218
2268	486	280	206
2269	476	284	192
2270	477	276	201
2271	496	276	220
2272	494	282	212
2273	476	280	196
2274	476	272	204
2275	479	270	209
2276	481	264	217
2277	491	282	209
2278	502	275	227
2279	484	267	217
2280	488	279	209
2281	470	280	190
2282	496	273	223
2283	486	274	212
2284	482	262	220
2285	481	266	215
2286	498	274	224
2287	510	281	229
2288	505	271	234
2289	510	273	237
2290	517	277	240
2291	510	273	237
2292	493	263	230
2293	469	275	194
2294	472	270	202
2295	480	282	198
2296	501	281	220
2297	500	284	216
2298	490	289	201
2299	492	291	201
2300	508	265	243
2301	524	266	258
2302	525	275	250
2303	518	279	239
2304	503	278	225
2305	501	279	222
2306	509	268	241
2307	490	278	212
2308	491	283	208
2309	487	279	208
2310	526	275	251
2311	506	286	220
2312	504	284	220
2313	513	279	234
2314	521	279	242
2315	514	285	229
2316	544	276	268
2317	533	273	260
2318	506	269	237
2319	493	275	218
2320	512	267	245
2321	508	277	231
2322	492	269	223
2323	509	260	249
2324	521	270	251
2325	506	282	224
2326	520	279	241
2327	512	271	241
2328	506	275	231
2329	508	280	228
2330	515	273	242
2331	465	282	183
2332	492	275	217
2333	515	276	239
2334	533	275	258
2335	520	271	249
2336	518	280	238
2337	509	287	222
2338	506	275	231
2339	530	272	258
2340	533	273	260
2341	523	273	250
2342	528	264	264
2343	526	266	260
2344	542	271	271
2345	532	282	250
2346	524	278	246
2347	526	281	245
2348	521	276	245
2349	530	285	245
2350	559	281	278
2351	545	280	265
2352	512	269	243
2353	514	271	243
2354	550	270	280
2355	528	281	247
2356	519	270	249
2357	541	276	265
2358	552	282	270
2359	529	291	238
2360	526	277	249
2361	534	275	259
2362	531	277	254
2363	514	280	234
2364	530	266	264
2365	548	269	279
2366	499	277	222
2367	499	281	218
2368	515	275	240
2369	533	278	255
2370	556	281	275
2371	538	282	256
2372	537	271	266
2373	538	269	269
2374	522	269	253
2375	526	280	246
2376	524	274	250
2377	515	275	240
2378	536	269	267
2379	528	270	258
2380	544	272	272
2381	566	276	290
2382	537	264	273
2383	500	263	237
2384	521	270	251
2385	545	271	274
2386	523	261	262
2387	546	264	282
2388	556	267	289
2389	553	280	273
2390	553	274	279
2391	535	280	255
2392	526	270	256
2393	527	272	255
2394	553	269	284
2395	562	276	286
2396	565	272	293
2397	531	275	256
2398	548	275	273
2399	556	279	277
2400	553	279	274
2401	556	277	279
2402	549	275	274
2403	560	281	279
2404	557	282	275
2405	565	280	285
2406	544	271	273
2407	545	275	270
2408	549	269	280
2409	536	265	271
2410	542	268	274
2411	557	276	281
2412	533	274	259
2413	536	272	264
2414	568	269	299
2415	569	277	292
2416	547	268	279
2417	533	275	258
2418	555	278	277
2419	544	276	268
2420	561	273	288
2421	555	267	288
2422	559	272	287
2423	561	278	283
2424	558	271	287
2425	558	273	285
2426	556	273	283
2427	551	268	283
2428	570	266	304
2429	596	279	317
2430	588	277	311
2431	559	271	288
2432	571	265	306
2433	562	268	294
2434	576	262	314
2435	592	270	322
2436	579	268	311
2437	565	273	292
2438	593	268	325
2439	581	274	307
2440	564	267	297
2441	559	267	292
2442	578	275	303
2443	574	275	299
2444	573	267	306
2445	585	279	306
2446	583	267	316
2447	549	267	282
2448	540	266	274
2449	567	272	295
2450	581	274	307
2451	563	268	295
2452	574	251	323
2453	576	266	310
2454	584	274	310
2455	553	270	283
2456	555	263	292
2457	577	272	305
2458	586	267	319
2459	588	267	321
2460	576	272	304
2461	558	278	280
2462	577	266	311
2463	615	273	342
2464	601	277	324
2465	578	281	297
2466	571	280	291
2467	586	278	308
2468	579	274	305
2469	556	272	284
2470	558	257	301
2471	545	272	273
2472	574	276	298
2473	590	276	314
2474	594	272	322
2475	582	280	302
2476	567	265	302
2477	571	263	308
2478	575	267	308
2479	550	273	277
2480	566	270	296
2481	557	264	293
2482	573	267	306
2483	583	286	297
2484	580	277	303
2485	548	273	275
2486	569	265	304
2487	559	275	284
2488	577	274	303
2489	585	272	313
2490	561	269	292
2491	559	283	276
2492	577	281	296
2493	565	272	293
2494	569	270	299
2495	591	269	322
2496	569	262	307
2497	564	263	301
2498	609	274	335
2499	586	277	309
2500	588	273	315
2501	567	273	294
2502	543	267	276
2503	544	261	283
2504	577	272	305
2505	583	279	304
2506	565	269	296
2507	560	277	283
2508	562	281	281
2509	585	280	305
2510	585	277	308
2511	554	274	280
2512	582	268	314
2513	582	270	312
2514	596	262	334
2515	586	264	322
2516	598	268	330
2517	589	267	322
2518	563	273	290
2519	564	279	285
2520	565	276	289
2521	572	278	294
2522	599	271	328
2523	570	267	303
2524	573	262	311
2525	604	281	323
2526	593	274	319
2527	573	268	305
2528	572	274	298
2529	598	272	326
2530	611	268	343
2531	568	271	297
2532	558	272	286
2533	576	274	302
2534	603	275	328
2535	575	272	303
2536	599	263	336
2537	582	259	323
2538	577	265	312
2539	565	275	290
2540	581	265	316
2541	573	273	300
2542	569	267	302
2543	592	269	323
2544	594	268	326
2545	607	272	335
2546	601	269	332
2547	577	281	296
2548	573	276	297
2549	581	272	309
2550	589	264	325
2551	563	274	289
2552	577	272	305
2553	579	280	299
2554	602	273	329
2555	593	278	315
2556	577	274	303
2557	575	272	303
2558	585	271	314
2559	594	267	327
2560	609	261	348
2561	570	277	293
2562	569	269	300
2563	568	271	297
2564	552	276	276
2565	572	280	292
2566	577	271	306
2567	564	268	296
2568	566	272	294
2569	579	270	309
2570	570	267	303
2571	563	269	294
2572	579	277	302
2573	570	286	284
2574	580	272	308
2575	576	275	301
2576	583	273	310
2577	576	279	297
2578	566	275	291
2579	581	266	315
2580	579	265	314
2581	566	273	293
2582	592	275	317
2583	578	275	303
2584	570	272	298
2585	572	269	303
2586	601	270	331
2587	584	273	311
2588	589	277	312
2589	586	275	311
2590	575	270	305
2591	556	274	282
2592	563	276	287
2593	564	273	291
2594	569	272	297
2595	572	266	306
2596	588	265	323
2597	583	270	313
2598	587	271	316
2599	588	269	319
2600	586	271	315
2601	584	273	311
2602	582	269	313
2603	570	271	299
2604	594	276	318
2605	599	275	324
2606	592	271	321
2607	573	280	293
2608	579	276	303
2609	608	274	334
2610	601	262	339
2611	578	262	316
2612	580	277	303
2613	595	285	310
2614	564	262	302
2615	567	267	300
2616	604	271	333
2617	571	276	295
2618	570	273	297
2619	578	282	296
2620	576	270	306
2621	580	273	307
2622	575	274	301
2623	547	280	267
2624	590	264	326
2625	609	263	346
2626	583	265	318
2627	565	268	297
2628	553	267	286
2629	548	262	286
2630	550	253	297
2631	575	277	298
2632	580	274	306
2633	578	268	310
2634	576	273	303
2635	562	286	276
2636	581	278	303
2637	569	274	295
2638	579	265	314
2639	562	266	296
2640	562	263	299
2641	590	268	322
2642	584	256	328
2643	585	268	317
2644	586	266	320
2645	571	265	306
2646	553	266	287
2647	554	265	289
2648	572	265	307
2649	568	275	293
2650	573	275	298
2651	609	270	339
2652	612	267	345
2653	588	272	316
2654	585	270	315
2655	594	278	316
2656	599	273	326
2657	582	269	313
2658	586	264	322
2659	595	265	330
2660	563	270	293
2661	565	278	287
2662	584	269	315
2663	563	263	300
2664	553	263	290
2665	582	274	308
2666	597	276	321
2667	603	266	337
2668	593	265	328
2669	587	275	312
2670	593	267	326
2671	544	271	273
2672	534	266	268
2673	548	272	276
2674	560	268	292
2675	556	273	283
2676	571	262	309
2677	590	269	321
2678	586	276	310
2679	592	278	314
2680	576	283	293
2681	565	287	278
2682	602	272	330
2683	586	271	315
2684	579	271	308
2685	584	278	306
2686	575	267	308
2687	571	273	298
2688	557	269	288
2689	563	278	285
2690	569	272	297
2691	586	269	317
2692	589	263	326
2693	578	277	301
2694	585	276	309
2695	562	280	282
2696	582	266	316
2697	592	277	315
2698	589	276	313
2699	571	276	295
2700	570	269	301
2701	578	275	303
2702	592	270	322
2703	607	277	330
2704	618	271	347
2705	577	271	306
2706	598	275	323
2707	590	272	318
2708	573	263	310
2709	559	269	290
2710	594	271	323
2711	614	274	340
2712	601	272	329
2713	608	274	334
2714	613	268	345
2715	593	280	313
2716	579	284	295
2717	565	281	284
2718	584	268	316
2719	578	270	308
2720	576	266	310
2721	581	269	312
2722	596	277	319
2723	577	278	299
2724	592	275	317
2725	601	278	323
2726	579	279	300
2727	559	278	281
2728	563	262	301
2729	564	273	291
2730	584	269	315
2731	610	267	343
2732	616	271	345
2733	608	274	334
2734	593	274	319
2735	611	274	337
2736	604	265	339
2737	597	265	332
2738	591	258	333
2739	603	268	335
2740	608	271	337
2741	586	279	307
2742	619	273	346
2743	630	274	356
2744	601	263	338
2745	600	268	332
2746	609	276	333
2747	578	279	299
2748	600	270	330
2749	613	272	341
2750	616	277	339
2751	595	278	317
2752	602	272	330
2753	600	273	327
2754	585	269	316
2755	582	267	315
2756	611	278	333
2757	577	280	297
2758	588	267	321
2759	599	274	325
2760	626	274	352
2761	626	275	351
2762	612	270	342
2763	632	274	358
2764	634	265	369
2765	609	268	341
2766	592	274	318
2767	601	276	325
2768	633	276	357
2769	609	277	332
2770	615	269	346
2771	622	269	353
2772	646	269	377
2773	618	268	350
2774	627	263	364
2775	640	264	376
2776	631	273	358
2777	623	277	346
2778	614	271	343
2779	590	273	317
2780	610	274	336
2781	597	272	325
2782	602	264	338
2783	624	257	367
2784	633	270	363
2785	603	280	323
2786	637	277	360
2787	618	278	340
2788	625	276	349
2789	608	282	326
2790	605	277	328
2791	624	273	351
2792	633	277	356
2793	630	264	366
2794	634	263	371
2795	611	274	337
2796	610	271	339
2797	614	274	340
2798	630	271	359
2799	632	281	351
2800	649	275	374
2801	639	275	364
2802	631	265	366
2803	619	272	347
2804	633	278	355
2805	625	271	354
2806	609	260	349
2807	626	267	359
2808	631	263	368
2809	612	271	341
2810	621	272	349
2811	635	275	360
2812	597	267	330
2813	608	268	340
2814	639	268	371
2815	646	276	370
2816	628	281	347
2817	622	283	339
2818	621	267	354
2819	630	270	360
2820	628	256	372
2821	626	260	366
2822	650	271	379
2823	643	285	358
2824	626	275	351
2825	612	278	334
2826	640	268	372
2827	641	266	375
2828	614	267	347
2829	633	275	358
2830	644	270	374
2831	629	270	359
2832	650	269	381
2833	635	277	358
2834	646	268	378
2835	650	267	383
2836	633	269	364
2837	640	263	377
2838	636	265	371
2839	627	277	350
2840	620	268	352
2841	640	271	369
2842	613	273	340
2843	597	277	320
2844	621	263	358
2845	631	260	371
2846	622	267	355
2847	584	266	318
2848	583	267	316
2849	615	266	349
2850	639	272	367
2851	641	271	370
2852	651	266	385
2853	627	273	354
2854	633	278	355
2855	626	288	338
2856	632	276	356
2857	644	272	372
2858	636	270	366
2859	617	274	343
2860	628	267	361
2861	627	277	350
2862	650	262	388
2863	639	272	367
2864	647	280	367
2865	648	272	376
2866	619	267	352
2867	624	273	351
2868	634	275	359
2869	628	274	354
2870	633	270	363
2871	626	276	350
2872	635	268	367
2873	599	270	329
2874	632	273	359
2875	644	271	373
2876	649	273	376
2877	659	278	381
2878	641	273	368
2879	653	287	366
2880	667	284	383
2881	648	275	373
2882	653	266	387
2883	635	273	362
2884	642	275	367
2885	658	277	381
2886	657	265	392
2887	621	273	348
2888	611	271	340
2889	602	273	329
2890	627	272	355
2891	622	285	337
2892	636	272	364
2893	652	273	379
2894	645	265	380
2895	645	269	376
2896	684	274	410
2897	627	271	356
2898	610	262	348
2899	631	266	365
2900	661	273	388
2901	640	276	364
2902	622	271	351
2903	647	277	370
2904	637	276	361
2905	617	275	342
2906	616	265	351
2907	635	263	372
2908	639	268	371
2909	630	279	351
2910	653	267	386
2911	656	268	388
2912	619	272	347
2913	613	280	333
2914	632	267	365
2915	632	266	366
2916	632	273	359
2917	617	281	336
2918	639	268	371
2919	641	271	370
2920	634	273	361
2921	603	271	332
2922	582	268	314
2923	596	275	321
2924	640	284	356
2925	621	277	344
2926	625	273	352
2927	626	275	351
2928	609	268	341
2929	635	276	359
2930	636	275	361
2931	612	275	337
2932	629	265	364
2933	661	270	391
2934	652	261	391
2935	629	263	366
2936	619	264	355
2937	603	275	328
2938	610	271	339
2939	629	275	354
2940	625	274	351
2941	626	280	346
2942	610	268	342
2943	616	271	345
2944	606	273	333
2945	596	269	327
2946	590	267	323
2947	619	274	345
2948	636	267	369
2949	604	273	331
2950	608	276	332
2951	611	269	342
2952	608	265	343
2953	609	281	328
2954	597	276	321
2955	584	272	312
2956	620	265	355
2957	619	268	351
2958	589	271	318
2959	591	284	307
2960	608	273	335
2961	615	269	346
2962	612	276	336
2963	617	280	337
2964	576	268	308
2965	572	261	311
2966	602	257	345
2967	593	264	329
2968	590	255	335
2969	614	285	329
2970	579	269	310
2971	563	266	297
2972	602	270	332
2973	608	274	334
2974	614	257	357
2975	616	265	351
2976	607	269	338
2977	585	265	320
2978	602	262	340
2979	601	273	328
2980	590	274	316
2981	605	279	326
2982	626	269	357
2983	588	276	312
2984	574	275	299
2985	594	279	315
2986	591	278	313
2987	568	272	296
2988	585	275	310
2989	608	269	339
2990	600	268	332
2991	606	268	338
2992	609	267	342
2993	615	280	335
2994	607	272	335
2995	605	271	334
2996	607	265	342
2997	580	264	316
2998	576	267	309
2999	582	274	308
3000	604	273	331
3001	606	275	331
3002	602	262	340
3003	589	273	316
3004	586	274	312
3005	585	276	309
3006	573	272	301
3007	572	270	302
3008	596	267	329
3009	596	280	316
3010	596	277	319
3011	560	269	291
3012	554	268	286
3013	583	282	301
3014	577	267	310
3015	583	279	304
3016	597	281	316
3017	573	274	299
3018	578	276	302
3019	565	282	283
3020	556	277	279
3021	582	280	302
3022	581	276	305
3023	586	272	314
3024	597	275	322
3025	591	287	304
3026	586	281	305
3027	569	282	287
3028	572	271	301
3029	577	269	308
3030	591	265	326
3031	596	278	318
3032	585	277	308
3033	566	270	296
3034	593	282	311
3035	562	275	287
3036	559	278	281
3037	582	273	309
3038	594	262	332
3039	589	274	315
3040	599	274	325
3041	571	268	303
3042	555	263	292
3043	575	271	304
3044	602	271	331
3045	604	266	338
3046	583	272	311
3047	567	272	295
3048	587	271	316
3049	589	268	321
3050	567	270	297
3051	578	278	300
3052	579	281	298
3053	566	281	285
3054	556	272	284
3055	554	276	278
3056	565	276	289
3057	553	282	271
3058	572	268	304
3059	563	274	289
3060	544	267	277
3061	549	256	293
3062	558	261	297
3063	560	274	286
3064	548	275	273
3065	541	286	255
3066	544	276	268
3067	577	271	306
3068	575	266	309
3069	525	263	262
3070	547	260	287
3071	541	271	270
3072	539	263	276
3073	549	279	270
3074	562	286	276
3075	552	279	273
3076	571	268	303
3077	556	266	290
3078	571	271	300
3079	554	277	277
3080	536	274	262
3081	549	285	264
3082	579	274	305
3083	565	278	287
3084	541	283	258
3085	523	277	246
3086	532	275	257
3087	549	276	273
3088	567	268	299
3089	571	272	299
3090	550	271	279
3091	569	279	290
3092	569	282	287
3093	566	284	282
3094	558	274	284
3095	548	279	269
3096	549	279	270
3097	545	283	262
3098	561	278	283
3099	563	276	287
3100	568	271	297
3101	544	274	270
3102	525	275	250
3103	534	276	258
3104	562	270	292
3105	535	278	257
3106	533	284	249
3107	526	280	246
3108	554	275	279
3109	559	280	279
3110	547	269	278
3111	535	278	257
3112	545	282	263
3113	517	283	234
3114	519	275	244
3115	537	269	268
3116	533	267	266
3117	533	269	264
3118	544	275	269
3119	549	276	273
3120	545	265	280
3121	536	272	264
3122	527	275	252
3123	538	279	259
3124	540	280	260
3125	515	285	230
3126	511	274	237
3127	546	264	282
3128	553	259	294
3129	539	270	269
3130	564	272	292
3131	559	279	280
3132	566	272	294
3133	570	275	295
3134	539	269	270
3135	539	269	270
3136	555	261	294
3137	563	272	291
3138	543	272	271
3139	535	278	257
3140	553	273	280
3141	561	266	295
3142	554	276	278
3143	549	279	270
3144	551	274	277
3145	515	276	239
3146	514	274	240
3147	537	277	260
3148	536	271	265
3149	538	276	262
3150	547	271	276
3151	531	276	255
3152	538	261	277
3153	527	271	256
3154	548	276	272
3155	547	273	274
3156	530	268	262
3157	512	277	235
3158	577	272	305
3159	570	276	294
3160	517	274	243
3161	532	276	256
3162	538	280	258
3163	528	287	241
3164	548	275	273
3165	553	275	278
3166	546	273	273
3167	538	267	271
3168	529	268	261
3169	528	272	256
3170	555	269	286
3171	528	273	255
3172	521	270	251
3173	543	283	260
3174	555	281	274
3175	553	279	274
3176	549	273	276
3177	535	280	255
3178	542	281	261
3179	535	270	265
3180	518	270	248
3181	528	280	248
3182	547	275	272
3183	537	277	260
3184	517	277	240
3185	520	279	241
3186	529	271	258
3187	521	279	242
3188	532	279	253
3189	537	269	268
3190	546	270	276
3191	557	271	286
3192	529	276	253
3193	512	286	226
3194	556	279	277
3195	565	285	280
3196	553	275	278
3197	549	264	285
3198	525	265	260
3199	528	275	253
3200	544	281	263
3201	541	282	259
3202	518	274	244
3203	525	277	248
3204	522	270	252
3205	516	279	237
3206	547	275	272
3207	530	285	245
3208	506	272	234
3209	528	270	258
3210	549	272	277
3211	541	277	264
3212	537	278	259
3213	524	285	239
3214	527	276	251
3215	512	263	249
3216	542	266	276
3217	552	275	277
3218	537	271	266
3219	548	272	276
3220	522	271	251
3221	549	276	273
3222	556	267	289
3223	532	272	260
3224	553	278	275
3225	550	275	275
3226	533	270	263
3227	516	274	242
3228	526	273	253
3229	529	278	251
3230	537	266	271
3231	552	276	276
3232	533	280	253
3233	516	281	235
3234	522	267	255
3235	555	273	282
3236	531	276	255
3237	530	275	255
3238	542	264	278
3239	532	267	265
3240	559	272	287
3241	548	278	270
3242	557	279	278
3243	543	288	255
3244	544	275	269
3245	541	268	273
3246	538	269	269
3247	514	270	244
3248	546	272	274
3249	562	274	288
3250	559	279	280
3251	561	285	276
3252	555	274	281
3253	555	262	293
3254	554	258	296
3255	527	267	260
3256	539	272	267
3257	548	270	278
3258	549	264	285
3259	557	267	290
3260	552	269	283
3261	538	271	267
3262	540	263	277
3263	539	270	269
3264	543	269	274
3265	532	278	254
3266	542	270	272
3267	532	263	269
3268	550	277	273
3269	552	280	272
3270	532	267	265
3271	543	276	267
3272	543	262	281
3273	537	269	268
3274	563	270	293
3275	544	277	267
3276	517	277	240
3277	518	280	238
3278	552	272	280
3279	542	271	271
3280	557	261	296
3281	559	266	293
3282	574	273	301
3283	553	276	277
3284	531	266	265
3285	519	263	256
3286	528	268	260
3287	538	272	266
3288	538	267	271
3289	545	270	275
3290	560	268	292
3291	562	270	292
3292	552	262	290
3293	539	266	273
3294	527	277	250
3295	525	276	249
3296	528	274	254
3297	556	281	275
3298	538	268	270
3299	529	266	263
3300	535	271	264
3301	532	274	258
3302	545	264	281
3303	525	271	254
3304	524	271	253
3305	532	271	261
3306	531	263	268
3307	534	274	260
3308	541	272	269
3309	536	268	268
3310	528	270	258
3311	544	268	276
3312	557	266	291
3313	538	262	276
3314	536	259	277
3315	535	273	262
3316	521	271	250
3317	529	270	259
3318	548	276	272
3319	547	286	261
3320	539	277	262
3321	539	281	258
3322	555	278	277
3323	528	275	253
3324	526	271	255
3325	532	275	257
3326	542	270	272
3327	548	266	282
3328	539	264	275
3329	528	270	258
3330	527	270	257
3331	524	274	250
3332	515	272	243
3333	520	276	244
3334	513	281	232
3335	533	281	252
3336	545	279	266
3337	548	287	261
3338	532	278	254
3339	515	273	242
3340	539	265	274
3341	529	270	259
3342	512	269	243
3343	528	276	252
3344	542	272	270
3345	529	270	259
3346	543	265	278
3347	513	272	241
3348	520	269	251
3349	531	277	254
3350	538	283	255
3351	516	278	238
3352	528	275	253
3353	533	286	247
3354	522	275	247
3355	519	276	243
3356	536	277	259
3357	516	276	240
3358	529	263	266
3359	549	270	279
3360	545	268	277
3361	543	269	274
3362	543	273	270
3363	527	281	246
3364	536	274	262
3365	525	264	261
3366	521	269	252
3367	530	273	257
3368	525	269	256
3369	517	270	247
3370	545	267	278
3371	541	269	272
3372	538	261	277
3373	514	265	249
3374	540	269	271
3375	556	275	281
3376	560	266	294
3377	534	268	266
3378	537	271	266
3379	522	276	246
3380	517	270	247
3381	536	267	269
3382	544	265	279
3383	536	277	259
3384	517	268	249
3385	513	267	246
3386	531	262	269
3387	529	265	264
3388	536	270	266
3389	533	273	260
3390	526	269	257
3391	515	279	236
3392	540	280	260
3393	529	273	256
3394	510	272	238
3395	527	280	247
3396	535	276	259
3397	498	278	220
3398	493	268	225
3399	507	272	235
3400	500	270	230
3401	492	270	222
3402	501	262	239
3403	504	272	232
3404	552	264	288
3405	543	279	264
3406	510	272	238
3407	491	275	216
3408	504	272	232
3409	505	269	236
3410	492	268	224
3411	489	273	216
3412	510	273	237
3413	527	269	258
3414	517	270	247
3415	505	278	227
3416	499	266	233
3417	518	267	251
3418	524	272	252
3419	477	279	198
3420	489	272	217
3421	505	270	235
3422	515	263	252
3423	495	265	230
3424	492	266	226
3425	501	271	230
3426	509	268	241
3427	511	267	244
3428	521	275	246
3429	500	285	215
3430	502	280	222
3431	515	282	233
3432	505	275	230
3433	505	276	229
3434	512	268	244
3435	520	273	247
3436	518	272	246
3437	514	266	248
3438	507	275	232
3439	516	273	243
3440	518	268	250
3441	484	266	218
3442	493	265	228
3443	509	273	236
3444	500	272	228
3445	492	274	218
3446	496	271	225
3447	470	278	192
3448	472	277	195
3449	508	280	228
3450	501	275	226
3451	503	279	224
3452	496	280	216
3453	481	280	201
3454	475	277	198
3455	475	276	199
3456	487	268	219
3457	483	275	208
3458	494	270	224
3459	470	279	191
3460	469	278	191
3461	470	277	193
3462	463	269	194
3463	485	282	203
3464	458	283	175
3465	468	283	185
3466	459	278	181
3467	451	281	170
3468	474	265	209
3469	486	270	216
3470	483	272	211
3471	480	272	208
3472	477	278	199
3473	443	282	161
3474	476	274	202
3475	480	277	203
3476	468	281	187
3477	463	273	190
3478	479	263	216
3479	496	276	220
3480	501	273	228
3481	472	276	196
3482	461	268	193
3483	463	262	201
3484	479	264	215
3485	469	277	192
3486	479	268	211
3487	479	270	209
3488	483	270	213
3489	467	276	191
3490	454	273	181
3491	456	283	173
3492	467	282	185
3493	469	283	186
3494	464	280	184
3495	452	279	173
3496	449	271	178
3497	447	270	177
3498	471	273	198
3499	481	274	207
3500	475	277	198
3501	443	285	158
3502	455	281	174
3503	460	282	178
3504	437	281	156
3505	439	268	171
3506	464	271	193
3507	456	278	178
3508	494	276	218
3509	466	282	184
3510	450	278	172
3511	443	280	163
3512	453	274	179
3513	458	279	179
3514	440	280	160
3515	429	277	152
3516	454	271	183
3517	447	280	167
3518	450	260	190
3519	445	268	177
3520	424	277	147
3521	451	276	175
3522	451	266	185
3523	434	273	161
3524	455	284	171
3525	448	288	160
3526	441	275	166
3527	423	275	148
3528	447	274	173
3529	436	272	164
3530	446	264	182
3531	453	264	189
3532	471	252	219
3533	457	273	184
3534	433	277	156
3535	423	268	155
3536	424	272	152
3537	433	276	157
3538	439	269	170
3539	450	268	182
3540	430	266	164
3541	415	282	133
3542	429	285	144
3543	427	287	140
3544	428	286	142
3545	446	284	162
3546	462	278	184
3547	450	269	181
3548	430	270	160
3549	429	283	146
3550	437	281	156
3551	441	282	159
3552	431	262	169
3553	430	265	165
3554	430	270	160
3555	422	281	141
3556	465	274	191
3557	456	272	184
3558	433	271	162
3559	422	265	157
3560	452	271	181
3561	448	282	166
3562	450	285	165
3563	439	288	151
3564	449	279	170
3565	452	278	174
3566	460	280	180
3567	449	285	164
3568	444	281	163
3569	442	281	161
3570	453	275	178
3571	434	282	152
3572	433	275	158
3573	416	276	140
3574	427	278	149
3575	424	286	138
3576	439	282	157
3577	438	281	157
3578	433	275	158
3579	396	273	123
3580	415	274	141
3581	432	277	155
3582	428	282	146
3583	436	283	153
3584	431	275	156
3585	451	271	180
3586	461	274	187
3587	421	279	142
3588	416	280	136
3589	407	279	128
3590	410	274	136
3591	415	277	138
3592	411	276	135
3593	422	270	152
3594	408	270	138
3595	453	273	180
3596	453	277	176
3597	410	287	123
3598	426	271	155
3599	435	268	167
3600	439	269	170
3601	448	279	169
3602	439	278	161
3603	432	282	150
3604	427	278	149
3605	421	280	141
3606	406	267	139
3607	399	270	129
3608	414	270	144
3609	414	277	137
3610	410	273	137
3611	423	277	146
3612	413	273	140
3613	391	283	108
3614	400	275	125
3615	415	278	137
3616	420	280	140
3617	418	268	150
3618	442	264	178
3619	433	278	155
3620	404	272	132
3621	392	271	121
3622	400	276	124
3623	414	286	128
3624	448	281	167
3625	427	277	150
3626	425	271	154
3627	422	280	142
3628	421	271	150
3629	422	274	148
3630	426	273	153
3631	409	274	135
3632	417	278	139
3633	399	276	123
3634	394	269	125
3635	395	269	126
3636	382	274	108
3637	387	278	109
3638	404	277	127
3639	406	274	132
3640	427	267	160
3641	389	276	113
3642	374	270	104
3643	408	274	134
3644	407	270	137
3645	415	286	129
3646	395	272	123
3647	372	266	106
3648	384	264	120
