index	original	background	difference
-----------------------------------------------------
1	347	346	1
2	337	356	-19
3	346	362	-16
4	353	357	-4
5	360	352	8
6	352	352	0
7	354	359	-5
8	351	364	-13
9	355	360	-5
10	350	370	-20
11	352	363	-11
12	352	359	-7
13	365	365	0
14	354	359	-5
15	356	350	6
16	362	346	16
17	362	360	2
18	359	357	2
19	361	350	11
20	361	359	2
21	365	363	2
22	353	360	-7
23	369	362	7
24	368	361	7
25	380	355	25
26	375	368	7
27	371	371	0
28	367	360	7
29	369	365	4
30	377	371	6
31	370	369	1
32	363	361	2
33	365	369	-4
34	361	379	-18
35	370	366	4
36	362	363	-1
37	376	359	17
38	364	362	2
39	367	359	8
40	367	359	8
41	369	366	3
42	367	363	4
43	377	370	7
44	374	367	7
45	370	353	17
46	371	358	13
47	379	367	12
48	384	364	20
49	385	375	10
50	365	379	-14
51	371	377	-6
52	382	372	10
53	384	367	17
54	381	380	1
55	390	375	15
56	379	372	7
57	374	374	0
58	377	376	1
59	384	370	14
60	372	373	-1
61	372	374	-2
62	375	370	5
63	385	376	9
64	382	368	14
65	383	373	10
66	373	379	-6
67	369	371	-2
68	379	368	11
69	384	363	21
70	378	361	17
71	375	368	7
72	376	377	-1
73	386	378	8
74	380	381	-1
75	370	374	-4
76	360	364	-4
77	371	355	16
78	376	367	9
79	384	371	13
80	376	368	8
81	381	373	8
82	387	381	6
83	383	368	15
84	373	373	0
85	387	378	9
86	383	370	13
87	378	371	7
88	376	363	13
89	375	364	11
90	382	374	8
91	383	381	2
92	375	379	-4
93	375	372	3
94	387	369	18
95	396	373	23
96	389	367	22
97	381	361	20
98	382	370	12
99	380	372	8
100	379	377	2
101	373	379	-6
102	383	376	7
103	392	370	22
104	385	369	16
105	386	378	8
106	382	377	5
107	382	373	9
108	384	371	13
109	381	371	10
110	380	373	7
111	375	370	5
112	380	364	16
113	386	377	9
114	380	375	5
115	385	374	11
116	385	376	9
117	386	372	14
118	372	378	-6
119	377	378	-1
120	387	369	18
121	386	365	21
122	370	366	4
123	375	378	-3
124	372	391	-19
125	387	375	12
126	373	368	5
127	377	367	10
128	373	374	-1
129	373	381	-8
130	378	376	2
131	381	376	5
132	379	369	10
133	377	369	8
134	375	368	7
135	386	375	11
136	383	383	0
137	378	378	0
138	382	377	5
139	394	368	26
140	378	378	0
141	384	386	-2
142	384	385	-1
143	375	369	6
144	372	369	3
145	379	378	1
146	375	367	8
147	390	365	25
148	393	376	17
149	382	371	11
150	377	381	-4
151	378	394	-16
152	370	381	-11
153	377	372	5
154	373	369	4
155	373	364	9
156	374	369	5
157	376	368	8
158	378	364	14
159	378	374	4
160	375	374	1
161	378	370	8
162	370	370	0
163	370	378	-8
164	359	373	-14
165	371	373	-2
166	372	382	-10
167	379	379	0
168	375	376	-1
169	372	368	4
170	374	368	6
171	386	366	20
172	378	373	5
173	376	369	7
174	374	372	2
175	373	370	3
176	363	371	-8
177	372	363	9
178	373	369	4
179	379	368	11
180	387	379	8
181	379	373	6
182	371	373	-2
183	376	373	3
184	367	372	-5
185	365	368	-3
186	368	373	-5
187	378	362	16
188	372	364	8
189	372	373	-1
190	377	371	6
191	385	373	12
192	370	374	-4
193	364	373	-9
194	368	365	3
195	382	364	18
196	385	368	17
197	374	366	8
198	369	368	1
199	375	380	-5
200	377	379	-2
201	385	374	11
202	383	380	3
203	371	371	0
204	374	367	7
205	388	371	17
206	389	364	25
207	384	365	19
208	374	371	3
209	382	377	5
210	385	372	13
211	380	380	0
212	365	377	-12
213	372	366	6
214	367	370	-3
215	374	375	-1
216	371	374	-3
217	372	373	-1
218	371	371	0
219	375	361	14
220	369	370	-1
221	372	365	7
222	375	366	9
223	371	368	3
224	369	371	-2
225	375	374	1
226	377	365	12
227	386	368	18
228	384	361	23
229	384	368	16
230	377	372	5
231	379	369	10
232	376	370	6
233	373	366	7
234	376	367	9
235	378	369	9
236	377	361	16
237	378	363	15
238	372	370	2
239	367	364	3
240	373	357	16
241	392	363	29
242	372	362	10
243	364	364	0
244	370	367	3
245	383	374	9
246	379	378	1
247	380	373	7
248	380	367	13
249	385	360	25
250	382	370	12
251	377	364	13
252	382	367	15
253	386	363	23
254	377	366	11
255	375	369	6
256	380	372	8
257	382	381	1
258	365	371	-6
259	377	359	18
260	376	361	15
261	382	368	14
262	377	361	16
263	372	368	4
264	376	371	5
265	375	369	6
266	365	372	-7
267	370	373	-3
268	374	367	7
269	386	365	21
270	376	363	13
271	378	367	11
272	379	370	9
273	377	364	13
274	369	365	4
275	375	371	4
276	376	374	2
277	385	368	17
278	373	366	7
279	379	365	14
280	369	367	2
281	365	365	0
282	369	360	9
283	374	352	22
284	382	361	21
285	378	357	21
286	371	352	19
287	373	360	13
288	380	368	12
289	378	375	3
290	366	365	1
291	371	351	20
292	376	364	12
293	378	365	13
294	374	357	17
295	371	361	10
296	367	361	6
297	377	368	9
298	373	370	3
299	365	359	6
300	363	359	4
301	377	350	27
302	370	358	12
303	367	354	13
304	370	352	18
305	364	360	4
306	373	365	8
307	378	364	14
308	377	353	24
309	377	351	26
310	368	351	17
311	374	356	18
312	380	361	19
313	380	352	28
314	377	352	25
315	386	353	33
316	381	358	23
317	373	360	13
318	379	362	17
319	379	365	14
320	371	364	7
321	376	368	8
322	378	371	7
323	377	369	8
324	382	365	17
325	375	363	12
326	372	360	12
327	380	354	26
328	375	365	10
329	381	366	15
330	373	362	11
331	377	353	24
332	376	353	23
333	382	358	24
334	386	361	25
335	378	353	25
336	379	359	20
337	378	367	11
338	375	362	13
339	372	356	16
340	371	351	20
341	372	354	18
342	379	362	17
343	374	355	19
344	369	368	1
345	380	366	14
346	381	360	21
347	378	362	16
348	375	353	22
349	376	354	22
350	367	368	-1
351	376	370	6
352	367	356	11
353	373	360	13
354	372	365	7
355	374	364	10
356	373	355	18
357	370	365	5
358	372	370	2
359	379	362	17
360	379	354	25
361	386	358	28
362	381	357	24
363	375	347	28
364	370	357	13
365	375	358	17
366	378	357	21
367	385	354	31
368	367	355	12
369	362	357	5
370	361	358	3
371	369	356	13
372	373	358	15
373	376	357	19
374	377	360	17
375	374	353	21
376	367	359	8
377	375	361	14
378	372	352	20
379	381	354	27
380	380	365	15
381	377	358	19
382	371	360	11
383	368	361	7
384	369	355	14
385	367	354	13
386	359	349	10
387	367	351	16
388	384	354	30
389	392	356	36
390	374	349	25
391	375	356	19
392	366	360	6
393	379	352	27
394	383	361	22
395	383	366	17
396	386	371	15
397	380	358	22
398	371	349	22
399	376	353	23
400	368	357	11
401	373	356	17
402	380	358	22
403	376	351	25
404	364	354	10
405	372	346	26
406	372	348	24
407	376	351	25
408	375	362	13
409	382	368	14
410	382	362	20
411	384	360	24
412	380	364	16
413	376	366	10
414	373	359	14
415	383	357	26
416	383	370	13
417	379	364	15
418	366	365	1
419	382	367	15
420	383	367	16
421	386	359	27
422	380	363	17
423	381	358	23
424	368	368	0
425	366	362	4
426	367	354	13
427	366	349	17
428	366	356	10
429	382	359	23
430	384	357	27
431	379	354	25
432	373	351	22
433	376	359	17
434	375	357	18
435	377	352	25
436	370	356	14
437	371	358	13
438	369	355	14
439	379	349	30
440	376	351	25
441	370	357	13
442	379	358	21
443	385	358	27
444	373	363	10
445	383	363	20
446	376	355	21
447	374	346	28
448	369	345	24
449	373	350	23
450	384	346	38
451	380	359	21
452	376	361	15
453	376	357	19
454	377	358	19
455	389	351	38
456	376	352	24
457	379	359	20
458	384	360	24
459	383	353	30
460	381	355	26
461	381	357	24
462	378	364	14
463	378	357	21
464	375	349	26
465	387	360	27
466	383	362	21
467	382	355	27
468	379	352	27
469	386	358	28
470	381	361	20
471	375	354	21
472	382	349	33
473	376	347	29
474	372	360	12
475	377	365	12
476	375	369	6
477	379	363	16
478	383	356	27
479	385	357	28
480	382	341	41
481	389	352	37
482	386	356	30
483	382	358	24
484	370	353	17
485	379	353	26
486	384	357	27
487	397	366	31
488	390	349	41
489	390	351	39
490	383	352	31
491	379	347	32
492	373	347	26
493	382	351	31
494	378	348	30
495	376	345	31
496	381	353	28
497	379	355	24
498	373	359	14
499	380	352	28
500	380	356	24
501	380	349	31
502	382	349	33
503	382	345	37
504	374	348	26
505	390	352	38
506	385	346	39
507	380	340	40
508	382	341	41
509	388	346	42
510	379	355	24
511	380	350	30
512	380	340	40
513	378	342	36
514	375	350	25
515	382	353	29
516	381	354	27
517	379	353	26
518	377	351	26
519	371	352	19
520	370	341	29
521	380	340	40
522	380	348	32
523	382	351	31
524	381	354	27
525	381	351	30
526	380	350	30
527	377	344	33
528	381	349	32
529	381	350	31
530	371	343	28
531	387	337	50
532	379	345	34
533	392	346	46
534	393	343	50
535	394	345	49
536	393	358	35
537	397	345	52
538	395	347	48
539	386	357	29
540	378	348	30
541	381	345	36
542	377	350	27
543	393	343	50
544	401	344	57
545	397	347	50
546	399	351	48
547	397	349	48
548	392	352	40
549	402	342	60
550	395	338	57
551	403	342	61
552	397	346	51
553	396	341	55
554	390	346	44
555	402	341	61
556	411	348	63
557	407	347	60
558	405	341	64
559	409	344	65
560	398	342	56
561	415	349	66
562	420	346	74
563	416	343	73
564	412	342	70
565	416	342	74
566	414	344	70
567	414	348	66
568	408	352	56
569	419	348	71
570	421	335	86
571	429	332	97
572	418	347	71
573	426	352	74
574	423	360	63
575	418	357	61
576	414	356	58
577	416	345	71
578	416	341	75
579	429	344	85
580	427	348	79
581	431	348	83
582	432	344	88
583	429	337	92
584	429	328	101
585	441	348	93
586	428	345	83
587	430	342	88
588	430	349	81
589	434	345	89
590	439	349	90
591	446	353	93
592	451	338	113
593	456	343	113
594	452	339	113
595	468	339	129
596	468	340	128
597	463	341	122
598	465	343	122
599	461	348	113
600	457	344	113
601	471	346	125
602	470	343	127
603	479	352	127
604	480	349	131
605	476	345	131
606	476	352	124
607	490	348	142
608	483	337	146
609	487	334	153
610	497	346	151
611	492	345	147
612	485	334	151
613	493	338	155
614	501	342	159
615	502	342	160
616	496	341	155
617	514	342	172
618	510	335	175
619	516	337	179
620	526	349	177
621	524	339	185
622	517	336	181
623	533	339	194
624	531	342	189
625	532	340	192
626	545	342	203
627	555	337	218
628	552	340	212
629	559	342	217
630	557	343	214
631	561	349	212
632	570	357	213
633	591	354	237
634	585	346	239
635	592	339	253
636	592	337	255
637	607	346	261
638	603	345	258
639	601	344	257
640	609	340	269
641	631	336	295
642	633	341	292
643	640	346	294
644	643	345	298
645	653	338	315
646	660	344	316
647	661	343	318
648	666	344	322
649	682	346	336
650	688	341	347
651	701	345	356
652	718	345	373
653	712	348	364
654	705	348	357
655	730	344	386
656	729	343	386
657	740	344	396
658	745	332	413
659	763	329	434
660	769	341	428
661	772	337	435
662	781	343	438
663	805	350	455
664	807	345	462
665	806	333	473
666	820	337	483
667	814	346	468
668	828	351	477
669	851	347	504
670	867	344	523
671	872	344	528
672	881	333	548
673	894	338	556
674	887	346	541
675	913	343	570
676	932	346	586
677	954	333	621
678	955	338	617
679	977	336	641
680	1000	349	651
681	1024	347	677
682	1029	343	686
683	1044	340	704
684	1069	337	732
685	1069	335	734
686	1092	342	750
687	1111	345	766
688	1121	341	780
689	1132	344	788
690	1136	344	792
691	1156	344	812
692	1185	344	841
693	1214	334	880
694	1214	334	880
695	1226	346	880
696	1239	338	901
697	1243	338	905
698	1234	340	894
699	1244	336	908
700	1251	347	904
701	1264	344	920
702	1276	342	934
703	1296	336	960
704	1314	343	971
705	1317	338	979
706	1333	330	1003
707	1365	331	1034
708	1372	342	1030
709	1367	346	1021
710	1363	353	1010
711	1405	338	1067
712	1414	334	1080
713	1406	339	1067
714	1419	339	1080
715	1446	343	1103
716	1441	327	1114
717	1448	323	1125
718	1481	330	1151
719	1501	332	1169
720	1518	334	1184
721	1525	328	1197
722	1532	334	1198
723	1551	333	1218
724	1575	338	1237
725	1610	345	1265
726	1611	336	1275
727	1636	325	1311
728	1659	329	1330
729	1679	341	1338
730	1698	340	1358
731	1722	345	1377
732	1745	344	1401
733	1762	342	1420
734	1765	347	1418
735	1785	341	1444
736	1810	332	1478
737	1826	331	1495
738	1866	345	1521
739	1891	337	1554
740	1876	339	1537
741	1887	347	1540
742	1902	338	1564
743	1934	335	1599
744	1934	347	1587
745	1961	341	1620
746	1978	334	1644
747	1987	338	1649
748	1986	335	1651
749	1995	335	1660
750	2003	341	1662
751	2022	336	1686
752	2032	338	1694
753	2035	337	1698
754	2037	336	1701
755	2036	342	1694
756	2036	340	1696
757	2033	346	1687
758	2048	341	1707
759	2067	348	1719
760	2029	345	1684
761	1994	337	1657
762	2028	339	1689
763	2059	329	1730
764	2037	323	1714
765	2042	331	1711
766	2056	333	1723
767	2035	335	1700
768	2011	340	1671
769	2006	333	1673
770	2014	324	1690
771	2021	334	1687
772	2021	342	1679
773	2042	333	1709
774	2044	339	1705
775	2040	343	1697
776	2046	343	1703
777	2053	337	1716
778	2047	336	1711
779	2066	346	1720
780	2074	351	1723
781	2063	342	1721
782	2100	339	1761
783	2097	341	1756
784	2101	335	1766
785	2107	342	1765
786	2124	344	1780
787	2155	345	1810
788	2164	346	1818
789	2168	338	1830
790	2191	330	1861
791	2186	326	1860
792	2210	341	1869
793	2242	337	1905
794	2236	332	1904
795	2222	340	1882
796	2226	337	1889
797	2286	341	1945
798	2297	346	1951
799	2295	349	1946
800	2331	347	1984
801	2327	345	1982
802	2313	331	1982
803	2322	328	1994
804	2316	328	1988
805	2313	334	1979
806	2314	333	1981
807	2320	337	1983
808	2301	346	1955
809	2297	349	1948
810	2333	341	1992
811	2340	332	2008
812	2332	335	1997
813	2295	333	1962
814	2293	330	1963
815	2312	331	1981
816	2289	341	1948
817	2255	344	1911
818	2258	337	1921
819	2263	339	1924
820	2259	336	1923
821	2263	335	1928
822	2245	337	1908
823	2236	336	1900
824	2227	338	1889
825	2210	325	1885
826	2218	324	1894
827	2221	326	1895
828	2223	333	1890
829	2214	343	1871
830	2204	341	1863
831	2199	330	1869
832	2189	327	1862
833	2195	331	1864
834	2190	335	1855
835	2181	320	1861
836	2181	326	1855
837	2193	334	1859
838	2184	330	1854
839	2191	326	1865
840	2193	334	1859
841	2213	337	1876
842	2228	334	1894
843	2206	330	1876
844	2229	329	1900
845	2231	325	1906
846	2232	328	1904
847	2256	332	1924
848	2270	334	1936
849	2274	334	1940
850	2272	330	1942
851	2290	329	1961
852	2303	333	1970
853	2321	322	1999
854	2329	325	2004
855	2343	331	2012
856	2355	332	2023
857	2361	327	2034
858	2369	334	2035
859	2377	327	2050
860	2386	328	2058
861	2408	330	2078
862	2419	330	2089
863	2439	335	2104
864	2418	331	2087
865	2426	332	2094
866	2472	331	2141
867	2473	324	2149
868	2454	322	2132
869	2478	321	2157
870	2501	329	2172
871	2520	323	2197
872	2509	328	2181
873	2470	330	2140
874	2481	322	2159
875	2484	327	2157
876	2506	338	2168
877	2490	328	2162
878	2474	318	2156
879	2509	318	2191
880	2502	335	2167
881	2486	331	2155
882	2483	332	2151
883	2468	330	2138
884	2466	335	2131
885	2460	332	2128
886	2437	319	2118
887	2425	319	2106
888	2404	334	2070
889	2412	325	2087
890	2393	325	2068
891	2368	321	2047
892	2373	320	2053
893	2359	321	2038
894	2351	326	2025
895	2364	332	2032
896	2369	332	2037
897	2341	329	2012
898	2321	328	1993
899	2342	325	2017
900	2344	328	2016
901	2346	325	2021
902	2326	324	2002
903	2318	336	1982
904	2321	329	1992
905	2305	316	1989
906	2303	321	1982
907	2311	335	1976
908	2316	337	1979
909	2342	330	2012
910	2333	336	1997
911	2337	335	2002
912	2332	332	2000
913	2337	325	2012
914	2355	321	2034
915	2364	321	2043
916	2380	322	2058
917	2371	317	2054
918	2376	321	2055
919	2392	319	2073
920	2395	323	2072
921	2431	321	2110
922	2449	322	2127
923	2480	330	2150
924	2501	327	2174
925	2497	327	2170
926	2496	330	2166
927	2520	333	2187
928	2559	326	2233
929	2555	329	2226
930	2546	337	2209
931	2584	332	2252
932	2606	323	2283
933	2615	329	2286
934	2638	334	2304
935	2653	327	2326
936	2633	331	2302
937	2658	326	2332
938	2681	322	2359
939	2701	324	2377
940	2686	318	2368
941	2683	321	2362
942	2690	330	2360
943	2691	323	2368
944	2714	319	2395
945	2706	319	2387
946	2671	325	2346
947	2684	322	2362
948	2707	320	2387
949	2716	320	2396
950	2704	318	2386
951	2686	322	2364
952	2690	323	2367
953	2692	321	2371
954	2685	317	2368
955	2673	317	2356
956	2668	331	2337
957	2670	325	2345
958	2654	327	2327
959	2636	332	2304
960	2612	328	2284
961	2617	320	2297
962	2607	331	2276
963	2614	337	2277
964	2591	325	2266
965	2565	321	2244
966	2551	317	2234
967	2550	320	2230
968	2537	322	2215
969	2534	329	2205
970	2524	337	2187
971	2528	322	2206
972	2510	321	2189
973	2506	327	2179
974	2509	333	2176
975	2482	321	2161
976	2478	314	2164
977	2470	322	2148
978	2454	322	2132
979	2489	323	2166
980	2478	325	2153
981	2490	318	2172
982	2498	317	2181
983	2495	324	2171
984	2495	330	2165
985	2539	331	2208
986	2531	328	2203
987	2531	330	2201
988	2540	316	2224
989	2546	324	2222
990	2568	332	2236
991	2599	324	2275
992	2608	327	2281
993	2630	329	2301
994	2678	324	2354
995	2698	323	2375
996	2685	321	2364
997	2710	322	2388
998	2725	324	2401
999	2747	328	2419
1000	2768	332	2436
1001	2802	324	2478
1002	2801	316	2485
1003	2843	318	2525
1004	2890	326	2564
1005	2904	328	2576
1006	2928	332	2596
1007	2949	327	2622
1008	2960	322	2638
1009	2997	321	2676
1010	3039	323	2716
1011	3058	321	2737
1012	3056	315	2741
1013	3107	320	2787
1014	3147	318	2829
1015	3117	312	2805
1016	3138	322	2816
1017	3182	317	2865
1018	3190	314	2876
1019	3186	318	2868
1020	3214	317	2897
1021	3244	316	2928
1022	3237	308	2929
1023	3245	319	2926
1024	3256	324	2932
1025	3255	316	2939
1026	3243	327	2916
1027	3236	329	2907
1028	3248	320	2928
1029	3259	315	2944
1030	3263	315	2948
1031	3271	320	2951
1032	3270	323	2947
1033	3277	323	2954
1034	3262	325	2937
1035	3248	326	2922
1036	3223	327	2896
1037	3246	328	2918
1038	3257	328	2929
1039	3248	323	2925
1040	3246	317	2929
1041	3225	316	2909
1042	3231	324	2907
1043	3223	320	2903
1044	3202	324	2878
1045	3196	324	2872
1046	3202	313	2889
1047	3205	313	2892
1048	3192	323	2869
1049	3194	323	2871
1050	3184	320	2864
1051	3215	316	2899
1052	3195	318	2877
1053	3161	320	2841
1054	3170	323	2847
1055	3188	319	2869
1056	3212	319	2893
1057	3218	321	2897
1058	3207	324	2883
1059	3190	321	2869
1060	3195	324	2871
1061	3221	318	2903
1062	3255	312	2943
1063	3258	316	2942
1064	3264	315	2949
1065	3297	314	2983
1066	3277	331	2946
1067	3303	330	2973
1068	3346	309	3037
1069	3359	308	3051
1070	3356	313	3043
1071	3377	316	3061
1072	3371	318	3053
1073	3435	304	3131
1074	3484	304	3180
1075	3488	313	3175
1076	3541	326	3215
1077	3555	321	3234
1078	3580	315	3265
1079	3623	322	3301
1080	3638	309	3329
1081	3669	311	3358
1082	3741	320	3421
1083	3789	323	3466
1084	3833	322	3511
1085	3872	319	3553
1086	3912	315	3597
1087	3976	316	3660
1088	4025	306	3719
1089	4072	307	3765
1090	4121	316	3805
1091	4174	311	3863
1092	4231	310	3921
1093	4279	309	3970
1094	4346	308	4038
1095	4380	314	4066
1096	4407	314	4093
1097	4437	320	4117
1098	4493	313	4180
1099	4534	311	4223
1100	4582	313	4269
1101	4611	314	4297
1102	4628	312	4316
1103	4699	321	4378
1104	4730	324	4406
1105	4730	317	4413
1106	4752	321	4431
1107	4801	318	4483
1108	4820	314	4506
1109	4855	317	4538
1110	4877	323	4554
1111	4923	333	4590
1112	4985	326	4659
1113	4963	312	4651
1114	4983	321	4662
1115	4986	315	4671
1116	4984	309	4675
1117	5010	315	4695
1118	5009	316	4693
1119	5014	315	4699
1120	5042	313	4729
1121	5020	315	4705
1122	5008	327	4681
1123	5056	322	4734
1124	5069	317	4752
1125	5053	319	4734
1126	5072	313	4759
1127	5092	318	4774
1128	5036	320	4716
1129	5018	318	4700
1130	5012	315	4697
1131	5028	314	4714
1132	5018	313	4705
1133	4996	315	4681
1134	4978	320	4658
1135	5007	326	4681
1136	5003	318	4685
1137	5006	314	4692
1138	4982	318	4664
1139	4967	324	4643
1140	4952	322	4630
1141	4965	321	4644
1142	4959	315	4644
1143	4911	321	4590
1144	4946	321	4625
1145	4966	318	4648
1146	4921	319	4602
1147	4896	319	4577
1148	4911	316	4595
1149	4936	310	4626
1150	4920	325	4595
1151	4906	321	4585
1152	4910	327	4583
1153	4936	329	4607
1154	4931	318	4613
1155	4914	311	4603
1156	4942	312	4630
1157	4981	308	4673
1158	4970	312	4658
1159	4981	312	4669
1160	5010	311	4699
1161	5024	322	4702
1162	5044	323	4721
1163	5067	323	4744
1164	5059	318	4741
1165	5113	313	4800
1166	5135	320	4815
1167	5140	323	4817
1168	5171	325	4846
1169	5228	322	4906
1170	5273	315	4958
1171	5320	313	5007
1172	5363	319	5044
1173	5388	324	5064
1174	5441	326	5115
1175	5486	328	5158
1176	5512	322	5190
1177	5580	307	5273
1178	5627	310	5317
1179	5692	306	5386
1180	5751	307	5444
1181	5767	304	5463
1182	5840	307	5533
1183	5869	324	5545
1184	5899	325	5574
1185	5992	313	5679
1186	6039	310	5729
1187	6106	320	5786
1188	6146	322	5824
1189	6174	318	5856
1190	6244	312	5932
1191	6271	311	5960
1192	6319	309	6010
1193	6396	313	6083
1194	6477	316	6161
1195	6528	321	6207
1196	6527	319	6208
1197	6579	310	6269
1198	6601	308	6293
1199	6642	312	6330
1200	6692	315	6377
1201	6712	321	6391
1202	6717	317	6400
1203	6759	312	6447
1204	6795	314	6481
1205	6823	312	6511
1206	6851	323	6528
1207	6820	317	6503
1208	6876	321	6555
1209	6915	317	6598
1210	6880	317	6563
1211	6852	322	6530
1212	6833	325	6508
1213	6863	320	6543
1214	6852	318	6534
1215	6849	319	6530
1216	6845	313	6532
1217	6818	314	6504
1218	6821	312	6509
1219	6827	312	6515
1220	6805	309	6496
1221	6755	312	6443
1222	6758	315	6443
1223	6722	321	6401
1224	6676	316	6360
1225	6672	309	6363
1226	6656	311	6345
1227	6591	302	6289
1228	6552	297	6255
1229	6546	300	6246
1230	6513	313	6200
1231	6449	307	6142
1232	6423	305	6118
1233	6402	300	6102
1234	6355	299	6056
1235	6326	304	6022
1236	6309	305	6004
1237	6234	316	5918
1238	6149	318	5831
1239	6134	309	5825
1240	6136	310	5826
1241	6122	311	5811
1242	6077	319	5758
1243	6052	320	5732
1244	6040	312	5728
1245	6002	313	5689
1246	5964	311	5653
1247	5940	309	5631
1248	5892	306	5586
1249	5889	311	5578
1250	5864	315	5549
1251	5839	317	5522
1252	5801	310	5491
1253	5812	307	5505
1254	5789	311	5478
1255	5770	319	5451
1256	5755	306	5449
1257	5742	315	5427
1258	5707	319	5388
1259	5671	314	5357
1260	5695	313	5382
1261	5642	309	5333
1262	5647	309	5338
1263	5670	315	5355
1264	5643	315	5328
1265	5652	314	5338
1266	5660	317	5343
1267	5655	320	5335
1268	5664	313	5351
1269	5664	309	5355
1270	5699	306	5393
1271	5704	310	5394
1272	5688	320	5368
1273	5703	314	5389
1274	5735	309	5426
1275	5767	305	5462
1276	5795	301	5494
1277	5821	297	5524
1278	5836	307	5529
1279	5863	319	5544
1280	5892	319	5573
1281	5879	312	5567
1282	5871	306	5565
1283	5917	306	5611
1284	5965	317	5648
1285	5982	312	5670
1286	6000	306	5694
1287	6026	302	5724
1288	6080	310	5770
1289	6067	313	5754
1290	6053	300	5753
1291	6109	305	5804
1292	6157	313	5844
1293	6171	316	5855
1294	6196	314	5882
1295	6226	308	5918
1296	6234	307	5927
1297	6285	300	5985
1298	6333	299	6034
1299	6399	300	6099
1300	6425	304	6121
1301	6439	310	6129
1302	6476	315	6161
1303	6484	313	6171
1304	6522	308	6214
1305	6562	312	6250
1306	6574	315	6259
1307	6555	308	6247
1308	6561	306	6255
1309	6584	309	6275
1310	6649	309	6340
1311	6659	307	6352
1312	6639	314	6325
1313	6669	300	6369
1314	6677	310	6367
1315	6657	315	6342
1316	6663	307	6356
1317	6678	309	6369
1318	6620	300	6320
1319	6637	289	6348
1320	6632	302	6330
1321	6596	298	6298
1322	6611	300	6311
1323	6619	304	6315
1324	6643	303	6340
1325	6595	295	6300
1326	6557	308	6249
1327	6567	313	6254
1328	6577	310	6267
1329	6565	302	6263
1330	6513	299	6214
1331	6528	308	6220
1332	6550	312	6238
1333	6482	309	6173
1334	6446	298	6148
1335	6446	304	6142
1336	6450	320	6130
1337	6438	303	6135
1338	6405	293	6112
1339	6357	288	6069
1340	6316	302	6014
1341	6276	305	5971
1342	6286	297	5989
1343	6263	307	5956
1344	6204	307	5897
1345	6187	303	5884
1346	6159	303	5856
1347	6123	308	5815
1348	6059	315	5744
1349	6023	302	5721
1350	6001	299	5702
1351	5961	306	5655
1352	5890	310	5580
1353	5857	304	5553
1354	5834	290	5544
1355	5786	299	5487
1356	5721	307	5414
1357	5649	299	5350
1358	5588	293	5295
1359	5530	290	5240
1360	5498	290	5208
1361	5478	302	5176
1362	5416	299	5117
1363	5401	296	5105
1364	5377	306	5071
1365	5322	302	5020
1366	5287	301	4986
1367	5264	308	4956
1368	5232	306	4926
1369	5214	302	4912
1370	5201	304	4897
1371	5202	306	4896
1372	5160	310	4850
1373	5129	302	4827
1374	5114	301	4813
1375	5083	307	4776
1376	5052	305	4747
1377	5065	311	4754
1378	5027	300	4727
1379	5035	300	4735
1380	5013	305	4708
1381	4968	301	4667
1382	4952	292	4660
1383	4952	300	4652
1384	4941	304	4637
1385	4922	300	4622
1386	4932	303	4629
1387	4932	298	4634
1388	4937	295	4642
1389	4981	295	4686
1390	4987	300	4687
1391	4992	301	4691
1392	5005	305	4700
1393	5016	310	4706
1394	5034	312	4722
1395	5081	308	4773
1396	5063	297	4766
1397	5099	294	4805
1398	5152	295	4857
1399	5187	306	4881
1400	5189	302	4887
1401	5190	303	4887
1402	5215	304	4911
1403	5237	299	4938
1404	5241	299	4942
1405	5261	309	4952
1406	5292	316	4976
1407	5330	304	5026
1408	5346	309	5037
1409	5402	301	5101
1410	5457	298	5159
1411	5468	298	5170
1412	5496	299	5197
1413	5556	301	5255
1414	5584	295	5289
1415	5626	292	5334
1416	5642	303	5339
1417	5682	296	5386
1418	5734	304	5430
1419	5757	305	5452
1420	5783	302	5481
1421	5811	301	5510
1422	5867	303	5564
1423	5882	310	5572
1424	5928	309	5619
1425	5960	301	5659
1426	5977	307	5670
1427	6023	316	5707
1428	6080	311	5769
1429	6085	304	5781
1430	6072	302	5770
1431	6102	304	5798
1432	6084	302	5782
1433	6109	298	5811
1434	6085	297	5788
1435	6064	302	5762
1436	6109	294	5815
1437	6113	291	5822
1438	6111	294	5817
1439	6151	291	5860
1440	6185	297	5888
1441	6168	298	5870
1442	6133	290	5843
1443	6132	295	5837
1444	6155	297	5858
1445	6124	300	5824
1446	6111	296	5815
1447	6129	297	5832
1448	6119	300	5819
1449	6089	301	5788
1450	6061	297	5764
1451	6053	300	5753
1452	6035	296	5739
1453	6030	302	5728
1454	6024	309	5715
1455	6009	297	5712
1456	5961	298	5663
1457	5939	293	5646
1458	5904	291	5613
1459	5876	302	5574
1460	5862	311	5551
1461	5850	300	5550
1462	5818	306	5512
1463	5808	301	5507
1464	5805	293	5512
1465	5747	299	5448
1466	5689	294	5395
1467	5694	296	5398
1468	5654	298	5356
1469	5617	289	5328
1470	5593	296	5297
1471	5562	295	5267
1472	5513	306	5207
1473	5466	309	5157
1474	5438	294	5144
1475	5409	296	5113
1476	5352	296	5056
1477	5313	299	5014
1478	5282	307	4975
1479	5247	307	4940
1480	5197	304	4893
1481	5148	296	4852
1482	5134	305	4829
1483	5133	305	4828
1484	5081	296	4785
1485	5022	294	4728
1486	4970	303	4667
1487	4956	299	4657
1488	4891	297	4594
1489	4842	295	4547
1490	4836	304	4532
1491	4810	298	4512
1492	4781	295	4486
1493	4722	302	4420
1494	4695	306	4389
1495	4670	300	4370
1496	4653	299	4354
1497	4640	306	4334
1498	4623	302	4321
1499	4596	288	4308
1500	4557	288	4269
1501	4539	295	4244
1502	4506	287	4219
1503	4461	289	4172
1504	4473	306	4167
1505	4476	296	4180
1506	4449	299	4150
1507	4431	298	4133
1508	4425	296	4129
1509	4421	293	4128
1510	4382	288	4094
1511	4401	288	4113
1512	4379	299	4080
1513	4346	302	4044
1514	4377	308	4069
1515	4374	298	4076
1516	4310	296	4014
1517	4308	300	4008
1518	4331	306	4025
1519	4321	302	4019
1520	4326	298	4028
1521	4345	303	4042
1522	4337	306	4031
1523	4339	301	4038
1524	4312	298	4014
1525	4354	305	4049
1526	4375	303	4072
1527	4375	293	4082
1528	4354	289	4065
1529	4366	295	4071
1530	4390	303	4087
1531	4400	302	4098
1532	4424	308	4116
1533	4428	303	4125
1534	4440	302	4138
1535	4441	299	4142
1536	4461	293	4168
1537	4499	291	4208
1538	4526	302	4224
1539	4517	302	4215
1540	4522	301	4221
1541	4567	302	4265
1542	4577	307	4270
1543	4604	305	4299
1544	4643	297	4346
1545	4676	293	4383
1546	4710	299	4411
1547	4689	308	4381
1548	4685	298	4387
1549	4719	291	4428
1550	4770	297	4473
1551	4808	301	4507
1552	4817	301	4516
1553	4835	302	4533
1554	4855	303	4552
1555	4863	298	4565
1556	4879	299	4580
1557	4925	288	4637
1558	4952	294	4658
1559	4959	294	4665
1560	4988	299	4689
1561	5023	305	4718
1562	5037	296	4741
1563	5046	298	4748
1564	5070	295	4775
1565	5088	297	4791
1566	5103	308	4795
1567	5125	300	4825
1568	5113	296	4817
1569	5104	307	4797
1570	5123	303	4820
1571	5156	301	4855
1572	5163	297	4866
1573	5166	294	4872
1574	5175	298	4877
1575	5151	303	4848
1576	5162	293	4869
1577	5189	288	4901
1578	5175	295	4880
1579	5192	295	4897
1580	5213	287	4926
1581	5206	302	4904
1582	5167	301	4866
1583	5151	296	4855
1584	5145	294	4851
1585	5166	290	4876
1586	5126	294	4832
1587	5137	297	4840
1588	5135	304	4831
1589	5098	312	4786
1590	5047	311	4736
1591	5075	311	4764
1592	5052	306	4746
1593	5040	294	4746
1594	5044	301	4743
1595	4974	305	4669
1596	4962	302	4660
1597	4981	288	4693
1598	4954	300	4654
1599	4920	300	4620
1600	4892	295	4597
1601	4856	298	4558
1602	4827	301	4526
1603	4782	301	4481
1604	4745	304	4441
1605	4740	302	4438
1606	4752	297	4455
1607	4708	299	4409
1608	4657	304	4353
1609	4643	301	4342
1610	4612	299	4313
1611	4595	298	4297
1612	4571	295	4276
1613	4531	303	4228
1614	4494	292	4202
1615	4470	290	4180
1616	4454	297	4157
1617	4402	294	4108
1618	4356	294	4062
1619	4327	296	4031
1620	4309	292	4017
1621	4272	300	3972
1622	4214	303	3911
1623	4187	299	3888
1624	4164	303	3861
1625	4107	303	3804
1626	4093	309	3784
1627	4078	301	3777
1628	4021	303	3718
1629	3989	296	3693
1630	3955	294	3661
1631	3931	296	3635
1632	3894	302	3592
1633	3868	308	3560
1634	3846	299	3547
1635	3811	292	3519
1636	3805	300	3505
1637	3782	304	3478
1638	3734	300	3434
1639	3716	301	3415
1640	3700	306	3394
1641	3657	302	3355
1642	3637	299	3338
1643	3625	298	3327
1644	3580	297	3283
1645	3563	295	3268
1646	3570	300	3270
1647	3548	293	3255
1648	3552	300	3252
1649	3544	317	3227
1650	3519	301	3218
1651	3505	293	3212
1652	3517	293	3224
1653	3510	303	3207
1654	3462	298	3164
1655	3426	293	3133
1656	3393	299	3094
1657	3396	302	3094
1658	3374	300	3074
1659	3354	293	3061
1660	3367	299	3068
1661	3361	295	3066
1662	3347	290	3057
1663	3342	292	3050
1664	3325	306	3019
1665	3315	311	3004
1666	3299	299	3000
1667	3293	299	2994
1668	3270	301	2969
1669	3256	301	2955
1670	3242	294	2948
1671	3220	295	2925
1672	3217	293	2924
1673	3181	284	2897
1674	3161	293	2868
1675	3165	296	2869
1676	3169	296	2873
1677	3192	304	2888
1678	3144	303	2841
1679	3131	297	2834
1680	3147	298	2849
1681	3143	286	2857
1682	3143	288	2855
1683	3156	293	2863
1684	3144	289	2855
1685	3145	286	2859
1686	3127	281	2846
1687	3144	295	2849
1688	3145	300	2845
1689	3140	296	2844
1690	3143	296	2847
1691	3153	292	2861
1692	3120	285	2835
1693	3114	294	2820
1694	3154	313	2841
1695	3179	307	2872
1696	3163	300	2863
1697	3160	296	2864
1698	3157	295	2862
1699	3173	289	2884
1700	3181	289	2892
1701	3167	297	2870
1702	3177	299	2878
1703	3202	300	2902
1704	3218	299	2919
1705	3252	295	2957
1706	3273	290	2983
1707	3290	286	3004
1708	3290	288	3002
1709	3331	289	3042
1710	3361	288	3073
1711	3373	291	3082
1712	3369	298	3071
1713	3387	294	3093
1714	3380	289	3091
1715	3389	299	3090
1716	3408	298	3110
1717	3424	301	3123
1718	3430	293	3137
1719	3456	291	3165
1720	3489	289	3200
1721	3469	296	3173
1722	3481	296	3185
1723	3501	295	3206
1724	3511	292	3219
1725	3531	295	3236
1726	3542	303	3239
1727	3574	301	3273
1728	3606	288	3318
1729	3651	287	3364
1730	3675	294	3381
1731	3666	293	3373
1732	3668	295	3373
1733	3694	292	3402
1734	3713	294	3419
1735	3738	298	3440
1736	3753	286	3467
1737	3778	288	3490
1738	3830	298	3532
1739	3875	296	3579
1740	3887	290	3597
1741	3899	296	3603
1742	3880	300	3580
1743	3847	298	3549
1744	3830	295	3535
1745	3827	296	3531
1746	3810	290	3520
1747	3858	287	3571
1748	3865	301	3564
1749	3858	301	3557
1750	3859	301	3558
1751	3856	302	3554
1752	3848	298	3550
1753	3812	293	3519
1754	3795	293	3502
1755	3783	293	3490
1756	3777	294	3483
1757	3787	298	3489
1758	3790	300	3490
1759	3803	298	3505
1760	3813	308	3505
1761	3821	296	3525
1762	3811	298	3513
1763	3808	306	3502
1764	3816	302	3514
1765	3772	285	3487
1766	3751	289	3462
1767	3743	297	3446
1768	3689	301	3388
1769	3652	306	3346
1770	3657	307	3350
1771	3676	297	3379
1772	3652	292	3360
1773	3643	303	3340
1774	3611	299	3312
1775	3588	293	3295
1776	3587	299	3288
1777	3578	298	3280
1778	3561	307	3254
1779	3536	293	3243
1780	3499	292	3207
1781	3470	299	3171
1782	3436	295	3141
1783	3408	292	3116
1784	3379	295	3084
1785	3371	293	3078
1786	3363	297	3066
1787	3328	302	3026
1788	3286	291	2995
1789	3251	300	2951
1790	3232	306	2926
1791	3201	299	2902
1792	3188	300	2888
1793	3198	297	2901
1794	3190	307	2883
1795	3185	302	2883
1796	3144	296	2848
1797	3120	300	2820
1798	3121	307	2814
1799	3107	301	2806
1800	3048	297	2751
1801	3027	294	2733
1802	3027	298	2729
1803	3013	299	2714
1804	2992	298	2694
1805	2948	295	2653
1806	2926	291	2635
1807	2921	300	2621
1808	2902	304	2598
1809	2870	299	2571
1810	2819	305	2514
1811	2741	303	2438
1812	2696	286	2410
1813	2699	281	2418
1814	2672	298	2374
1815	2647	302	2345
1816	2626	311	2315
1817	2611	305	2306
1818	2583	299	2284
1819	2579	298	2281
1820	2561	288	2273
1821	2525	290	2235
1822	2515	293	2222
1823	2525	294	2231
1824	2491	311	2180
1825	2487	306	2181
1826	2471	304	2167
1827	2439	293	2146
1828	2435	288	2147
1829	2427	289	2138
1830	2421	291	2130
1831	2431	294	2137
1832	2427	299	2128
1833	2415	299	2116
1834	2415	299	2116
1835	2430	300	2130
1836	2416	294	2122
1837	2442	295	2147
1838	2448	293	2155
1839	2434	300	2134
1840	2408	311	2097
1841	2383	307	2076
1842	2346	298	2048
1843	2321	300	2021
1844	2294	302	1992
1845	2291	301	1990
1846	2289	302	1987
1847	2288	307	1981
1848	2260	302	1958
1849	2257	300	1957
1850	2265	296	1969
1851	2247	295	1952
1852	2210	289	1921
1853	2210	290	1920
1854	2202	295	1907
1855	2185	294	1891
1856	2158	297	1861
1857	2152	286	1866
1858	2166	296	1870
1859	2172	308	1864
1860	2147	299	1848
1861	2122	300	1822
1862	2130	306	1824
1863	2131	295	1836
1864	2117	292	1825
1865	2136	293	1843
1866	2121	293	1828
1867	2125	293	1832
1868	2118	294	1824
1869	2123	296	1827
1870	2143	296	1847
1871	2167	297	1870
1872	2165	294	1871
1873	2152	293	1859
1874	2144	294	1850
1875	2144	294	1850
1876	2179	295	1884
1877	2182	298	1884
1878	2192	290	1902
1879	2198	295	1903
1880	2186	305	1881
1881	2176	299	1877
1882	2140	291	1849
1883	2162	292	1870
1884	2164	299	1865
1885	2175	295	1880
1886	2173	300	1873
1887	2150	293	1857
1888	2142	290	1852
1889	2143	289	1854
1890	2112	295	1817
1891	2093	297	1796
1892	2087	299	1788
1893	2079	306	1773
1894	2100	299	1801
1895	2102	304	1798
1896	2112	304	1808
1897	2102	305	1797
1898	2124	301	1823
1899	2130	299	1831
1900	2094	291	1803
1901	2084	295	1789
1902	2092	300	1792
1903	2098	293	1805
1904	2079	299	1780
1905	2088	287	1801
1906	2077	289	1788
1907	2078	295	1783
1908	2087	289	1798
1909	2085	294	1791
1910	2078	298	1780
1911	2084	299	1785
1912	2074	297	1777
1913	2084	293	1791
1914	2075	291	1784
1915	2093	290	1803
1916	2071	295	1776
1917	2060	287	1773
1918	2070	292	1778
1919	2087	299	1788
1920	2091	286	1805
1921	2083	290	1793
1922	2083	299	1784
1923	2098	301	1797
1924	2097	297	1800
1925	2092	301	1791
1926	2097	299	1798
1927	2115	291	1824
1928	2115	295	1820
1929	2125	304	1821
1930	2107	303	1804
1931	2112	300	1812
1932	2107	295	1812
1933	2110	295	1815
1934	2089	307	1782
1935	2077	301	1776
1936	2055	298	1757
1937	2038	300	1738
1938	2027	301	1726
1939	2027	291	1736
1940	2014	284	1730
1941	2002	290	1712
1942	1988	299	1689
1943	1966	308	1658
1944	1960	308	1652
1945	1961	296	1665
1946	1943	293	1650
1947	1930	298	1632
1948	1941	289	1652
1949	1954	295	1659
1950	1961	305	1656
1951	1962	300	1662
1952	1961	297	1664
1953	1934	299	1635
1954	1923	303	1620
1955	1916	301	1615
1956	1908	295	1613
1957	1904	290	1614
1958	1900	294	1606
1959	1916	296	1620
1960	1915	286	1629
1961	1898	291	1607
1962	1883	299	1584
1963	1869	293	1576
1964	1831	294	1537
1965	1834	289	1545
1966	1825	292	1533
1967	1799	297	1502
1968	1793	300	1493
1969	1794	298	1496
1970	1777	294	1483
1971	1796	293	1503
1972	1772	287	1485
1973	1756	286	1470
1974	1744	291	1453
1975	1706	306	1400
1976	1700	303	1397
1977	1718	291	1427
1978	1698	296	1402
1979	1706	304	1402
1980	1699	308	1391
1981	1696	303	1393
1982	1679	298	1381
1983	1649	293	1356
1984	1647	285	1362
1985	1645	291	1354
1986	1635	304	1331
1987	1640	304	1336
1988	1617	296	1321
1989	1596	299	1297
1990	1576	299	1277
1991	1544	300	1244
1992	1534	298	1236
1993	1522	289	1233
1994	1527	298	1229
1995	1522	298	1224
1996	1479	299	1180
1997	1467	293	1174
1998	1468	287	1181
1999	1461	292	1169
2000	1432	292	1140
2001	1434	302	1132
2002	1409	306	1103
2003	1395	297	1098
2004	1376	295	1081
2005	1378	300	1078
2006	1384	295	1089
2007	1359	288	1071
2008	1350	294	1056
2009	1338	297	1041
2010	1334	300	1034
2011	1335	300	1035
2012	1323	295	1028
2013	1304	297	1007
2014	1296	305	991
2015	1289	306	983
2016	1288	302	986
2017	1297	293	1004
2018	1291	301	990
2019	1287	299	988
2020	1274	283	991
2021	1257	286	971
2022	1239	290	949
2023	1241	287	954
2024	1225	292	933
2025	1221	305	916
2026	1221	295	926
2027	1234	291	943
2028	1238	294	944
2029	1221	298	923
2030	1213	298	915
2031	1216	292	924
2032	1214	290	924
2033	1213	289	924
2034	1205	303	902
2035	1210	297	913
2036	1205	297	908
2037	1201	296	905
2038	1213	303	910
2039	1223	300	923
2040	1209	287	922
2041	1212	293	919
2042	1211	290	921
2043	1205	289	916
2044	1204	300	904
2045	1222	299	923
2046	1221	296	925
2047	1224	294	930
2048	1220	291	929
2049	1203	296	907
2050	1205	296	909
2051	1225	297	928
2052	1214	297	917
2053	1211	294	917
2054	1196	296	900
2055	1192	293	899
2056	1212	294	918
2057	1218	299	919
2058	1207	294	913
2059	1212	298	914
2060	1225	299	926
2061	1222	291	931
2062	1215	295	920
2063	1214	293	921
2064	1200	300	900
2065	1199	302	897
2066	1192	299	893
2067	1208	294	914
2068	1192	298	894
2069	1181	306	875
2070	1188	300	888
2071	1184	293	891
2072	1177	296	881
2073	1176	292	884
2074	1179	290	889
2075	1188	288	900
2076	1190	293	897
2077	1187	296	891
2078	1179	297	882
2079	1169	304	865
2080	1152	301	851
2081	1155	296	859
2082	1164	299	865
2083	1162	288	874
2084	1154	285	869
2085	1147	281	866
2086	1155	293	862
2087	1142	293	849
2088	1146	291	855
2089	1163	289	874
2090	1150	293	857
2091	1131	303	828
2092	1130	301	829
2093	1143	298	845
2094	1142	293	849
2095	1142	293	849
2096	1133	299	834
2097	1135	295	840
2098	1147	298	849
2099	1150	293	857
2100	1133	294	839
2101	1132	300	832
2102	1131	293	838
2103	1136	291	845
2104	1149	299	850
2105	1146	297	849
2106	1141	296	845
2107	1152	295	857
2108	1159	298	861
2109	1165	311	854
2110	1164	307	857
2111	1163	301	862
2112	1159	293	866
2113	1152	282	870
2114	1162	291	871
2115	1161	300	861
2116	1152	295	857
2117	1155	290	865
2118	1146	290	856
2119	1139	289	850
2120	1140	294	846
2121	1135	295	840
2122	1111	304	807
2123	1125	306	819
2124	1148	302	846
2125	1137	296	841
2126	1109	296	813
2127	1123	298	825
2128	1135	292	843
2129	1136	292	844
2130	1133	283	850
2131	1119	289	830
2132	1137	296	841
2133	1156	296	860
2134	1167	290	877
2135	1193	290	903
2136	1175	292	883
2137	1165	293	872
2138	1174	303	871
2139	1187	295	892
2140	1180	293	887
2141	1179	299	880
2142	1174	298	876
2143	1188	292	896
2144	1208	293	915
2145	1214	296	918
2146	1210	295	915
2147	1205	294	911
2148	1204	293	911
2149	1209	296	913
2150	1202	292	910
2151	1207	295	912
2152	1202	296	906
2153	1213	293	920
2154	1238	300	938
2155	1244	296	948
2156	1262	296	966
2157	1268	298	970
2158	1256	291	965
2159	1261	290	971
2160	1270	305	965
2161	1280	299	981
2162	1279	298	981
2163	1269	295	974
2164	1274	291	983
2165	1278	300	978
2166	1271	297	974
2167	1288	294	994
2168	1297	306	991
2169	1305	304	1001
2170	1308	298	1010
2171	1299	295	1004
2172	1304	292	1012
2173	1308	286	1022
2174	1305	295	1010
2175	1294	295	999
2176	1283	294	989
2177	1284	296	988
2178	1285	295	990
2179	1273	289	984
2180	1277	288	989
2181	1284	290	994
2182	1275	293	982
2183	1274	291	983
2184	1264	298	966
2185	1265	294	971
2186	1269	296	973
2187	1286	296	990
2188	1297	295	1002
2189	1281	295	986
2190	1264	299	965
2191	1266	298	968
2192	1263	305	958
2193	1270	304	966
2194	1271	295	976
2195	1265	296	969
2196	1252	300	952
2197	1237	292	945
2198	1226	294	932
2199	1228	298	930
2200	1232	301	931
2201	1233	298	935
2202	1206	292	914
2203	1203	291	912
2204	1221	302	919
2205	1209	306	903
2206	1206	305	901
2207	1216	298	918
2208	1206	300	906
2209	1206	297	909
2210	1215	299	916
2211	1199	297	902
2212	1180	290	890
2213	1180	294	886
2214	1179	304	875
2215	1174	292	882
2216	1171	293	878
2217	1163	300	863
2218	1154	295	859
2219	1157	289	868
2220	1153	292	861
2221	1153	294	859
2222	1150	304	846
2223	1142	300	842
2224	1143	301	842
2225	1159	295	864
2226	1146	287	859
2227	1141	293	848
2228	1154	303	851
2229	1151	301	850
2230	1148	293	855
2231	1150	296	854
2232	1147	291	856
2233	1145	297	848
2234	1159	297	862
2235	1163	298	865
2236	1150	293	857
2237	1160	291	869
2238	1166	295	871
2239	1157	291	866
2240	1152	295	857
2241	1158	295	863
2242	1160	295	865
2243	1159	300	859
2244	1175	295	880
2245	1194	293	901
2246	1185	298	887
2247	1194	300	894
2248	1191	299	892
2249	1213	297	916
2250	1215	302	913
2251	1216	299	917
2252	1223	295	928
2253	1230	287	943
2254	1236	295	941
2255	1244	299	945
2256	1252	288	964
2257	1264	286	978
2258	1275	291	984
2259	1284	293	991
2260	1282	298	984
2261	1293	296	997
2262	1301	297	1004
2263	1303	291	1012
2264	1309	298	1011
2265	1308	299	1009
2266	1303	296	1007
2267	1300	301	999
2268	1306	305	1001
2269	1316	297	1019
2270	1296	298	998
2271	1302	292	1010
2272	1309	296	1013
2273	1303	295	1008
2274	1301	305	996
2275	1326	314	1012
2276	1327	301	1026
2277	1329	298	1031
2278	1317	299	1018
2279	1308	296	1012
2280	1297	299	998
2281	1318	301	1017
2282	1326	303	1023
2283	1328	294	1034
2284	1339	304	1035
2285	1338	297	1041
2286	1320	301	1019
2287	1321	303	1018
2288	1310	291	1019
2289	1295	296	999
2290	1302	307	995
2291	1299	299	1000
2292	1297	294	1003
2293	1295	301	994
2294	1282	300	982
2295	1288	293	995
2296	1279	294	985
2297	1272	295	977
2298	1287	293	994
2299	1290	305	985
2300	1285	303	982
2301	1281	301	980
2302	1268	300	968
2303	1269	302	967
2304	1264	302	962
2305	1267	301	966
2306	1275	298	977
2307	1280	298	982
2308	1266	300	966
2309	1273	292	981
2310	1264	286	978
2311	1270	295	975
2312	1265	298	967
2313	1262	308	954
2314	1246	310	936
2315	1242	297	945
2316	1244	295	949
2317	1257	294	963
2318	1250	294	956
2319	1268	296	972
2320	1269	300	969
2321	1270	297	973
2322	1258	299	959
2323	1253	296	957
2324	1253	302	951
2325	1267	297	970
2326	1273	297	976
2327	1279	305	974
2328	1280	312	968
2329	1263	299	964
2330	1240	289	951
2331	1253	306	947
2332	1273	295	978
2333	1264	298	966
2334	1275	296	979
2335	1286	294	992
2336	1282	290	992
2337	1298	300	998
2338	1299	299	1000
2339	1308	295	1013
2340	1324	305	1019
2341	1331	305	1026
2342	1305	304	1001
2343	1307	301	1006
2344	1322	292	1030
2345	1338	290	1048
2346	1345	295	1050
2347	1357	295	1062
2348	1352	291	1061
2349	1354	297	1057
2350	1343	303	1040
2351	1364	301	1063
2352	1372	296	1076
2353	1368	292	1076
2354	1389	290	1099
2355	1407	284	1123
2356	1417	288	1129
2357	1425	286	1139
2358	1436	296	1140
2359	1442	295	1147
2360	1473	296	1177
2361	1501	289	1212
2362	1479	300	1179
2363	1490	296	1194
2364	1519	305	1214
2365	1527	303	1224
2366	1535	292	1243
2367	1557	293	1264
2368	1538	293	1245
2369	1546	295	1251
2370	1589	293	1296
2371	1607	290	1317
2372	1613	289	1324
2373	1603	290	1313
2374	1620	299	1321
2375	1637	300	1337
2376	1640	297	1343
2377	1640	290	1350
2378	1635	288	1347
2379	1643	294	1349
2380	1641	306	1335
2381	1661	302	1359
2382	1676	296	1380
2383	1677	287	1390
2384	1694	295	1399
2385	1709	302	1407
2386	1700	306	1394
2387	1716	298	1418
2388	1725	301	1424
2389	1733	295	1438
2390	1743	300	1443
2391	1746	295	1451
2392	1760	289	1471
2393	1767	293	1474
2394	1757	290	1467
2395	1768	293	1475
2396	1777	296	1481
2397	1775	298	1477
2398	1784	298	1486
2399	1799	296	1503
2400	1811	290	1521
2401	1809	296	1513
2402	1787	295	1492
2403	1784	281	1503
2404	1812	289	1523
2405	1824	296	1528
2406	1811	298	1513
2407	1798	296	1502
2408	1797	299	1498
2409	1789	297	1492
2410	1787	295	1492
2411	1780	298	1482
2412	1773	300	1473
2413	1785	296	1489
2414	1787	296	1491
2415	1791	295	1496
2416	1768	304	1464
2417	1750	298	1452
2418	1739	303	1436
2419	1740	307	1433
2420	1727	298	1429
2421	1756	294	1462
2422	1725	293	1432
2423	1707	297	1410
2424	1712	293	1419
2425	1712	293	1419
2426	1706	302	1404
2427	1687	296	1391
2428	1664	293	1371
2429	1663	291	1372
2430	1675	298	1377
2431	1653	297	1356
2432	1612	300	1312
2433	1631	294	1337
2434	1635	296	1339
2435	1612	290	1322
2436	1596	287	1309
2437	1594	295	1299
2438	1586	295	1291
2439	1604	303	1301
2440	1574	294	1280
2441	1570	283	1287
2442	1571	291	1280
2443	1561	293	1268
2444	1561	291	1270
2445	1566	288	1278
2446	1539	290	1249
2447	1524	301	1223
2448	1520	303	1217
2449	1516	298	1218
2450	1530	302	1228
2451	1537	292	1245
2452	1517	295	1222
2453	1502	291	1211
2454	1482	290	1192
2455	1468	304	1164
2456	1463	296	1167
2457	1487	289	1198
2458	1494	294	1200
2459	1492	290	1202
2460	1480	292	1188
2461	1462	285	1177
2462	1451	290	1161
2463	1465	285	1180
2464	1491	295	1196
2465	1490	294	1196
2466	1455	286	1169
2467	1453	292	1161
2468	1436	283	1153
2469	1462	304	1158
2470	1457	296	1161
2471	1466	292	1174
2472	1453	301	1152
2473	1455	296	1159
2474	1451	301	1150
2475	1466	303	1163
2476	1459	296	1163
2477	1458	291	1167
2478	1463	290	1173
2479	1469	292	1177
2480	1457	300	1157
2481	1465	298	1167
2482	1442	299	1143
2483	1442	309	1133
2484	1467	297	1170
2485	1463	295	1168
2486	1472	298	1174
2487	1480	298	1182
2488	1478	293	1185
2489	1486	286	1200
2490	1486	291	1195
2491	1493	285	1208
2492	1492	295	1197
2493	1505	297	1208
2494	1509	291	1218
2495	1506	297	1209
2496	1508	302	1206
2497	1524	304	1220
2498	1503	301	1202
2499	1510	295	1215
2500	1531	303	1228
2501	1530	307	1223
2502	1544	299	1245
2503	1579	298	1281
2504	1585	296	1289
2505	1574	292	1282
2506	1579	294	1285
2507	1601	284	1317
2508	1606	288	1318
2509	1622	295	1327
2510	1628	282	1346
2511	1618	289	1329
2512	1617	303	1314
2513	1634	302	1332
2514	1635	299	1336
2515	1654	299	1355
2516	1660	296	1364
2517	1697	291	1406
2518	1750	296	1454
2519	1811	298	1513
2520	1865	301	1564
2521	1921	302	1619
2522	1910	296	1614
2523	1878	292	1586
2524	1837	292	1545
2525	1833	286	1547
2526	1815	293	1522
2527	1813	299	1514
2528	1840	298	1542
2529	1849	294	1555
2530	1831	298	1533
2531	1840	299	1541
2532	1823	301	1522
2533	1824	301	1523
2534	1851	299	1552
2535	1837	291	1546
2536	1833	290	1543
2537	1831	301	1530
2538	1814	292	1522
2539	1817	293	1524
2540	1799	298	1501
2541	1817	293	1524
2542	1816	294	1522
2543	1797	301	1496
2544	1811	304	1507
2545	1814	303	1511
2546	1801	295	1506
2547	1793	291	1502
2548	1794	290	1504
2549	1793	289	1504
2550	1780	296	1484
2551	1771	288	1483
2552	1754	289	1465
2553	1725	300	1425
2554	1720	305	1415
2555	1725	300	1425
2556	1711	305	1406
2557	1711	292	1419
2558	1699	289	1410
2559	1688	298	1390
2560	1686	299	1387
2561	1665	293	1372
2562	1678	300	1378
2563	1665	301	1364
2564	1631	294	1337
2565	1628	296	1332
2566	1625	294	1331
2567	1628	295	1333
2568	1606	305	1301
2569	1595	306	1289
2570	1586	300	1286
2571	1581	294	1287
2572	1578	294	1284
2573	1584	290	1294
2574	1574	299	1275
2575	1576	301	1275
2576	1558	301	1257
2577	1532	286	1246
2578	1536	284	1252
2579	1555	301	1254
2580	1539	303	1236
2581	1532	297	1235
2582	1508	298	1210
2583	1502	292	1210
2584	1508	293	1215
2585	1522	301	1221
2586	1511	301	1210
2587	1510	292	1218
2588	1503	296	1207
2589	1485	299	1186
2590	1482	296	1186
2591	1494	290	1204
2592	1494	290	1204
2593	1500	303	1197
2594	1493	302	1191
2595	1481	294	1187
2596	1478	289	1189
2597	1508	284	1224
2598	1522	292	1230
2599	1520	297	1223
2600	1518	307	1211
2601	1532	301	1231
2602	1513	283	1230
2603	1528	288	1240
2604	1520	293	1227
2605	1516	293	1223
2606	1503	302	1201
2607	1526	301	1225
2608	1534	293	1241
2609	1530	297	1233
2610	1519	291	1228
2611	1542	288	1254
2612	1549	301	1248
2613	1558	306	1252
2614	1552	302	1250
2615	1571	296	1275
2616	1566	302	1264
2617	1579	304	1275
2618	1585	297	1288
2619	1587	292	1295
2620	1576	295	1281
2621	1600	306	1294
2622	1612	305	1307
2623	1624	298	1326
2624	1626	292	1334
2625	1648	295	1353
2626	1649	296	1353
2627	1656	299	1357
2628	1667	305	1362
2629	1690	298	1392
2630	1693	296	1397
2631	1693	308	1385
2632	1691	295	1396
2633	1706	291	1415
2634	1724	293	1431
2635	1748	290	1458
2636	1766	292	1474
2637	1753	285	1468
2638	1769	291	1478
2639	1785	287	1498
2640	1785	291	1494
2641	1808	298	1510
2642	1839	291	1548
2643	1847	294	1553
2644	1859	297	1562
2645	1863	291	1572
2646	1873	296	1577
2647	1873	296	1577
2648	1888	296	1592
2649	1941	299	1642
2650	1950	300	1650
2651	1975	293	1682
2652	1973	297	1676
2653	1984	296	1688
2654	2000	302	1698
2655	2006	303	1703
2656	2020	293	1727
2657	2037	294	1743
2658	2042	302	1740
2659	2059	304	1755
2660	2069	295	1774
2661	2081	290	1791
2662	2075	293	1782
2663	2088	288	1800
2664	2116	293	1823
2665	2152	288	1864
2666	2151	292	1859
2667	2171	294	1877
2668	2166	302	1864
2669	2159	305	1854
2670	2163	305	1858
2671	2171	296	1875
2672	2211	290	1921
2673	2236	292	1944
2674	2240	291	1949
2675	2245	299	1946
2676	2255	307	1948
2677	2274	297	1977
2678	2277	292	1985
2679	2288	302	1986
2680	2294	302	1992
2681	2292	294	1998
2682	2298	291	2007
2683	2301	301	2000
2684	2322	308	2014
2685	2353	298	2055
2686	2349	290	2059
2687	2373	293	2080
2688	2360	300	2060
2689	2343	297	2046
2690	2349	292	2057
2691	2353	297	2056
2692	2367	295	2072
2693	2390	287	2103
2694	2378	293	2085
2695	2367	297	2070
2696	2398	303	2095
2697	2377	297	2080
2698	2348	300	2048
2699	2379	291	2088
2700	2379	292	2087
2701	2382	296	2086
2702	2412	297	2115
2703	2400	290	2110
2704	2408	286	2122
2705	2388	296	2092
2706	2373	298	2075
2707	2369	294	2075
2708	2381	302	2079
2709	2383	297	2086
2710	2394	298	2096
2711	2391	301	2090
2712	2389	304	2085
2713	2404	298	2106
2714	2389	301	2088
2715	2381	297	2084
2716	2395	294	2101
2717	2417	291	2126
2718	2401	295	2106
2719	2375	297	2078
2720	2365	295	2070
2721	2374	288	2086
2722	2385	298	2087
2723	2382	301	2081
2724	2374	294	2080
2725	2386	291	2095
2726	2398	294	2104
2727	2388	290	2098
2728	2382	284	2098
2729	2390	288	2102
2730	2376	283	2093
2731	2387	296	2091
2732	2392	292	2100
2733	2390	296	2094
2734	2377	297	2080
2735	2381	298	2083
2736	2363	298	2065
2737	2356	294	2062
2738	2378	295	2083
2739	2377	302	2075
2740	2383	307	2076
2741	2390	302	2088
2742	2377	296	2081
2743	2367	286	2081
2744	2360	284	2076
2745	2356	294	2062
2746	2367	294	2073
2747	2370	297	2073
2748	2370	293	2077
2749	2368	287	2081
2750	2374	298	2076
2751	2400	300	2100
2752	2398	299	2099
2753	2391	293	2098
2754	2373	295	2078
2755	2387	291	2096
2756	2405	295	2110
2757	2382	290	2092
2758	2358	299	2059
2759	2370	297	2073
2760	2352	292	2060
2761	2365	285	2080
2762	2372	289	2083
2763	2382	294	2088
2764	2385	292	2093
2765	2396	290	2106
2766	2378	293	2085
2767	2382	300	2082
2768	2380	294	2086
2769	2381	294	2087
2770	2385	296	2089
2771	2388	294	2094
2772	2393	290	2103
2773	2402	288	2114
2774	2369	293	2076
2775	2368	298	2070
2776	2385	301	2084
2777	2393	301	2092
2778	2385	296	2089
2779	2384	301	2083
2780	2393	303	2090
2781	2385	299	2086
2782	2379	298	2081
2783	2383	291	2092
2784	2380	293	2087
2785	2375	291	2084
2786	2401	299	2102
2787	2400	297	2103
2788	2383	301	2082
2789	2395	294	2101
2790	2374	280	2094
2791	2382	287	2095
2792	2399	300	2099
2793	2370	297	2073
2794	2363	302	2061
2795	2384	306	2078
2796	2378	304	2074
2797	2368	289	2079
2798	2378	290	2088
2799	2375	294	2081
2800	2382	300	2082
2801	2364	290	2074
2802	2354	288	2066
2803	2361	301	2060
2804	2356	306	2050
2805	2372	297	2075
2806	2368	298	2070
2807	2356	296	2060
2808	2372	292	2080
2809	2379	282	2097
2810	2357	293	2064
2811	2370	297	2073
2812	2347	297	2050
2813	2345	294	2051
2814	2346	293	2053
2815	2364	306	2058
2816	2362	301	2061
2817	2356	301	2055
2818	2341	306	2035
2819	2336	298	2038
2820	2353	302	2051
2821	2362	305	2057
2822	2333	300	2033
2823	2344	301	2043
2824	2342	297	2045
2825	2330	295	2035
2826	2307	300	2007
2827	2304	296	2008
2828	2304	301	2003
2829	2330	299	2031
2830	2350	296	2054
2831	2326	288	2038
2832	2292	287	2005
2833	2292	291	2001
2834	2315	290	2025
2835	2306	282	2024
2836	2285	290	1995
2837	2264	302	1962
2838	2276	293	1983
2839	2287	293	1994
2840	2265	294	1971
2841	2258	289	1969
2842	2233	296	1937
2843	2237	293	1944
2844	2265	293	1972
2845	2266	297	1969
2846	2263	288	1975
2847	2245	285	1960
2848	2229	293	1936
2849	2243	306	1937
2850	2225	299	1926
2851	2237	292	1945
2852	2217	292	1925
2853	2222	292	1930
2854	2216	291	1925
2855	2207	289	1918
2856	2176	301	1875
2857	2185	301	1884
2858	2154	296	1858
2859	2155	297	1858
2860	2142	289	1853
2861	2126	290	1836
2862	2131	290	1841
2863	2128	290	1838
2864	2100	289	1811
2865	2120	292	1828
2866	2124	306	1818
2867	2093	303	1790
2868	2072	301	1771
2869	2054	292	1762
2870	2044	297	1747
2871	2037	299	1738
2872	2039	293	1746
2873	2042	301	1741
2874	2024	286	1738
2875	2019	291	1728
2876	2009	300	1709
2877	2020	297	1723
2878	1998	288	1710
2879	2005	294	1711
2880	1985	295	1690
2881	2001	296	1705
2882	1997	295	1702
2883	1997	293	1704
2884	1999	295	1704
2885	1997	291	1706
2886	1996	289	1707
2887	1995	301	1694
2888	1961	298	1663
2889	1954	300	1654
2890	1964	291	1673
2891	1971	286	1685
2892	1971	299	1672
2893	1957	300	1657
2894	1934	292	1642
2895	1946	294	1652
2896	1950	295	1655
2897	1940	296	1644
2898	1935	294	1641
2899	1904	293	1611
2900	1884	296	1588
2901	1889	290	1599
2902	1892	291	1601
2903	1901	285	1616
2904	1891	286	1605
2905	1856	291	1565
2906	1862	294	1568
2907	1874	301	1573
2908	1847	304	1543
2909	1849	292	1557
2910	1867	289	1578
2911	1864	292	1572
2912	1872	299	1573
2913	1859	300	1559
2914	1838	295	1543
2915	1831	291	1540
2916	1825	298	1527
2917	1857	291	1566
2918	1857	286	1571
2919	1860	292	1568
2920	1831	298	1533
2921	1835	304	1531
2922	1849	302	1547
2923	1841	291	1550
2924	1824	291	1533
2925	1819	294	1525
2926	1822	300	1522
2927	1826	295	1531
2928	1827	294	1533
2929	1829	296	1533
2930	1834	289	1545
2931	1834	299	1535
2932	1811	305	1506
2933	1794	304	1490
2934	1801	299	1502
2935	1802	293	1509
2936	1786	292	1494
2937	1791	298	1493
2938	1797	293	1504
2939	1811	297	1514
2940	1803	298	1505
2941	1798	302	1496
2942	1795	304	1491
2943	1811	304	1507
2944	1800	298	1502
2945	1803	300	1503
2946	1803	294	1509
2947	1818	294	1524
2948	1831	304	1527
2949	1829	301	1528
2950	1801	298	1503
2951	1814	290	1524
2952	1825	291	1534
2953	1828	286	1542
2954	1824	297	1527
2955	1829	299	1530
2956	1818	302	1516
2957	1820	295	1525
2958	1828	289	1539
2959	1813	289	1524
2960	1827	301	1526
2961	1845	297	1548
2962	1831	293	1538
2963	1836	285	1551
2964	1828	295	1533
2965	1832	309	1523
2966	1846	301	1545
2967	1858	298	1560
2968	1851	297	1554
2969	1856	295	1561
2970	1864	293	1571
2971	1875	298	1577
2972	1858	302	1556
2973	1840	301	1539
2974	1847	297	1550
2975	1853	299	1554
2976	1855	297	1558
2977	1865	287	1578
2978	1866	292	1574
2979	1859	294	1565
2980	1855	301	1554
2981	1856	300	1556
2982	1832	297	1535
2983	1845	296	1549
2984	1844	292	1552
2985	1859	296	1563
2986	1858	299	1559
2987	1880	300	1580
2988	1884	290	1594
2989	1891	298	1593
2990	1908	297	1611
2991	1902	293	1609
2992	1904	300	1604
2993	1893	296	1597
2994	1911	293	1618
2995	1925	293	1632
2996	1920	297	1623
2997	1918	294	1624
2998	1904	291	1613
2999	1916	286	1630
3000	1923	286	1637
3001	1894	287	1607
3002	1877	292	1585
3003	1886	307	1579
3004	1885	298	1587
3005	1881	294	1587
3006	1894	303	1591
3007	1889	300	1589
3008	1905	295	1610
3009	1927	294	1633
3010	1911	304	1607
3011	1913	298	1615
3012	1904	289	1615
3013	1913	287	1626
3014	1911	301	1610
3015	1898	306	1592
3016	1879	306	1573
3017	1873	298	1575
3018	1871	295	1576
3019	1879	296	1583
3020	1880	296	1584
3021	1889	297	1592
3022	1872	289	1583
3023	1873	288	1585
3024	1878	288	1590
3025	1896	294	1602
3026	1902	295	1607
3027	1921	288	1633
3028	1912	296	1616
3029	1881	299	1582
3030	1882	298	1584
3031	1885	295	1590
3032	1875	287	1588
3033	1875	298	1577
3034	1878	304	1574
3035	1880	292	1588
3036	1864	284	1580
3037	1872	295	1577
3038	1870	295	1575
3039	1875	296	1579
3040	1869	294	1575
3041	1862	295	1567
3042	1873	282	1591
3043	1862	290	1572
3044	1850	291	1559
3045	1846	304	1542
3046	1850	307	1543
3047	1848	296	1552
3048	1834	291	1543
3049	1823	296	1527
3050	1835	295	1540
3051	1856	291	1565
3052	1855	295	1560
3053	1859	302	1557
3054	1849	300	1549
3055	1848	290	1558
3056	1846	295	1551
3057	1850	298	1552
3058	1846	291	1555
3059	1849	286	1563
3060	1858	291	1567
3061	1836	296	1540
3062	1817	298	1519
3063	1818	291	1527
3064	1816	288	1528
3065	1812	288	1524
3066	1799	287	1512
3067	1816	302	1514
3068	1795	300	1495
3069	1796	293	1503
3070	1820	301	1519
3071	1834	292	1542
3072	1822	289	1533
3073	1816	292	1524
3074	1804	287	1517
3075	1811	294	1517
3076	1801	295	1506
3077	1792	286	1506
3078	1791	288	1503
3079	1787	289	1498
3080	1787	281	1506
3081	1797	290	1507
3082	1787	296	1491
3083	1774	293	1481
3084	1744	285	1459
3085	1758	295	1463
3086	1771	300	1471
3087	1791	295	1496
3088	1780	291	1489
3089	1794	286	1508
3090	1798	295	1503
3091	1804	297	1507
3092	1814	297	1517
3093	1820	303	1517
3094	1808	292	1516
3095	1825	290	1535
3096	1831	288	1543
3097	1829	287	1542
3098	1846	286	1560
3099	1847	304	1543
3100	1826	308	1518
3101	1832	299	1533
3102	1827	300	1527
3103	1827	296	1531
3104	1838	286	1552
3105	1831	290	1541
3106	1830	303	1527
3107	1819	301	1518
3108	1823	296	1527
3109	1824	292	1532
3110	1826	297	1529
3111	1849	293	1556
3112	1841	287	1554
3113	1842	282	1560
3114	1841	292	1549
3115	1859	293	1566
3116	1864	290	1574
3117	1871	292	1579
3118	1868	291	1577
3119	1868	297	1571
3120	1875	295	1580
3121	1870	285	1585
3122	1873	292	1581
3123	1894	297	1597
3124	1903	299	1604
3125	1884	294	1590
3126	1876	291	1585
3127	1872	288	1584
3128	1867	294	1573
3129	1876	297	1579
3130	1892	294	1598
3131	1900	296	1604
3132	1890	290	1600
3133	1907	285	1622
3134	1906	288	1618
3135	1913	292	1621
3136	1907	297	1610
3137	1879	295	1584
3138	1906	294	1612
3139	1921	296	1625
3140	1906	296	1610
3141	1910	294	1616
3142	1913	295	1618
3143	1929	292	1637
3144	1930	285	1645
3145	1940	294	1646
3146	1953	309	1644
3147	1980	306	1674
3148	2025	302	1723
3149	2052	295	1757
3150	2028	292	1736
3151	2036	297	1739
3152	2047	287	1760
3153	2046	298	1748
3154	2075	297	1778
3155	2094	284	1810
3156	2097	287	1810
3157	2107	288	1819
3158	2134	296	1838
3159	2188	301	1887
3160	2192	293	1899
3161	2232	285	1947
3162	2289	294	1995
3163	2287	290	1997
3164	2281	293	1988
3165	2342	298	2044
3166	2386	301	2085
3167	2446	302	2144
3168	2512	291	2221
3169	2537	294	2243
3170	2560	296	2264
3171	2599	294	2305
3172	2600	298	2302
3173	2619	298	2321
3174	2647	292	2355
3175	2660	300	2360
3176	2709	297	2412
3177	2752	297	2455
3178	2783	305	2478
3179	2858	302	2556
3180	2909	291	2618
3181	2940	297	2643
3182	2960	298	2662
3183	3014	292	2722
3184	3051	302	2749
3185	3118	295	2823
3186	3159	287	2872
3187	3180	294	2886
3188	3210	297	2913
3189	3252	293	2959
3190	3247	290	2957
3191	3245	295	2950
3192	3242	289	2953
3193	3237	291	2946
3194	3255	304	2951
3195	3304	293	3011
3196	3354	289	3065
3197	3428	298	3130
3198	3522	290	3232
3199	3590	294	3296
3200	3638	297	3341
3201	3680	289	3391
3202	3734	289	3445
3203	3762	306	3456
3204	3795	306	3489
3205	3848	298	3550
3206	3902	300	3602
3207	3939	298	3641
3208	3959	302	3657
3209	3984	309	3675
3210	3971	303	3668
3211	4010	298	3712
3212	4023	302	3721
3213	4048	300	3748
3214	4089	304	3785
3215	4140	299	3841
3216	4145	304	3841
3217	4137	303	3834
3218	4110	290	3820
3219	4103	299	3804
3220	4126	302	3824
3221	4133	298	3835
3222	4159	301	3858
3223	4207	303	3904
3224	4238	297	3941
3225	4281	280	4001
3226	4319	285	4034
3227	4373	303	4070
3228	4385	304	4081
3229	4435	292	4143
3230	4462	292	4170
3231	4493	302	4191
3232	4541	304	4237
3233	4572	296	4276
3234	4632	291	4341
3235	4725	292	4433
3236	4801	294	4507
3237	4890	294	4596
3238	4957	292	4665
3239	5011	300	4711
3240	5019	296	4723
3241	4966	298	4668
3242	4916	305	4611
3243	4876	297	4579
3244	4830	281	4549
3245	4835	280	4555
3246	4826	294	4532
3247	4811	302	4509
3248	4802	304	4498
3249	4792	294	4498
3250	4802	292	4510
3251	4798	300	4498
3252	4789	294	4495
3253	4779	290	4489
3254	4811	292	4519
3255	4833	297	4536
3256	4793	298	4495
3257	4791	292	4499
3258	4798	293	4505
3259	4788	299	4489
3260	4771	303	4468
3261	4780	297	4483
3262	4778	298	4480
3263	4781	294	4487
3264	4779	292	4487
3265	4837	294	4543
3266	4913	290	4623
3267	5053	298	4755
3268	5204	296	4908
3269	5311	305	5006
3270	5386	301	5085
3271	5408	292	5116
3272	5347	284	5063
3273	5328	294	5034
3274	5329	300	5029
3275	5363	292	5071
3276	5355	301	5054
3277	5318	304	5014
3278	5263	300	4963
3279	5264	301	4963
3280	5241	293	4948
3281	5152	290	4862
3282	5060	295	4765
3283	4984	302	4682
3284	4950	298	4652
3285	4857	294	4563
3286	4768	300	4468
3287	4705	295	4410
3288	4645	297	4348
3289	4638	293	4345
3290	4609	294	4315
3291	4619	298	4321
3292	4633	301	4332
3293	4649	294	4355
3294	4676	289	4387
3295	4703	291	4412
3296	4674	292	4382
3297	4655	300	4355
3298	4678	303	4375
3299	4697	298	4399
3300	4692	297	4395
3301	4699	299	4400
3302	4737	295	4442
3303	4725	292	4433
3304	4682	293	4389
3305	4683	282	4401
3306	4637	281	4356
3307	4581	296	4285
3308	4566	302	4264
3309	4519	305	4214
3310	4469	305	4164
3311	4404	300	4104
3312	4359	288	4071
3313	4310	283	4027
3314	4268	294	3974
3315	4249	295	3954
3316	4236	297	3939
3317	4228	295	3933
3318	4206	281	3925
3319	4221	279	3942
3320	4262	298	3964
3321	4257	295	3962
3322	4260	281	3979
3323	4238	291	3947
3324	4203	289	3914
3325	4213	297	3916
3326	4213	302	3911
3327	4189	299	3890
3328	4126	298	3828
3329	4110	302	3808
3330	4084	305	3779
3331	4037	300	3737
3332	4013	300	3713
3333	4001	298	3703
3334	3936	290	3646
3335	3890	290	3600
3336	3809	299	3510
3337	3744	294	3450
3338	3685	283	3402
3339	3634	286	3348
3340	3621	282	3339
3341	3574	288	3286
3342	3544	308	3236
3343	3531	303	3228
3344	3494	297	3197
3345	3462	294	3168
3346	3425	294	3131
3347	3394	288	3106
3348	3342	287	3055
3349	3297	287	3010
3350	3272	300	2972
3351	3251	301	2950
3352	3232	296	2936
3353	3188	295	2893
3354	3144	294	2850
3355	3123	289	2834
3356	3064	301	2763
3357	3040	293	2747
3358	3017	300	2717
3359	2980	295	2685
3360	2969	290	2679
3361	2962	295	2667
3362	2923	300	2623
3363	2876	298	2578
3364	2845	290	2555
3365	2820	282	2538
3366	2818	292	2526
3367	2853	301	2552
3368	2903	293	2610
3369	2929	282	2647
3370	2970	303	2667
3371	3024	304	2720
3372	3041	293	2748
3373	3032	289	2743
3374	3023	302	2721
3375	3004	308	2696
3376	2954	307	2647
3377	2919	306	2613
3378	2929	291	2638
3379	2918	288	2630
3380	2902	299	2603
3381	2883	299	2584
3382	2820	287	2533
3383	2779	297	2482
3384	2796	295	2501
3385	2774	288	2486
3386	2753	290	2463
3387	2770	289	2481
3388	2784	297	2487
3389	2791	295	2496
3390	2815	297	2518
3391	2823	308	2515
3392	2810	301	2509
3393	2792	293	2499
3394	2753	306	2447
3395	2705	298	2407
3396	2669	294	2375
3397	2642	298	2344
3398	2638	296	2342
3399	2616	286	2330
3400	2598	289	2309
3401	2585	286	2299
3402	2538	287	2251
3403	2508	302	2206
3404	2496	308	2188
3405	2471	296	2175
3406	2460	286	2174
3407	2436	296	2140
3408	2404	298	2106
3409	2388	298	2090
3410	2359	298	2061
3411	2378	297	2081
3412	2384	288	2096
3413	2385	287	2098
3414	2367	299	2068
3415	2351	301	2050
3416	2346	294	2052
3417	2333	296	2037
3418	2310	303	2007
3419	2283	301	1982
3420	2261	302	1959
3421	2256	287	1969
3422	2257	284	1973
3423	2280	300	1980
3424	2320	295	2025
3425	2385	299	2086
3426	2398	294	2104
3427	2409	297	2112
3428	2406	290	2116
3429	2371	294	2077
3430	2332	296	2036
3431	2296	297	1999
3432	2274	299	1975
3433	2268	292	1976
3434	2273	296	1977
3435	2298	300	1998
3436	2315	305	2010
3437	2308	298	2010
3438	2324	286	2038
3439	2306	290	2016
3440	2304	297	2007
3441	2299	303	1996
3442	2278	295	1983
3443	2284	294	1990
3444	2257	290	1967
3445	2240	285	1955
3446	2264	292	1972
3447	2260	296	1964
3448	2234	289	1945
3449	2231	294	1937
3450	2196	300	1896
3451	2167	291	1876
3452	2149	298	1851
3453	2130	307	1823
3454	2121	300	1821
3455	2141	297	1844
3456	2161	300	1861
3457	2144	299	1845
3458	2122	299	1823
3459	2117	296	1821
3460	2107	290	1817
3461	2137	305	1832
3462	2112	305	1807
3463	2122	304	1818
3464	2153	300	1853
3465	2139	305	1834
3466	2131	299	1832
3467	2135	288	1847
3468	2151	290	1861
3469	2155	292	1863
3470	2166	291	1875
3471	2176	297	1879
3472	2139	297	1842
3473	2102	284	1818
3474	2063	290	1773
3475	2041	291	1750
3476	2028	289	1739
3477	2002	294	1708
3478	1976	306	1670
3479	1969	296	1673
3480	1957	280	1677
3481	1939	282	1657
3482	1916	287	1629
3483	1913	286	1627
3484	1914	288	1626
3485	1925	292	1633
3486	1927	297	1630
3487	1927	296	1631
3488	1915	296	1619
3489	1919	292	1627
3490	1934	288	1646
3491	1924	290	1634
3492	1904	298	1606
3493	1894	302	1592
3494	1890	301	1589
3495	1868	286	1582
3496	1841	286	1555
3497	1830	292	1538
3498	1790	297	1493
3499	1789	292	1497
3500	1805	291	1514
3501	1786	291	1495
3502	1786	289	1497
3503	1813	296	1517
3504	1808	291	1517
3505	1767	287	1480
3506	1737	297	1440
3507	1733	292	1441
3508	1757	284	1473
3509	1756	288	1468
3510	1730	293	1437
3511	1693	303	1390
3512	1671	305	1366
3513	1667	300	1367
3514	1654	297	1357
3515	1638	284	1354
3516	1616	287	1329
3517	1626	288	1338
3518	1620	296	1324
3519	1617	293	1324
3520	1615	299	1316
3521	1601	304	1297
3522	1590	301	1289
3523	1567	293	1274
3524	1550	283	1267
3525	1547	285	1262
3526	1527	296	1231
3527	1533	302	1231
3528	1534	292	1242
3529	1537	292	1245
3530	1561	291	1270
3531	1585	287	1298
3532	1600	299	1301
3533	1609	296	1313
3534	1579	303	1276
3535	1542	300	1242
3536	1530	294	1236
3537	1497	294	1203
3538	1469	304	1165
3539	1460	305	1155
3540	1455	303	1152
3541	1469	305	1164
3542	1470	303	1167
3543	1459	297	1162
3544	1453	286	1167
3545	1451	294	1157
3546	1428	290	1138
3547	1416	289	1127
3548	1417	296	1121
3549	1431	289	1142
3550	1421	296	1125
3551	1390	293	1097
3552	1362	299	1063
3553	1350	297	1053
3554	1348	292	1056
3555	1333	301	1032
3556	1336	296	1040
3557	1347	292	1055
3558	1357	293	1064
3559	1360	299	1061
3560	1362	298	1064
3561	1359	301	1058
3562	1343	295	1048
3563	1329	304	1025
3564	1292	308	984
3565	1275	289	986
3566	1282	293	989
3567	1280	294	986
3568	1287	291	996
3569	1308	304	1004
3570	1302	303	999
3571	1288	294	994
3572	1269	288	981
3573	1265	282	983
3574	1265	295	970
3575	1250	296	954
3576	1239	286	953
3577	1235	293	942
3578	1236	298	938
3579	1234	292	942
3580	1213	293	920
3581	1219	299	920
3582	1215	296	919
3583	1222	292	930
3584	1225	302	923
3585	1220	296	924
3586	1215	297	918
3587	1222	296	926
3588	1220	288	932
3589	1204	292	912
3590	1175	293	882
3591	1147	294	853
3592	1107	295	812
3593	1090	294	796
3594	1101	295	806
3595	1119	298	821
3596	1116	292	824
3597	1122	287	835
3598	1101	289	812
3599	1095	295	800
3600	1090	295	795
3601	1097	290	807
3602	1071	289	782
3603	1061	302	759
3604	1078	302	776
3605	1072	298	774
3606	1065	303	762
3607	1070	300	770
3608	1060	305	755
3609	1056	296	760
3610	1047	296	751
3611	1033	304	729
3612	1022	303	719
3613	1018	295	723
3614	1005	295	710
3615	991	294	697
3616	981	291	690
3617	990	287	703
3618	981	293	688
3619	977	289	688
3620	961	285	676
3621	967	295	672
3622	957	299	658
3623	955	290	665
3624	961	284	677
3625	954	296	658
3626	952	303	649
3627	951	305	646
3628	950	301	649
3629	949	296	653
3630	951	296	655
3631	950	292	658
3632	949	296	653
3633	947	292	655
3634	928	284	644
3635	904	289	615
3636	904	294	610
3637	890	295	595
3638	865	301	564
3639	862	301	561
3640	855	292	563
3641	851	292	559
3642	842	298	544
3643	846	298	548
3644	842	301	541
3645	839	294	545
3646	839	291	548
3647	847	295	552
3648	854	296	558
