index	original	background	difference
-----------------------------------------------------
1	533	346	187
2	535	356	179
3	521	362	159
4	523	357	166
5	549	352	197
6	532	352	180
7	533	359	174
8	511	364	147
9	521	360	161
10	534	370	164
11	504	363	141
12	518	359	159
13	532	365	167
14	533	359	174
15	533	350	183
16	521	346	175
17	540	360	180
18	524	357	167
19	534	350	184
20	532	359	173
21	533	363	170
22	533	360	173
23	526	362	164
24	518	361	157
25	532	355	177
26	545	368	177
27	539	371	168
28	518	360	158
29	541	365	176
30	514	371	143
31	530	369	161
32	531	361	170
33	531	369	162
34	535	379	156
35	538	366	172
36	522	363	159
37	529	359	170
38	525	362	163
39	526	359	167
40	527	359	168
41	513	366	147
42	509	363	146
43	520	370	150
44	516	367	149
45	538	353	185
46	548	358	190
47	536	367	169
48	540	364	176
49	537	375	162
50	515	379	136
51	516	377	139
52	532	372	160
53	537	367	170
54	549	380	169
55	525	375	150
56	537	372	165
57	532	374	158
58	534	376	158
59	522	370	152
60	518	373	145
61	525	374	151
62	531	370	161
63	544	376	168
64	531	368	163
65	527	373	154
66	538	379	159
67	527	371	156
68	536	368	168
69	537	363	174
70	506	361	145
71	505	368	137
72	515	377	138
73	523	378	145
74	523	381	142
75	510	374	136
76	528	364	164
77	514	355	159
78	516	367	149
79	526	371	155
80	515	368	147
81	543	373	170
82	563	381	182
83	550	368	182
84	487	373	114
85	505	378	127
86	535	370	165
87	544	371	173
88	517	363	154
89	541	364	177
90	544	374	170
91	535	381	154
92	538	379	159
93	551	372	179
94	547	369	178
95	532	373	159
96	514	367	147
97	547	361	186
98	569	370	199
99	537	372	165
100	535	377	158
101	534	379	155
102	521	376	145
103	536	370	166
104	506	369	137
105	507	378	129
106	532	377	155
107	535	373	162
108	541	371	170
109	544	371	173
110	540	373	167
111	535	370	165
112	548	364	184
113	554	377	177
114	532	375	157
115	534	374	160
116	543	376	167
117	528	372	156
118	522	378	144
119	542	378	164
120	540	369	171
121	518	365	153
122	527	366	161
123	521	378	143
124	524	391	133
125	522	375	147
126	500	368	132
127	520	367	153
128	531	374	157
129	545	381	164
130	541	376	165
131	538	376	162
132	506	369	137
133	491	369	122
134	505	368	137
135	519	375	144
136	523	383	140
137	545	378	167
138	559	377	182
139	533	368	165
140	518	378	140
141	525	386	139
142	522	385	137
143	524	369	155
144	532	369	163
145	526	378	148
146	499	367	132
147	514	365	149
148	519	376	143
149	521	371	150
150	513	381	132
151	531	394	137
152	534	381	153
153	543	372	171
154	535	369	166
155	528	364	164
156	517	369	148
157	504	368	136
158	517	364	153
159	520	374	146
160	523	374	149
161	545	370	175
162	546	370	176
163	527	378	149
164	549	373	176
165	537	373	164
166	515	382	133
167	501	379	122
168	512	376	136
169	520	368	152
170	507	368	139
171	501	366	135
172	517	373	144
173	539	369	170
174	541	372	169
175	530	370	160
176	503	371	132
177	494	363	131
178	527	369	158
179	522	368	154
180	496	379	117
181	516	373	143
182	539	373	166
183	527	373	154
184	497	372	125
185	512	368	144
186	518	373	145
187	530	362	168
188	527	364	163
189	527	373	154
190	535	371	164
191	538	373	165
192	523	374	149
193	532	373	159
194	531	365	166
195	518	364	154
196	506	368	138
197	513	366	147
198	511	368	143
199	512	380	132
200	518	379	139
201	531	374	157
202	524	380	144
203	529	371	158
204	542	367	175
205	526	371	155
206	512	364	148
207	506	365	141
208	488	371	117
209	499	377	122
210	514	372	142
211	498	380	118
212	493	377	116
213	494	366	128
214	522	370	152
215	538	375	163
216	523	374	149
217	500	373	127
218	521	371	150
219	563	361	202
220	535	370	165
221	525	365	160
222	521	366	155
223	520	368	152
224	534	371	163
225	524	374	150
226	534	365	169
227	517	368	149
228	511	361	150
229	521	368	153
230	527	372	155
231	515	369	146
232	518	370	148
233	516	366	150
234	504	367	137
235	499	369	130
236	500	361	139
237	515	363	152
238	534	370	164
239	509	364	145
240	519	357	162
241	511	363	148
242	508	362	146
243	517	364	153
244	516	367	149
245	530	374	156
246	530	378	152
247	532	373	159
248	534	367	167
249	538	360	178
250	521	370	151
251	495	364	131
252	533	367	166
253	535	363	172
254	517	366	151
255	521	369	152
256	518	372	146
257	518	381	137
258	494	371	123
259	497	359	138
260	531	361	170
261	532	368	164
262	508	361	147
263	533	368	165
264	523	371	152
265	511	369	142
266	499	372	127
267	506	373	133
268	508	367	141
269	536	365	171
270	543	363	180
271	525	367	158
272	507	370	137
273	529	364	165
274	528	365	163
275	529	371	158
276	509	374	135
277	504	368	136
278	500	366	134
279	517	365	152
280	516	367	149
281	515	365	150
282	514	360	154
283	516	352	164
284	509	361	148
285	482	357	125
286	507	352	155
287	508	360	148
288	522	368	154
289	502	375	127
290	500	365	135
291	502	351	151
292	525	364	161
293	526	365	161
294	524	357	167
295	512	361	151
296	518	361	157
297	514	368	146
298	507	370	137
299	501	359	142
300	503	359	144
301	493	350	143
302	479	358	121
303	483	354	129
304	524	352	172
305	515	360	155
306	514	365	149
307	497	364	133
308	505	353	152
309	510	351	159
310	487	351	136
311	489	356	133
312	517	361	156
313	512	352	160
314	509	352	157
315	499	353	146
316	502	358	144
317	504	360	144
318	513	362	151
319	513	365	148
320	534	364	170
321	531	368	163
322	517	371	146
323	510	369	141
324	510	365	145
325	515	363	152
326	537	360	177
327	533	354	179
328	507	365	142
329	497	366	131
330	490	362	128
331	517	353	164
332	515	353	162
333	480	358	122
334	497	361	136
335	513	353	160
336	490	359	131
337	500	367	133
338	528	362	166
339	528	356	172
340	501	351	150
341	496	354	142
342	524	362	162
343	519	355	164
344	508	368	140
345	506	366	140
346	499	360	139
347	491	362	129
348	509	353	156
349	511	354	157
350	517	368	149
351	514	370	144
352	500	356	144
353	483	360	123
354	488	365	123
355	483	364	119
356	479	355	124
357	496	365	131
358	487	370	117
359	507	362	145
360	502	354	148
361	484	358	126
362	521	357	164
363	496	347	149
364	474	357	117
365	501	358	143
366	501	357	144
367	488	354	134
368	491	355	136
369	514	357	157
370	522	358	164
371	509	356	153
372	514	358	156
373	509	357	152
374	500	360	140
375	488	353	135
376	491	359	132
377	490	361	129
378	480	352	128
379	529	354	175
380	542	365	177
381	508	358	150
382	498	360	138
383	510	361	149
384	506	355	151
385	485	354	131
386	502	349	153
387	495	351	144
388	491	354	137
389	495	356	139
390	478	349	129
391	493	356	137
392	487	360	127
393	504	352	152
394	513	361	152
395	500	366	134
396	492	371	121
397	484	358	126
398	494	349	145
399	509	353	156
400	504	357	147
401	496	356	140
402	515	358	157
403	511	351	160
404	514	354	160
405	542	346	196
406	534	348	186
407	532	351	181
408	514	362	152
409	508	368	140
410	515	362	153
411	514	360	154
412	519	364	155
413	501	366	135
414	475	359	116
415	484	357	127
416	500	370	130
417	467	364	103
418	467	365	102
419	498	367	131
420	481	367	114
421	497	359	138
422	511	363	148
423	496	358	138
424	478	368	110
425	506	362	144
426	492	354	138
427	496	349	147
428	529	356	173
429	512	359	153
430	504	357	147
431	514	354	160
432	522	351	171
433	500	359	141
434	475	357	118
435	502	352	150
436	522	356	166
437	490	358	132
438	482	355	127
439	495	349	146
440	501	351	150
441	503	357	146
442	491	358	133
443	482	358	124
444	480	363	117
445	487	363	124
446	512	355	157
447	494	346	148
448	479	345	134
449	497	350	147
450	492	346	146
451	488	359	129
452	482	361	121
453	472	357	115
454	468	358	110
455	493	351	142
456	494	352	142
457	475	359	116
458	487	360	127
459	483	353	130
460	491	355	136
461	486	357	129
462	498	364	134
463	472	357	115
464	485	349	136
465	503	360	143
466	479	362	117
467	472	355	117
468	470	352	118
469	464	358	106
470	467	361	106
471	460	354	106
472	475	349	126
473	485	347	138
474	485	360	125
475	514	365	149
476	523	369	154
477	505	363	142
478	504	356	148
479	504	357	147
480	512	341	171
481	508	352	156
482	494	356	138
483	486	358	128
484	513	353	160
485	514	353	161
486	490	357	133
487	494	366	128
488	502	349	153
489	499	351	148
490	497	352	145
491	478	347	131
492	497	347	150
493	524	351	173
494	504	348	156
495	493	345	148
496	498	353	145
497	508	355	153
498	516	359	157
499	510	352	158
500	489	356	133
501	504	349	155
502	510	349	161
503	483	345	138
504	476	348	128
505	515	352	163
506	495	346	149
507	501	340	161
508	517	341	176
509	520	346	174
510	515	355	160
511	518	350	168
512	531	340	191
513	530	342	188
514	513	350	163
515	491	353	138
516	500	354	146
517	467	353	114
518	493	351	142
519	503	352	151
520	491	341	150
521	498	340	158
522	510	348	162
523	494	351	143
524	494	354	140
525	511	351	160
526	523	350	173
527	504	344	160
528	504	349	155
529	527	350	177
530	528	343	185
531	509	337	172
532	498	345	153
533	494	346	148
534	494	343	151
535	505	345	160
536	506	358	148
537	503	345	158
538	526	347	179
539	525	357	168
540	516	348	168
541	513	345	168
542	526	350	176
543	540	343	197
544	565	344	221
545	559	347	212
546	539	351	188
547	536	349	187
548	531	352	179
549	518	342	176
550	520	338	182
551	527	342	185
552	531	346	185
553	514	341	173
554	531	346	185
555	535	341	194
556	548	348	200
557	548	347	201
558	547	341	206
559	526	344	182
560	513	342	171
561	534	349	185
562	561	346	215
563	557	343	214
564	550	342	208
565	540	342	198
566	518	344	174
567	513	348	165
568	526	352	174
569	530	348	182
570	526	335	191
571	551	332	219
572	576	347	229
573	563	352	211
574	558	360	198
575	553	357	196
576	577	356	221
577	566	345	221
578	556	341	215
579	558	344	214
580	562	348	214
581	546	348	198
582	549	344	205
583	541	337	204
584	581	328	253
585	587	348	239
586	569	345	224
587	584	342	242
588	601	349	252
589	601	345	256
590	565	349	216
591	581	353	228
592	590	338	252
593	587	343	244
594	582	339	243
595	576	339	237
596	568	340	228
597	600	341	259
598	600	343	257
599	597	348	249
600	617	344	273
601	634	346	288
602	632	343	289
603	608	352	256
604	634	349	285
605	662	345	317
606	649	352	297
607	636	348	288
608	614	337	277
609	630	334	296
610	635	346	289
611	625	345	280
612	657	334	323
613	693	338	355
614	686	342	344
615	696	342	354
616	697	341	356
617	680	342	338
618	656	335	321
619	672	337	335
620	700	349	351
621	736	339	397
622	741	336	405
623	732	339	393
624	738	342	396
625	729	340	389
626	732	342	390
627	728	337	391
628	747	340	407
629	744	342	402
630	759	343	416
631	788	349	439
632	789	357	432
633	778	354	424
634	794	346	448
635	833	339	494
636	855	337	518
637	842	346	496
638	862	345	517
639	881	344	537
640	879	340	539
641	906	336	570
642	924	341	583
643	913	346	567
644	932	345	587
645	946	338	608
646	930	344	586
647	924	343	581
648	954	344	610
649	998	346	652
650	949	341	608
651	941	345	596
652	1000	345	655
653	1016	348	668
654	1027	348	679
655	1049	344	705
656	1070	343	727
657	1085	344	741
658	1050	332	718
659	1086	329	757
660	1130	341	789
661	1099	337	762
662	1102	343	759
663	1141	350	791
664	1157	345	812
665	1165	333	832
666	1174	337	837
667	1178	346	832
668	1214	351	863
669	1210	347	863
670	1245	344	901
671	1279	344	935
672	1287	333	954
673	1315	338	977
674	1323	346	977
675	1320	343	977
676	1353	346	1007
677	1389	333	1056
678	1412	338	1074
679	1461	336	1125
680	1474	349	1125
681	1476	347	1129
682	1475	343	1132
683	1545	340	1205
684	1561	337	1224
685	1574	335	1239
686	1648	342	1306
687	1695	345	1350
688	1687	341	1346
689	1690	344	1346
690	1747	344	1403
691	1765	344	1421
692	1797	344	1453
693	1780	334	1446
694	1742	334	1408
695	1790	346	1444
696	1862	338	1524
697	1864	338	1526
698	1877	340	1537
699	1936	336	1600
700	1951	347	1604
701	1946	344	1602
702	1926	342	1584
703	1926	336	1590
704	1962	343	1619
705	2030	338	1692
706	2013	330	1683
707	2015	331	1684
708	2061	342	1719
709	2080	346	1734
710	2061	353	1708
711	2057	338	1719
712	2093	334	1759
713	2109	339	1770
714	2159	339	1820
715	2231	343	1888
716	2266	327	1939
717	2305	323	1982
718	2308	330	1978
719	2314	332	1982
720	2333	334	1999
721	2347	328	2019
722	2401	334	2067
723	2456	333	2123
724	2469	338	2131
725	2476	345	2131
726	2436	336	2100
727	2514	325	2189
728	2569	329	2240
729	2615	341	2274
730	2657	340	2317
731	2645	345	2300
732	2653	344	2309
733	2685	342	2343
734	2787	347	2440
735	2820	341	2479
736	2811	332	2479
737	2889	331	2558
738	2898	345	2553
739	2890	337	2553
740	2902	339	2563
741	2991	347	2644
742	2984	338	2646
743	3001	335	2666
744	3111	347	2764
745	3102	341	2761
746	3065	334	2731
747	3068	338	2730
748	3084	335	2749
749	3131	335	2796
750	3170	341	2829
751	3140	336	2804
752	3166	338	2828
753	3253	337	2916
754	3274	336	2938
755	3244	342	2902
756	3260	340	2920
757	3245	346	2899
758	3210	341	2869
759	3214	348	2866
760	3218	345	2873
761	3198	337	2861
762	3151	339	2812
763	3152	329	2823
764	3217	323	2894
765	3237	331	2906
766	3264	333	2931
767	3283	335	2948
768	3257	340	2917
769	3276	333	2943
770	3301	324	2977
771	3281	334	2947
772	3289	342	2947
773	3254	333	2921
774	3293	339	2954
775	3280	343	2937
776	3301	343	2958
777	3276	337	2939
778	3309	336	2973
779	3340	346	2994
780	3279	351	2928
781	3276	342	2934
782	3278	339	2939
783	3331	341	2990
784	3385	335	3050
785	3392	342	3050
786	3421	344	3077
787	3479	345	3134
788	3505	346	3159
789	3516	338	3178
790	3511	330	3181
791	3571	326	3245
792	3585	341	3244
793	3530	337	3193
794	3583	332	3251
795	3651	340	3311
796	3676	337	3339
797	3693	341	3352
798	3689	346	3343
799	3704	349	3355
800	3739	347	3392
801	3739	345	3394
802	3701	331	3370
803	3653	328	3325
804	3675	328	3347
805	3743	334	3409
806	3789	333	3456
807	3801	337	3464
808	3798	346	3452
809	3830	349	3481
810	3772	341	3431
811	3794	332	3462
812	3864	335	3529
813	3804	333	3471
814	3758	330	3428
815	3759	331	3428
816	3827	341	3486
817	3787	344	3443
818	3734	337	3397
819	3718	339	3379
820	3679	336	3343
821	3698	335	3363
822	3751	337	3414
823	3711	336	3375
824	3674	338	3336
825	3657	325	3332
826	3695	324	3371
827	3706	326	3380
828	3679	333	3346
829	3648	343	3305
830	3631	341	3290
831	3623	330	3293
832	3623	327	3296
833	3653	331	3322
834	3679	335	3344
835	3660	320	3340
836	3615	326	3289
837	3674	334	3340
838	3691	330	3361
839	3667	326	3341
840	3638	334	3304
841	3618	337	3281
842	3646	334	3312
843	3618	330	3288
844	3717	329	3388
845	3715	325	3390
846	3730	328	3402
847	3813	332	3481
848	3761	334	3427
849	3748	334	3414
850	3784	330	3454
851	3814	329	3485
852	3787	333	3454
853	3809	322	3487
854	3859	325	3534
855	3862	331	3531
856	3932	332	3600
857	3988	327	3661
858	3979	334	3645
859	3958	327	3631
860	3982	328	3654
861	3979	330	3649
862	4020	330	3690
863	4009	335	3674
864	4022	331	3691
865	4010	332	3678
866	4085	331	3754
867	4020	324	3696
868	3996	322	3674
869	4053	321	3732
870	4082	329	3753
871	4102	323	3779
872	4127	328	3799
873	4190	330	3860
874	4152	322	3830
875	4091	327	3764
876	4169	338	3831
877	4193	328	3865
878	4194	318	3876
879	4114	318	3796
880	4106	335	3771
881	4120	331	3789
882	4086	332	3754
883	4055	330	3725
884	4016	335	3681
885	4032	332	3700
886	4062	319	3743
887	4065	319	3746
888	4020	334	3686
889	3953	325	3628
890	3997	325	3672
891	4093	321	3772
892	4007	320	3687
893	4004	321	3683
894	4083	326	3757
895	4023	332	3691
896	3954	332	3622
897	3927	329	3598
898	3887	328	3559
899	3917	325	3592
900	3934	328	3606
901	3933	325	3608
902	3891	324	3567
903	3895	336	3559
904	3972	329	3643
905	3966	316	3650
906	3944	321	3623
907	3929	335	3594
908	3859	337	3522
909	3903	330	3573
910	3917	336	3581
911	3893	335	3558
912	3890	332	3558
913	3870	325	3545
914	3935	321	3614
915	3994	321	3673
916	3970	322	3648
917	3985	317	3668
918	4035	321	3714
919	4080	319	3761
920	4068	323	3745
921	4057	321	3736
922	4131	322	3809
923	4142	330	3812
924	4119	327	3792
925	4098	327	3771
926	4146	330	3816
927	4246	333	3913
928	4281	326	3955
929	4267	329	3938
930	4269	337	3932
931	4271	332	3939
932	4290	323	3967
933	4296	329	3967
934	4316	334	3982
935	4374	327	4047
936	4352	331	4021
937	4342	326	4016
938	4384	322	4062
939	4416	324	4092
940	4399	318	4081
941	4400	321	4079
942	4428	330	4098
943	4469	323	4146
944	4492	319	4173
945	4452	319	4133
946	4426	325	4101
947	4396	322	4074
948	4447	320	4127
949	4404	320	4084
950	4368	318	4050
951	4394	322	4072
952	4401	323	4078
953	4349	321	4028
954	4355	317	4038
955	4401	317	4084
956	4352	331	4021
957	4333	325	4008
958	4353	327	4026
959	4335	332	4003
960	4317	328	3989
961	4282	320	3962
962	4296	331	3965
963	4334	337	3997
964	4319	325	3994
965	4330	321	4009
966	4270	317	3953
967	4260	320	3940
968	4237	322	3915
969	4238	329	3909
970	4202	337	3865
971	4186	322	3864
972	4161	321	3840
973	4152	327	3825
974	4131	333	3798
975	4154	321	3833
976	4128	314	3814
977	4099	322	3777
978	4065	322	3743
979	4057	323	3734
980	4128	325	3803
981	4170	318	3852
982	4129	317	3812
983	4186	324	3862
984	4226	330	3896
985	4178	331	3847
986	4147	328	3819
987	4204	330	3874
988	4243	316	3927
989	4294	324	3970
990	4284	332	3952
991	4370	324	4046
992	4383	327	4056
993	4377	329	4048
994	4427	324	4103
995	4430	323	4107
996	4462	321	4141
997	4526	322	4204
998	4612	324	4288
999	4616	328	4288
1000	4732	332	4400
1001	4738	324	4414
1002	4779	316	4463
1003	4757	318	4439
1004	4774	326	4448
1005	4799	328	4471
1006	4893	332	4561
1007	4910	327	4583
1008	4991	322	4669
1009	5000	321	4679
1010	5001	323	4678
1011	5079	321	4758
1012	5115	315	4800
1013	5122	320	4802
1014	5170	318	4852
1015	5240	312	4928
1016	5274	322	4952
1017	5343	317	5026
1018	5358	314	5044
1019	5303	318	4985
1020	5329	317	5012
1021	5351	316	5035
1022	5358	308	5050
1023	5366	319	5047
1024	5413	324	5089
1025	5425	316	5109
1026	5461	327	5134
1027	5463	329	5134
1028	5485	320	5165
1029	5435	315	5120
1030	5446	315	5131
1031	5486	320	5166
1032	5410	323	5087
1033	5437	323	5114
1034	5489	325	5164
1035	5468	326	5142
1036	5545	327	5218
1037	5570	328	5242
1038	5510	328	5182
1039	5509	323	5186
1040	5533	317	5216
1041	5536	316	5220
1042	5490	324	5166
1043	5492	320	5172
1044	5528	324	5204
1045	5487	324	5163
1046	5424	313	5111
1047	5465	313	5152
1048	5461	323	5138
1049	5457	323	5134
1050	5426	320	5106
1051	5389	316	5073
1052	5435	318	5117
1053	5491	320	5171
1054	5513	323	5190
1055	5490	319	5171
1056	5476	319	5157
1057	5458	321	5137
1058	5445	324	5121
1059	5538	321	5217
1060	5549	324	5225
1061	5478	318	5160
1062	5466	312	5154
1063	5562	316	5246
1064	5569	315	5254
1065	5673	314	5359
1066	5715	331	5384
1067	5672	330	5342
1068	5736	309	5427
1069	5754	308	5446
1070	5735	313	5422
1071	5819	316	5503
1072	5952	318	5634
1073	5986	304	5682
1074	5980	304	5676
1075	6073	313	5760
1076	6141	326	5815
1077	6189	321	5868
1078	6252	315	5937
1079	6295	322	5973
1080	6337	309	6028
1081	6460	311	6149
1082	6601	320	6281
1083	6682	323	6359
1084	6751	322	6429
1085	6730	319	6411
1086	6817	315	6502
1087	6984	316	6668
1088	6991	306	6685
1089	7043	307	6736
1090	7133	316	6817
1091	7232	311	6921
1092	7282	310	6972
1093	7451	309	7142
1094	7534	308	7226
1095	7637	314	7323
1096	7744	314	7430
1097	7800	320	7480
1098	7909	313	7596
1099	7970	311	7659
1100	7997	313	7684
1101	8015	314	7701
1102	8100	312	7788
1103	8193	321	7872
1104	8288	324	7964
1105	8336	317	8019
1106	8395	321	8074
1107	8458	318	8140
1108	8503	314	8189
1109	8612	317	8295
1110	8640	323	8317
1111	8625	333	8292
1112	8659	326	8333
1113	8744	312	8432
1114	8727	321	8406
1115	8898	315	8583
1116	8943	309	8634
1117	8880	315	8565
1118	8874	316	8558
1119	8960	315	8645
1120	8983	313	8670
1121	9014	315	8699
1122	8967	327	8640
1123	8998	322	8676
1124	8969	317	8652
1125	8942	319	8623
1126	9000	313	8687
1127	8916	318	8598
1128	8896	320	8576
1129	8910	318	8592
1130	8949	315	8634
1131	8914	314	8600
1132	8847	313	8534
1133	8796	315	8481
1134	8865	320	8545
1135	8947	326	8621
1136	8919	318	8601
1137	8884	314	8570
1138	8895	318	8577
1139	8813	324	8489
1140	8786	322	8464
1141	8890	321	8569
1142	8871	315	8556
1143	8849	321	8528
1144	8865	321	8544
1145	8801	318	8483
1146	8809	319	8490
1147	8835	319	8516
1148	8782	316	8466
1149	8793	310	8483
1150	8793	325	8468
1151	8770	321	8449
1152	8837	327	8510
1153	8827	329	8498
1154	8795	318	8477
1155	8842	311	8531
1156	8879	312	8567
1157	8855	308	8547
1158	8835	312	8523
1159	8872	312	8560
1160	8950	311	8639
1161	9006	322	8684
1162	9101	323	8778
1163	9105	323	8782
1164	9128	318	8810
1165	9262	313	8949
1166	9343	320	9023
1167	9349	323	9026
1168	9389	325	9064
1169	9467	322	9145
1170	9480	315	9165
1171	9574	313	9261
1172	9673	319	9354
1173	9725	324	9401
1174	9837	326	9511
1175	9957	328	9629
1176	10073	322	9751
1177	10151	307	9844
1178	10187	310	9877
1179	10268	306	9962
1180	10424	307	10117
1181	10518	304	10214
1182	10582	307	10275
1183	10685	324	10361
1184	10764	325	10439
1185	10910	313	10597
1186	10988	310	10678
1187	11063	320	10743
1188	11196	322	10874
1189	11313	318	10995
1190	11394	312	11082
1191	11441	311	11130
1192	11600	309	11291
1193	11697	313	11384
1194	11725	316	11409
1195	11880	321	11559
1196	11898	319	11579
1197	12074	310	11764
1198	12251	308	11943
1199	12292	312	11980
1200	12233	315	11918
1201	12190	321	11869
1202	12267	317	11950
1203	12305	312	11993
1204	12323	314	12009
1205	12381	312	12069
1206	12447	323	12124
1207	12460	317	12143
1208	12455	321	12134
1209	12565	317	12248
1210	12563	317	12246
1211	12508	322	12186
1212	12551	325	12226
1213	12470	320	12150
1214	12438	318	12120
1215	12509	319	12190
1216	12459	313	12146
1217	12370	314	12056
1218	12433	312	12121
1219	12527	312	12215
1220	12384	309	12075
1221	12312	312	12000
1222	12345	315	12030
1223	12290	321	11969
1224	12231	316	11915
1225	12104	309	11795
1226	12034	311	11723
1227	12041	302	11739
1228	12044	297	11747
1229	11945	300	11645
1230	11896	313	11583
1231	11805	307	11498
1232	11686	305	11381
1233	11660	300	11360
1234	11604	299	11305
1235	11472	304	11168
1236	11377	305	11072
1237	11329	316	11013
1238	11293	318	10975
1239	11217	309	10908
1240	11186	310	10876
1241	11102	311	10791
1242	11047	319	10728
1243	10942	320	10622
1244	10975	312	10663
1245	10928	313	10615
1246	10842	311	10531
1247	10792	309	10483
1248	10781	306	10475
1249	10701	311	10390
1250	10650	315	10335
1251	10600	317	10283
1252	10534	310	10224
1253	10567	307	10260
1254	10630	311	10319
1255	10555	319	10236
1256	10473	306	10167
1257	10413	315	10098
1258	10387	319	10068
1259	10508	314	10194
1260	10451	313	10138
1261	10387	309	10078
1262	10360	309	10051
1263	10335	315	10020
1264	10388	315	10073
1265	10346	314	10032
1266	10299	317	9982
1267	10370	320	10050
1268	10402	313	10089
1269	10380	309	10071
1270	10424	306	10118
1271	10499	310	10189
1272	10538	320	10218
1273	10525	314	10211
1274	10549	309	10240
1275	10626	305	10321
1276	10621	301	10320
1277	10701	297	10404
1278	10828	307	10521
1279	10789	319	10470
1280	10803	319	10484
1281	10899	312	10587
1282	10949	306	10643
1283	10929	306	10623
1284	10963	317	10646
1285	11102	312	10790
1286	11115	306	10809
1287	11110	302	10808
1288	11135	310	10825
1289	11203	313	10890
1290	11277	300	10977
1291	11287	305	10982
1292	11481	313	11168
1293	11549	316	11233
1294	11480	314	11166
1295	11569	308	11261
1296	11651	307	11344
1297	11711	300	11411
1298	11732	299	11433
1299	11854	300	11554
1300	11886	304	11582
1301	11898	310	11588
1302	11905	315	11590
1303	11928	313	11615
1304	12036	308	11728
1305	12248	312	11936
1306	12207	315	11892
1307	12210	308	11902
1308	12252	306	11946
1309	12201	309	11892
1310	12222	309	11913
1311	12145	307	11838
1312	12209	314	11895
1313	12254	300	11954
1314	12185	310	11875
1315	12164	315	11849
1316	12223	307	11916
1317	12285	309	11976
1318	12307	300	12007
1319	12253	289	11964
1320	12244	302	11942
1321	12231	298	11933
1322	12313	300	12013
1323	12269	304	11965
1324	12171	303	11868
1325	12140	295	11845
1326	12141	308	11833
1327	12117	313	11804
1328	12073	310	11763
1329	12028	302	11726
1330	12109	299	11810
1331	11997	308	11689
1332	12048	312	11736
1333	12029	309	11720
1334	11986	298	11688
1335	11909	304	11605
1336	11797	320	11477
1337	11674	303	11371
1338	11705	293	11412
1339	11681	288	11393
1340	11640	302	11338
1341	11503	305	11198
1342	11525	297	11228
1343	11435	307	11128
1344	11397	307	11090
1345	11414	303	11111
1346	11271	303	10968
1347	11148	308	10840
1348	11040	315	10725
1349	10950	302	10648
1350	10977	299	10678
1351	10811	306	10505
1352	10772	310	10462
1353	10636	304	10332
1354	10492	290	10202
1355	10477	299	10178
1356	10421	307	10114
1357	10343	299	10044
1358	10216	293	9923
1359	10185	290	9895
1360	10071	290	9781
1361	9945	302	9643
1362	9932	299	9633
1363	9858	296	9562
1364	9736	306	9430
1365	9709	302	9407
1366	9606	301	9305
1367	9601	308	9293
1368	9556	306	9250
1369	9558	302	9256
1370	9499	304	9195
1371	9380	306	9074
1372	9398	310	9088
1373	9459	302	9157
1374	9343	301	9042
1375	9257	307	8950
1376	9276	305	8971
1377	9273	311	8962
1378	9223	300	8923
1379	9146	300	8846
1380	9155	305	8850
1381	9158	301	8857
1382	9137	292	8845
1383	9108	300	8808
1384	9104	304	8800
1385	9061	300	8761
1386	9098	303	8795
1387	9114	298	8816
1388	9083	295	8788
1389	9094	295	8799
1390	9071	300	8771
1391	9163	301	8862
1392	9182	305	8877
1393	9261	310	8951
1394	9271	312	8959
1395	9225	308	8917
1396	9167	297	8870
1397	9299	294	9005
1398	9452	295	9157
1399	9558	306	9252
1400	9546	302	9244
1401	9520	303	9217
1402	9565	304	9261
1403	9653	299	9354
1404	9645	299	9346
1405	9746	309	9437
1406	9876	316	9560
1407	9913	304	9609
1408	9957	309	9648
1409	10022	301	9721
1410	10052	298	9754
1411	10079	298	9781
1412	10235	299	9936
1413	10291	301	9990
1414	10317	295	10022
1415	10454	292	10162
1416	10506	303	10203
1417	10582	296	10286
1418	10650	304	10346
1419	10768	305	10463
1420	10804	302	10502
1421	10806	301	10505
1422	10727	303	10424
1423	10819	310	10509
1424	10928	309	10619
1425	10979	301	10678
1426	11017	307	10710
1427	11124	316	10808
1428	11164	311	10853
1429	11246	304	10942
1430	11184	302	10882
1431	11243	304	10939
1432	11266	302	10964
1433	11267	298	10969
1434	11355	297	11058
1435	11372	302	11070
1436	11334	294	11040
1437	11304	291	11013
1438	11272	294	10978
1439	11209	291	10918
1440	11293	297	10996
1441	11315	298	11017
1442	11299	290	11009
1443	11280	295	10985
1444	11320	297	11023
1445	11303	300	11003
1446	11239	296	10943
1447	11183	297	10886
1448	11198	300	10898
1449	11219	301	10918
1450	11172	297	10875
1451	11102	300	10802
1452	11011	296	10715
1453	11069	302	10767
1454	11127	309	10818
1455	11011	297	10714
1456	10981	298	10683
1457	10917	293	10624
1458	10904	291	10613
1459	10759	302	10457
1460	10781	311	10470
1461	10760	300	10460
1462	10689	306	10383
1463	10718	301	10417
1464	10547	293	10254
1465	10373	299	10074
1466	10479	294	10185
1467	10461	296	10165
1468	10378	298	10080
1469	10301	289	10012
1470	10246	296	9950
1471	10136	295	9841
1472	10041	306	9735
1473	9921	309	9612
1474	9861	294	9567
1475	9893	296	9597
1476	9872	296	9576
1477	9740	299	9441
1478	9594	307	9287
1479	9534	307	9227
1480	9517	304	9213
1481	9386	296	9090
1482	9380	305	9075
1483	9213	305	8908
1484	9143	296	8847
1485	9057	294	8763
1486	9141	303	8838
1487	9042	299	8743
1488	8982	297	8685
1489	8893	295	8598
1490	8821	304	8517
1491	8721	298	8423
1492	8692	295	8397
1493	8626	302	8324
1494	8558	306	8252
1495	8564	300	8264
1496	8453	299	8154
1497	8478	306	8172
1498	8544	302	8242
1499	8363	288	8075
1500	8256	288	7968
1501	8265	295	7970
1502	8235	287	7948
1503	8161	289	7872
1504	8204	306	7898
1505	8102	296	7806
1506	8029	299	7730
1507	8079	298	7781
1508	8047	296	7751
1509	8025	293	7732
1510	8001	288	7713
1511	8012	288	7724
1512	7996	299	7697
1513	8030	302	7728
1514	7947	308	7639
1515	7970	298	7672
1516	7925	296	7629
1517	7889	300	7589
1518	7961	306	7655
1519	7978	302	7676
1520	7959	298	7661
1521	7919	303	7616
1522	7976	306	7670
1523	7944	301	7643
1524	7946	298	7648
1525	8042	305	7737
1526	8079	303	7776
1527	8065	293	7772
1528	8091	289	7802
1529	8076	295	7781
1530	8140	303	7837
1531	8159	302	7857
1532	8221	308	7913
1533	8199	303	7896
1534	8131	302	7829
1535	8193	299	7894
1536	8268	293	7975
1537	8283	291	7992
1538	8324	302	8022
1539	8336	302	8034
1540	8421	301	8120
1541	8470	302	8168
1542	8525	307	8218
1543	8538	305	8233
1544	8560	297	8263
1545	8565	293	8272
1546	8603	299	8304
1547	8720	308	8412
1548	8734	298	8436
1549	8783	291	8492
1550	8851	297	8554
1551	8835	301	8534
1552	8828	301	8527
1553	9004	302	8702
1554	9019	303	8716
1555	9037	298	8739
1556	9095	299	8796
1557	9129	288	8841
1558	9130	294	8836
1559	9182	294	8888
1560	9258	299	8959
1561	9279	305	8974
1562	9293	296	8997
1563	9227	298	8929
1564	9297	295	9002
1565	9484	297	9187
1566	9544	308	9236
1567	9448	300	9148
1568	9493	296	9197
1569	9513	307	9206
1570	9481	303	9178
1571	9453	301	9152
1572	9465	297	9168
1573	9533	294	9239
1574	9609	298	9311
1575	9578	303	9275
1576	9557	293	9264
1577	9519	288	9231
1578	9594	295	9299
1579	9618	295	9323
1580	9600	287	9313
1581	9564	302	9262
1582	9511	301	9210
1583	9612	296	9316
1584	9585	294	9291
1585	9536	290	9246
1586	9476	294	9182
1587	9442	297	9145
1588	9370	304	9066
1589	9351	312	9039
1590	9369	311	9058
1591	9378	311	9067
1592	9294	306	8988
1593	9312	294	9018
1594	9285	301	8984
1595	9121	305	8816
1596	9090	302	8788
1597	9016	288	8728
1598	8985	300	8685
1599	8955	300	8655
1600	8963	295	8668
1601	9014	298	8716
1602	8926	301	8625
1603	8869	301	8568
1604	8855	304	8551
1605	8754	302	8452
1606	8626	297	8329
1607	8563	299	8264
1608	8549	304	8245
1609	8585	301	8284
1610	8432	299	8133
1611	8327	298	8029
1612	8240	295	7945
1613	8221	303	7918
1614	8184	292	7892
1615	8185	290	7895
1616	8111	297	7814
1617	8021	294	7727
1618	7932	294	7638
1619	7953	296	7657
1620	7864	292	7572
1621	7665	300	7365
1622	7663	303	7360
1623	7654	299	7355
1624	7600	303	7297
1625	7479	303	7176
1626	7398	309	7089
1627	7371	301	7070
1628	7277	303	6974
1629	7223	296	6927
1630	7162	294	6868
1631	7098	296	6802
1632	7073	302	6771
1633	6987	308	6679
1634	6916	299	6617
1635	6850	292	6558
1636	6774	300	6474
1637	6650	304	6346
1638	6697	300	6397
1639	6757	301	6456
1640	6718	306	6412
1641	6663	302	6361
1642	6576	299	6277
1643	6511	298	6213
1644	6511	297	6214
1645	6541	295	6246
1646	6461	300	6161
1647	6400	293	6107
1648	6368	300	6068
1649	6358	317	6041
1650	6305	301	6004
1651	6318	293	6025
1652	6274	293	5981
1653	6213	303	5910
1654	6175	298	5877
1655	6194	293	5901
1656	6188	299	5889
1657	6147	302	5845
1658	6045	300	5745
1659	6036	293	5743
1660	6062	299	5763
1661	6073	295	5778
1662	6026	290	5736
1663	5970	292	5678
1664	5960	306	5654
1665	5995	311	5684
1666	5992	299	5693
1667	5939	299	5640
1668	5909	301	5608
1669	5812	301	5511
1670	5839	294	5545
1671	5848	295	5553
1672	5716	293	5423
1673	5677	284	5393
1674	5760	293	5467
1675	5731	296	5435
1676	5692	296	5396
1677	5707	304	5403
1678	5714	303	5411
1679	5709	297	5412
1680	5727	298	5429
1681	5669	286	5383
1682	5627	288	5339
1683	5696	293	5403
1684	5708	289	5419
1685	5687	286	5401
1686	5649	281	5368
1687	5600	295	5305
1688	5616	300	5316
1689	5652	296	5356
1690	5712	296	5416
1691	5710	292	5418
1692	5686	285	5401
1693	5745	294	5451
1694	5698	313	5385
1695	5660	307	5353
1696	5683	300	5383
1697	5697	296	5401
1698	5781	295	5486
1699	5825	289	5536
1700	5767	289	5478
1701	5783	297	5486
1702	5860	299	5561
1703	5891	300	5591
1704	5917	299	5618
1705	5892	295	5597
1706	5937	290	5647
1707	6030	286	5744
1708	6072	288	5784
1709	6067	289	5778
1710	6103	288	5815
1711	6167	291	5876
1712	6175	298	5877
1713	6235	294	5941
1714	6202	289	5913
1715	6122	299	5823
1716	6240	298	5942
1717	6299	301	5998
1718	6223	293	5930
1719	6236	291	5945
1720	6296	289	6007
1721	6274	296	5978
1722	6399	296	6103
1723	6503	295	6208
1724	6489	292	6197
1725	6445	295	6150
1726	6484	303	6181
1727	6555	301	6254
1728	6582	288	6294
1729	6623	287	6336
1730	6697	294	6403
1731	6739	293	6446
1732	6707	295	6412
1733	6762	292	6470
1734	6816	294	6522
1735	6913	298	6615
1736	7043	286	6757
1737	7063	288	6775
1738	7110	298	6812
1739	7180	296	6884
1740	7111	290	6821
1741	6980	296	6684
1742	6983	300	6683
1743	7062	298	6764
1744	6949	295	6654
1745	7017	296	6721
1746	7073	290	6783
1747	7145	287	6858
1748	7194	301	6893
1749	7082	301	6781
1750	7081	301	6780
1751	7072	302	6770
1752	7030	298	6732
1753	6961	293	6668
1754	6937	293	6644
1755	6920	293	6627
1756	6941	294	6647
1757	6950	298	6652
1758	6944	300	6644
1759	6971	298	6673
1760	6941	308	6633
1761	6925	296	6629
1762	6998	298	6700
1763	6953	306	6647
1764	6885	302	6583
1765	6850	285	6565
1766	6774	289	6485
1767	6718	297	6421
1768	6711	301	6410
1769	6696	306	6390
1770	6721	307	6414
1771	6659	297	6362
1772	6576	292	6284
1773	6608	303	6305
1774	6526	299	6227
1775	6484	293	6191
1776	6458	299	6159
1777	6402	298	6104
1778	6355	307	6048
1779	6311	293	6018
1780	6294	292	6002
1781	6222	299	5923
1782	6190	295	5895
1783	6239	292	5947
1784	6149	295	5854
1785	6054	293	5761
1786	6071	297	5774
1787	5944	302	5642
1788	5955	291	5664
1789	5903	300	5603
1790	5857	306	5551
1791	5837	299	5538
1792	5725	300	5425
1793	5671	297	5374
1794	5646	307	5339
1795	5608	302	5306
1796	5622	296	5326
1797	5545	300	5245
1798	5537	307	5230
1799	5559	301	5258
1800	5449	297	5152
1801	5410	294	5116
1802	5383	298	5085
1803	5302	299	5003
1804	5329	298	5031
1805	5252	295	4957
1806	5208	291	4917
1807	5142	300	4842
1808	5122	304	4818
1809	5035	299	4736
1810	4878	305	4573
1811	4819	303	4516
1812	4811	286	4525
1813	4813	281	4532
1814	4700	298	4402
1815	4653	302	4351
1816	4630	311	4319
1817	4606	305	4301
1818	4555	299	4256
1819	4540	298	4242
1820	4530	288	4242
1821	4500	290	4210
1822	4453	293	4160
1823	4412	294	4118
1824	4385	311	4074
1825	4313	306	4007
1826	4299	304	3995
1827	4336	293	4043
1828	4360	288	4072
1829	4393	289	4104
1830	4366	291	4075
1831	4312	294	4018
1832	4262	299	3963
1833	4198	299	3899
1834	4216	299	3917
1835	4308	300	4008
1836	4399	294	4105
1837	4376	295	4081
1838	4294	293	4001
1839	4254	300	3954
1840	4184	311	3873
1841	4115	307	3808
1842	4074	298	3776
1843	4060	300	3760
1844	4064	302	3762
1845	4084	301	3783
1846	4058	302	3756
1847	3993	307	3686
1848	4005	302	3703
1849	3982	300	3682
1850	3909	296	3613
1851	3904	295	3609
1852	3904	289	3615
1853	3855	290	3565
1854	3866	295	3571
1855	3851	294	3557
1856	3809	297	3512
1857	3807	286	3521
1858	3801	296	3505
1859	3797	308	3489
1860	3754	299	3455
1861	3724	300	3424
1862	3819	306	3513
1863	3822	295	3527
1864	3784	292	3492
1865	3732	293	3439
1866	3786	293	3493
1867	3710	293	3417
1868	3686	294	3392
1869	3752	296	3456
1870	3742	296	3446
1871	3723	297	3426
1872	3776	294	3482
1873	3753	293	3460
1874	3788	294	3494
1875	3833	294	3539
1876	3903	295	3608
1877	3885	298	3587
1878	3817	290	3527
1879	3845	295	3550
1880	3749	305	3444
1881	3760	299	3461
1882	3834	291	3543
1883	3792	292	3500
1884	3771	299	3472
1885	3808	295	3513
1886	3780	300	3480
1887	3698	293	3405
1888	3667	290	3377
1889	3695	289	3406
1890	3705	295	3410
1891	3663	297	3366
1892	3694	299	3395
1893	3701	306	3395
1894	3668	299	3369
1895	3719	304	3415
1896	3704	304	3400
1897	3698	305	3393
1898	3671	301	3370
1899	3652	299	3353
1900	3654	291	3363
1901	3719	295	3424
1902	3711	300	3411
1903	3615	293	3322
1904	3633	299	3334
1905	3673	287	3386
1906	3657	289	3368
1907	3640	295	3345
1908	3672	289	3383
1909	3620	294	3326
1910	3622	298	3324
1911	3633	299	3334
1912	3600	297	3303
1913	3580	293	3287
1914	3672	291	3381
1915	3640	290	3350
1916	3635	295	3340
1917	3609	287	3322
1918	3602	292	3310
1919	3618	299	3319
1920	3596	286	3310
1921	3686	290	3396
1922	3749	299	3450
1923	3718	301	3417
1924	3707	297	3410
1925	3758	301	3457
1926	3755	299	3456
1927	3691	291	3400
1928	3674	295	3379
1929	3710	304	3406
1930	3710	303	3407
1931	3651	300	3351
1932	3631	295	3336
1933	3549	295	3254
1934	3523	307	3216
1935	3544	301	3243
1936	3538	298	3240
1937	3534	300	3234
1938	3474	301	3173
1939	3431	291	3140
1940	3470	284	3186
1941	3447	290	3157
1942	3426	299	3127
1943	3428	308	3120
1944	3405	308	3097
1945	3403	296	3107
1946	3391	293	3098
1947	3384	298	3086
1948	3381	289	3092
1949	3359	295	3064
1950	3368	305	3063
1951	3387	300	3087
1952	3409	297	3112
1953	3384	299	3085
1954	3356	303	3053
1955	3397	301	3096
1956	3340	295	3045
1957	3279	290	2989
1958	3291	294	2997
1959	3260	296	2964
1960	3211	286	2925
1961	3214	291	2923
1962	3211	299	2912
1963	3152	293	2859
1964	3150	294	2856
1965	3109	289	2820
1966	3071	292	2779
1967	3127	297	2830
1968	3050	300	2750
1969	3007	298	2709
1970	3027	294	2733
1971	3035	293	2742
1972	2962	287	2675
1973	2945	286	2659
1974	2972	291	2681
1975	2965	306	2659
1976	2973	303	2670
1977	2949	291	2658
1978	2943	296	2647
1979	2970	304	2666
1980	2903	308	2595
1981	2848	303	2545
1982	2848	298	2550
1983	2805	293	2512
1984	2780	285	2495
1985	2758	291	2467
1986	2746	304	2442
1987	2683	304	2379
1988	2637	296	2341
1989	2635	299	2336
1990	2643	299	2344
1991	2594	300	2294
1992	2567	298	2269
1993	2504	289	2215
1994	2509	298	2211
1995	2531	298	2233
1996	2466	299	2167
1997	2408	293	2115
1998	2356	287	2069
1999	2353	292	2061
2000	2380	292	2088
2001	2339	302	2037
2002	2271	306	1965
2003	2269	297	1972
2004	2267	295	1972
2005	2277	300	1977
2006	2276	295	1981
2007	2212	288	1924
2008	2188	294	1894
2009	2207	297	1910
2010	2228	300	1928
2011	2186	300	1886
2012	2136	295	1841
2013	2127	297	1830
2014	2122	305	1817
2015	2099	306	1793
2016	2099	302	1797
2017	2069	293	1776
2018	2084	301	1783
2019	2052	299	1753
2020	2016	283	1733
2021	1995	286	1709
2022	1989	290	1699
2023	2038	287	1751
2024	2040	292	1748
2025	1976	305	1671
2026	1988	295	1693
2027	2019	291	1728
2028	2030	294	1736
2029	1998	298	1700
2030	2009	298	1711
2031	1987	292	1695
2032	1956	290	1666
2033	1943	289	1654
2034	1940	303	1637
2035	1963	297	1666
2036	1950	297	1653
2037	1933	296	1637
2038	1922	303	1619
2039	1891	300	1591
2040	1938	287	1651
2041	1952	293	1659
2042	1958	290	1668
2043	1940	289	1651
2044	1974	300	1674
2045	1953	299	1654
2046	1926	296	1630
2047	1950	294	1656
2048	2001	291	1710
2049	1971	296	1675
2050	1945	296	1649
2051	1972	297	1675
2052	1962	297	1665
2053	1942	294	1648
2054	1940	296	1644
2055	1942	293	1649
2056	1939	294	1645
2057	1929	299	1630
2058	1923	294	1629
2059	1930	298	1632
2060	1897	299	1598
2061	1936	291	1645
2062	1964	295	1669
2063	1907	293	1614
2064	1902	300	1602
2065	1964	302	1662
2066	1953	299	1654
2067	1889	294	1595
2068	1887	298	1589
2069	1898	306	1592
2070	1853	300	1553
2071	1907	293	1614
2072	1920	296	1624
2073	1886	292	1594
2074	1854	290	1564
2075	1884	288	1596
2076	1823	293	1530
2077	1825	296	1529
2078	1818	297	1521
2079	1800	304	1496
2080	1817	301	1516
2081	1829	296	1533
2082	1767	299	1468
2083	1806	288	1518
2084	1851	285	1566
2085	1828	281	1547
2086	1803	293	1510
2087	1814	293	1521
2088	1845	291	1554
2089	1816	289	1527
2090	1827	293	1534
2091	1815	303	1512
2092	1790	301	1489
2093	1794	298	1496
2094	1823	293	1530
2095	1805	293	1512
2096	1761	299	1462
2097	1789	295	1494
2098	1798	298	1500
2099	1777	293	1484
2100	1794	294	1500
2101	1816	300	1516
2102	1806	293	1513
2103	1822	291	1531
2104	1821	299	1522
2105	1824	297	1527
2106	1843	296	1547
2107	1863	295	1568
2108	1836	298	1538
2109	1807	311	1496
2110	1836	307	1529
2111	1869	301	1568
2112	1850	293	1557
2113	1804	282	1522
2114	1819	291	1528
2115	1825	300	1525
2116	1822	295	1527
2117	1781	290	1491
2118	1824	290	1534
2119	1800	289	1511
2120	1783	294	1489
2121	1755	295	1460
2122	1768	304	1464
2123	1765	306	1459
2124	1765	302	1463
2125	1794	296	1498
2126	1775	296	1479
2127	1748	298	1450
2128	1765	292	1473
2129	1804	292	1512
2130	1819	283	1536
2131	1808	289	1519
2132	1828	296	1532
2133	1876	296	1580
2134	1875	290	1585
2135	1825	290	1535
2136	1856	292	1564
2137	1884	293	1591
2138	1848	303	1545
2139	1846	295	1551
2140	1826	293	1533
2141	1821	299	1522
2142	1871	298	1573
2143	1893	292	1601
2144	1880	293	1587
2145	1852	296	1556
2146	1827	295	1532
2147	1872	294	1578
2148	1913	293	1620
2149	1901	296	1605
2150	1888	292	1596
2151	1940	295	1645
2152	1947	296	1651
2153	1975	293	1682
2154	1999	300	1699
2155	1991	296	1695
2156	1971	296	1675
2157	1965	298	1667
2158	1971	291	1680
2159	2001	290	1711
2160	2056	305	1751
2161	2001	299	1702
2162	1971	298	1673
2163	1980	295	1685
2164	2014	291	1723
2165	2023	300	1723
2166	2067	297	1770
2167	2046	294	1752
2168	2006	306	1700
2169	2070	304	1766
2170	2083	298	1785
2171	2060	295	1765
2172	2072	292	1780
2173	2031	286	1745
2174	2019	295	1724
2175	2058	295	1763
2176	2078	294	1784
2177	2035	296	1739
2178	2034	295	1739
2179	2021	289	1732
2180	2012	288	1724
2181	2016	290	1726
2182	1990	293	1697
2183	1942	291	1651
2184	1958	298	1660
2185	2008	294	1714
2186	2017	296	1721
2187	2016	296	1720
2188	1985	295	1690
2189	1965	295	1670
2190	2017	299	1718
2191	1996	298	1698
2192	1969	305	1664
2193	2013	304	1709
2194	2026	295	1731
2195	1954	296	1658
2196	1900	300	1600
2197	1937	292	1645
2198	1942	294	1648
2199	1934	298	1636
2200	1888	301	1587
2201	1853	298	1555
2202	1880	292	1588
2203	1896	291	1605
2204	1886	302	1584
2205	1893	306	1587
2206	1871	305	1566
2207	1872	298	1574
2208	1844	300	1544
2209	1858	297	1561
2210	1894	299	1595
2211	1867	297	1570
2212	1855	290	1565
2213	1860	294	1566
2214	1836	304	1532
2215	1836	292	1544
2216	1847	293	1554
2217	1834	300	1534
2218	1818	295	1523
2219	1839	289	1550
2220	1827	292	1535
2221	1799	294	1505
2222	1785	304	1481
2223	1755	300	1455
2224	1745	301	1444
2225	1779	295	1484
2226	1788	287	1501
2227	1798	293	1505
2228	1798	303	1495
2229	1780	301	1479
2230	1739	293	1446
2231	1763	296	1467
2232	1817	291	1526
2233	1830	297	1533
2234	1772	297	1475
2235	1760	298	1462
2236	1794	293	1501
2237	1822	291	1531
2238	1781	295	1486
2239	1764	291	1473
2240	1811	295	1516
2241	1845	295	1550
2242	1781	295	1486
2243	1788	300	1488
2244	1824	295	1529
2245	1844	293	1551
2246	1863	298	1565
2247	1866	300	1566
2248	1837	299	1538
2249	1879	297	1582
2250	1935	302	1633
2251	1916	299	1617
2252	1943	295	1648
2253	1969	287	1682
2254	1988	295	1693
2255	1969	299	1670
2256	1940	288	1652
2257	2021	286	1735
2258	2008	291	1717
2259	1952	293	1659
2260	1956	298	1658
2261	2006	296	1710
2262	2015	297	1718
2263	2005	291	1714
2264	2027	298	1729
2265	2040	299	1741
2266	2034	296	1738
2267	2017	301	1716
2268	1989	305	1684
2269	1998	297	1701
2270	2028	298	1730
2271	2067	292	1775
2272	2060	296	1764
2273	2023	295	1728
2274	2035	305	1730
2275	2079	314	1765
2276	2087	301	1786
2277	2033	298	1735
2278	2023	299	1724
2279	2012	296	1716
2280	2008	299	1709
2281	2025	301	1724
2282	2013	303	1710
2283	2032	294	1738
2284	2040	304	1736
2285	2011	297	1714
2286	1980	301	1679
2287	1973	303	1670
2288	1990	291	1699
2289	2029	296	1733
2290	2059	307	1752
2291	1998	299	1699
2292	2008	294	1714
2293	2066	301	1765
2294	2023	300	1723
2295	2027	293	1734
2296	2022	294	1728
2297	1974	295	1679
2298	2012	293	1719
2299	2024	305	1719
2300	2008	303	1705
2301	1979	301	1678
2302	1980	300	1680
2303	1989	302	1687
2304	1933	302	1631
2305	1995	301	1694
2306	2000	298	1702
2307	1954	298	1656
2308	1967	300	1667
2309	1971	292	1679
2310	1920	286	1634
2311	1888	295	1593
2312	1960	298	1662
2313	1935	308	1627
2314	1912	310	1602
2315	1947	297	1650
2316	1900	295	1605
2317	1929	294	1635
2318	1973	294	1679
2319	1958	296	1662
2320	1946	300	1646
2321	1934	297	1637
2322	1941	299	1642
2323	1948	296	1652
2324	1978	302	1676
2325	1960	297	1663
2326	1980	297	1683
2327	1953	305	1648
2328	1914	312	1602
2329	1962	299	1663
2330	1946	289	1657
2331	1977	306	1671
2332	1989	295	1694
2333	1977	298	1679
2334	1986	296	1690
2335	2007	294	1713
2336	1997	290	1707
2337	2020	300	1720
2338	2012	299	1713
2339	2024	295	1729
2340	2017	305	1712
2341	2035	305	1730
2342	2080	304	1776
2343	2029	301	1728
2344	2046	292	1754
2345	2079	290	1789
2346	2106	295	1811
2347	2131	295	1836
2348	2166	291	1875
2349	2210	297	1913
2350	2150	303	1847
2351	2165	301	1864
2352	2159	296	1863
2353	2181	292	1889
2354	2200	290	1910
2355	2216	284	1932
2356	2268	288	1980
2357	2240	286	1954
2358	2248	296	1952
2359	2363	295	2068
2360	2346	296	2050
2361	2342	289	2053
2362	2344	300	2044
2363	2377	296	2081
2364	2410	305	2105
2365	2465	303	2162
2366	2524	292	2232
2367	2520	293	2227
2368	2474	293	2181
2369	2486	295	2191
2370	2522	293	2229
2371	2586	290	2296
2372	2609	289	2320
2373	2652	290	2362
2374	2620	299	2321
2375	2636	300	2336
2376	2627	297	2330
2377	2633	290	2343
2378	2662	288	2374
2379	2621	294	2327
2380	2645	306	2339
2381	2651	302	2349
2382	2682	296	2386
2383	2695	287	2408
2384	2737	295	2442
2385	2746	302	2444
2386	2679	306	2373
2387	2737	298	2439
2388	2771	301	2470
2389	2780	295	2485
2390	2795	300	2495
2391	2783	295	2488
2392	2751	289	2462
2393	2851	293	2558
2394	2931	290	2641
2395	2900	293	2607
2396	2897	296	2601
2397	2913	298	2615
2398	2926	298	2628
2399	2906	296	2610
2400	2884	290	2594
2401	2900	296	2604
2402	2948	295	2653
2403	2928	281	2647
2404	2938	289	2649
2405	2967	296	2671
2406	2944	298	2646
2407	2933	296	2637
2408	2907	299	2608
2409	2872	297	2575
2410	2878	295	2583
2411	2886	298	2588
2412	2892	300	2592
2413	2812	296	2516
2414	2822	296	2526
2415	2809	295	2514
2416	2805	304	2501
2417	2795	298	2497
2418	2792	303	2489
2419	2816	307	2509
2420	2743	298	2445
2421	2759	294	2465
2422	2798	293	2505
2423	2750	297	2453
2424	2765	293	2472
2425	2766	293	2473
2426	2714	302	2412
2427	2713	296	2417
2428	2716	293	2423
2429	2727	291	2436
2430	2685	298	2387
2431	2596	297	2299
2432	2573	300	2273
2433	2617	294	2323
2434	2625	296	2329
2435	2581	290	2291
2436	2591	287	2304
2437	2580	295	2285
2438	2585	295	2290
2439	2593	303	2290
2440	2571	294	2277
2441	2542	283	2259
2442	2571	291	2280
2443	2546	293	2253
2444	2432	291	2141
2445	2399	288	2111
2446	2523	290	2233
2447	2505	301	2204
2448	2471	303	2168
2449	2449	298	2151
2450	2408	302	2106
2451	2406	292	2114
2452	2383	295	2088
2453	2385	291	2094
2454	2406	290	2116
2455	2400	304	2096
2456	2422	296	2126
2457	2382	289	2093
2458	2333	294	2039
2459	2378	290	2088
2460	2409	292	2117
2461	2374	285	2089
2462	2389	290	2099
2463	2349	285	2064
2464	2324	295	2029
2465	2317	294	2023
2466	2309	286	2023
2467	2364	292	2072
2468	2312	283	2029
2469	2254	304	1950
2470	2309	296	2013
2471	2288	292	1996
2472	2314	301	2013
2473	2328	296	2032
2474	2358	301	2057
2475	2343	303	2040
2476	2316	296	2020
2477	2358	291	2067
2478	2309	290	2019
2479	2274	292	1982
2480	2294	300	1994
2481	2314	298	2016
2482	2340	299	2041
2483	2377	309	2068
2484	2353	297	2056
2485	2357	295	2062
2486	2347	298	2049
2487	2380	298	2082
2488	2375	293	2082
2489	2342	286	2056
2490	2375	291	2084
2491	2410	285	2125
2492	2379	295	2084
2493	2366	297	2069
2494	2397	291	2106
2495	2417	297	2120
2496	2426	302	2124
2497	2428	304	2124
2498	2503	301	2202
2499	2494	295	2199
2500	2504	303	2201
2501	2501	307	2194
2502	2469	299	2170
2503	2499	298	2201
2504	2506	296	2210
2505	2488	292	2196
2506	2541	294	2247
2507	2563	284	2279
2508	2612	288	2324
2509	2608	295	2313
2510	2654	282	2372
2511	2684	289	2395
2512	2669	303	2366
2513	2657	302	2355
2514	2709	299	2410
2515	2648	299	2349
2516	2703	296	2407
2517	2847	291	2556
2518	3010	296	2714
2519	3092	298	2794
2520	3137	301	2836
2521	3170	302	2868
2522	3124	296	2828
2523	3065	292	2773
2524	3011	292	2719
2525	2975	286	2689
2526	3020	293	2727
2527	3025	299	2726
2528	3001	298	2703
2529	2966	294	2672
2530	2944	298	2646
2531	2995	299	2696
2532	3054	301	2753
2533	3010	301	2709
2534	2961	299	2662
2535	2904	291	2613
2536	2954	290	2664
2537	2983	301	2682
2538	2929	292	2637
2539	2980	293	2687
2540	3009	298	2711
2541	2952	293	2659
2542	2954	294	2660
2543	2996	301	2695
2544	2979	304	2675
2545	2936	303	2633
2546	2969	295	2674
2547	2939	291	2648
2548	2936	290	2646
2549	2915	289	2626
2550	2861	296	2565
2551	2857	288	2569
2552	2846	289	2557
2553	2898	300	2598
2554	2875	305	2570
2555	2832	300	2532
2556	2786	305	2481
2557	2795	292	2503
2558	2755	289	2466
2559	2729	298	2431
2560	2742	299	2443
2561	2727	293	2434
2562	2697	300	2397
2563	2661	301	2360
2564	2677	294	2383
2565	2640	296	2344
2566	2615	294	2321
2567	2635	295	2340
2568	2642	305	2337
2569	2587	306	2281
2570	2592	300	2292
2571	2605	294	2311
2572	2562	294	2268
2573	2594	290	2304
2574	2531	299	2232
2575	2491	301	2190
2576	2533	301	2232
2577	2473	286	2187
2578	2508	284	2224
2579	2540	301	2239
2580	2509	303	2206
2581	2437	297	2140
2582	2482	298	2184
2583	2519	292	2227
2584	2494	293	2201
2585	2465	301	2164
2586	2468	301	2167
2587	2499	292	2207
2588	2479	296	2183
2589	2423	299	2124
2590	2431	296	2135
2591	2472	290	2182
2592	2482	290	2192
2593	2457	303	2154
2594	2451	302	2149
2595	2457	294	2163
2596	2444	289	2155
2597	2390	284	2106
2598	2418	292	2126
2599	2502	297	2205
2600	2493	307	2186
2601	2476	301	2175
2602	2517	283	2234
2603	2474	288	2186
2604	2487	293	2194
2605	2525	293	2232
2606	2498	302	2196
2607	2499	301	2198
2608	2518	293	2225
2609	2501	297	2204
2610	2495	291	2204
2611	2518	288	2230
2612	2612	301	2311
2613	2620	306	2314
2614	2570	302	2268
2615	2583	296	2287
2616	2597	302	2295
2617	2656	304	2352
2618	2640	297	2343
2619	2634	292	2342
2620	2661	295	2366
2621	2735	306	2429
2622	2748	305	2443
2623	2738	298	2440
2624	2720	292	2428
2625	2704	295	2409
2626	2763	296	2467
2627	2794	299	2495
2628	2786	305	2481
2629	2806	298	2508
2630	2829	296	2533
2631	2870	308	2562
2632	2849	295	2554
2633	2867	291	2576
2634	2955	293	2662
2635	3026	290	2736
2636	3035	292	2743
2637	3020	285	2735
2638	3047	291	2756
2639	3070	287	2783
2640	3075	291	2784
2641	3100	298	2802
2642	3128	291	2837
2643	3150	294	2856
2644	3165	297	2868
2645	3208	291	2917
2646	3207	296	2911
2647	3258	296	2962
2648	3309	296	3013
2649	3350	299	3051
2650	3347	300	3047
2651	3402	293	3109
2652	3377	297	3080
2653	3401	296	3105
2654	3464	302	3162
2655	3497	303	3194
2656	3523	293	3230
2657	3509	294	3215
2658	3517	302	3215
2659	3599	304	3295
2660	3605	295	3310
2661	3591	290	3301
2662	3608	293	3315
2663	3654	288	3366
2664	3694	293	3401
2665	3734	288	3446
2666	3739	292	3447
2667	3768	294	3474
2668	3756	302	3454
2669	3789	305	3484
2670	3815	305	3510
2671	3801	296	3505
2672	3853	290	3563
2673	3905	292	3613
2674	3902	291	3611
2675	3954	299	3655
2676	3948	307	3641
2677	3956	297	3659
2678	3976	292	3684
2679	3973	302	3671
2680	3947	302	3645
2681	3994	294	3700
2682	4055	291	3764
2683	4049	301	3748
2684	4077	308	3769
2685	4092	298	3794
2686	4138	290	3848
2687	4133	293	3840
2688	4159	300	3859
2689	4221	297	3924
2690	4235	292	3943
2691	4206	297	3909
2692	4219	295	3924
2693	4205	287	3918
2694	4164	293	3871
2695	4141	297	3844
2696	4171	303	3868
2697	4134	297	3837
2698	4156	300	3856
2699	4228	291	3937
2700	4220	292	3928
2701	4208	296	3912
2702	4180	297	3883
2703	4152	290	3862
2704	4249	286	3963
2705	4281	296	3985
2706	4244	298	3946
2707	4178	294	3884
2708	4203	302	3901
2709	4243	297	3946
2710	4233	298	3935
2711	4243	301	3942
2712	4233	304	3929
2713	4261	298	3963
2714	4260	301	3959
2715	4223	297	3926
2716	4203	294	3909
2717	4207	291	3916
2718	4235	295	3940
2719	4166	297	3869
2720	4197	295	3902
2721	4206	288	3918
2722	4253	298	3955
2723	4234	301	3933
2724	4222	294	3928
2725	4188	291	3897
2726	4247	294	3953
2727	4279	290	3989
2728	4329	284	4045
2729	4340	288	4052
2730	4238	283	3955
2731	4225	296	3929
2732	4279	292	3987
2733	4283	296	3987
2734	4258	297	3961
2735	4283	298	3985
2736	4237	298	3939
2737	4237	294	3943
2738	4220	295	3925
2739	4204	302	3902
2740	4251	307	3944
2741	4256	302	3954
2742	4265	296	3969
2743	4273	286	3987
2744	4289	284	4005
2745	4341	294	4047
2746	4261	294	3967
2747	4287	297	3990
2748	4318	293	4025
2749	4244	287	3957
2750	4176	298	3878
2751	4253	300	3953
2752	4292	299	3993
2753	4287	293	3994
2754	4257	295	3962
2755	4222	291	3931
2756	4250	295	3955
2757	4223	290	3933
2758	4236	299	3937
2759	4289	297	3992
2760	4318	292	4026
2761	4283	285	3998
2762	4295	289	4006
2763	4257	294	3963
2764	4296	292	4004
2765	4234	290	3944
2766	4265	293	3972
2767	4302	300	4002
2768	4306	294	4012
2769	4303	294	4009
2770	4311	296	4015
2771	4342	294	4048
2772	4342	290	4052
2773	4309	288	4021
2774	4294	293	4001
2775	4266	298	3968
2776	4274	301	3973
2777	4238	301	3937
2778	4253	296	3957
2779	4270	301	3969
2780	4262	303	3959
2781	4274	299	3975
2782	4257	298	3959
2783	4257	291	3966
2784	4251	293	3958
2785	4273	291	3982
2786	4337	299	4038
2787	4350	297	4053
2788	4312	301	4011
2789	4253	294	3959
2790	4256	280	3976
2791	4246	287	3959
2792	4230	300	3930
2793	4282	297	3985
2794	4291	302	3989
2795	4298	306	3992
2796	4248	304	3944
2797	4260	289	3971
2798	4316	290	4026
2799	4334	294	4040
2800	4281	300	3981
2801	4294	290	4004
2802	4256	288	3968
2803	4228	301	3927
2804	4214	306	3908
2805	4307	297	4010
2806	4297	298	3999
2807	4241	296	3945
2808	4307	292	4015
2809	4235	282	3953
2810	4257	293	3964
2811	4298	297	4001
2812	4183	297	3886
2813	4167	294	3873
2814	4246	293	3953
2815	4237	306	3931
2816	4203	301	3902
2817	4186	301	3885
2818	4205	306	3899
2819	4191	298	3893
2820	4144	302	3842
2821	4143	305	3838
2822	4182	300	3882
2823	4188	301	3887
2824	4158	297	3861
2825	4160	295	3865
2826	4156	300	3856
2827	4134	296	3838
2828	4171	301	3870
2829	4157	299	3858
2830	4090	296	3794
2831	4104	288	3816
2832	4137	287	3850
2833	4149	291	3858
2834	4108	290	3818
2835	4082	282	3800
2836	4100	290	3810
2837	4051	302	3749
2838	4016	293	3723
2839	4009	293	3716
2840	4045	294	3751
2841	4094	289	3805
2842	4053	296	3757
2843	3993	293	3700
2844	4032	293	3739
2845	4040	297	3743
2846	4025	288	3737
2847	4061	285	3776
2848	4022	293	3729
2849	3984	306	3678
2850	3962	299	3663
2851	3898	292	3606
2852	3954	292	3662
2853	3909	292	3617
2854	3854	291	3563
2855	3884	289	3595
2856	3887	301	3586
2857	3867	301	3566
2858	3844	296	3548
2859	3801	297	3504
2860	3828	289	3539
2861	3832	290	3542
2862	3774	290	3484
2863	3794	290	3504
2864	3740	289	3451
2865	3722	292	3430
2866	3711	306	3405
2867	3670	303	3367
2868	3754	301	3453
2869	3686	292	3394
2870	3650	297	3353
2871	3630	299	3331
2872	3630	293	3337
2873	3643	301	3342
2874	3594	286	3308
2875	3580	291	3289
2876	3568	300	3268
2877	3533	297	3236
2878	3569	288	3281
2879	3593	294	3299
2880	3545	295	3250
2881	3550	296	3254
2882	3540	295	3245
2883	3540	293	3247
2884	3526	295	3231
2885	3538	291	3247
2886	3497	289	3208
2887	3557	301	3256
2888	3602	298	3304
2889	3524	300	3224
2890	3512	291	3221
2891	3478	286	3192
2892	3495	299	3196
2893	3490	300	3190
2894	3432	292	3140
2895	3466	294	3172
2896	3471	295	3176
2897	3397	296	3101
2898	3379	294	3085
2899	3390	293	3097
2900	3393	296	3097
2901	3365	290	3075
2902	3318	291	3027
2903	3307	285	3022
2904	3339	286	3053
2905	3312	291	3021
2906	3287	294	2993
2907	3331	301	3030
2908	3345	304	3041
2909	3307	292	3015
2910	3279	289	2990
2911	3257	292	2965
2912	3253	299	2954
2913	3245	300	2945
2914	3239	295	2944
2915	3288	291	2997
2916	3291	298	2993
2917	3238	291	2947
2918	3222	286	2936
2919	3272	292	2980
2920	3281	298	2983
2921	3307	304	3003
2922	3311	302	3009
2923	3283	291	2992
2924	3308	291	3017
2925	3233	294	2939
2926	3264	300	2964
2927	3279	295	2984
2928	3255	294	2961
2929	3231	296	2935
2930	3184	289	2895
2931	3219	299	2920
2932	3225	305	2920
2933	3210	304	2906
2934	3212	299	2913
2935	3185	293	2892
2936	3221	292	2929
2937	3257	298	2959
2938	3188	293	2895
2939	3175	297	2878
2940	3238	298	2940
2941	3290	302	2988
2942	3268	304	2964
2943	3242	304	2938
2944	3226	298	2928
2945	3222	300	2922
2946	3210	294	2916
2947	3214	294	2920
2948	3239	304	2935
2949	3270	301	2969
2950	3259	298	2961
2951	3204	290	2914
2952	3176	291	2885
2953	3147	286	2861
2954	3213	297	2916
2955	3198	299	2899
2956	3180	302	2878
2957	3204	295	2909
2958	3219	289	2930
2959	3232	289	2943
2960	3251	301	2950
2961	3270	297	2973
2962	3316	293	3023
2963	3296	285	3011
2964	3271	295	2976
2965	3317	309	3008
2966	3313	301	3012
2967	3297	298	2999
2968	3319	297	3022
2969	3339	295	3044
2970	3339	293	3046
2971	3333	298	3035
2972	3260	302	2958
2973	3278	301	2977
2974	3271	297	2974
2975	3281	299	2982
2976	3321	297	3024
2977	3301	287	3014
2978	3303	292	3011
2979	3296	294	3002
2980	3276	301	2975
2981	3249	300	2949
2982	3234	297	2937
2983	3258	296	2962
2984	3261	292	2969
2985	3313	296	3017
2986	3317	299	3018
2987	3362	300	3062
2988	3376	290	3086
2989	3414	298	3116
2990	3414	297	3117
2991	3368	293	3075
2992	3373	300	3073
2993	3412	296	3116
2994	3423	293	3130
2995	3473	293	3180
2996	3449	297	3152
2997	3464	294	3170
2998	3479	291	3188
2999	3381	286	3095
3000	3404	286	3118
3001	3381	287	3094
3002	3412	292	3120
3003	3421	307	3114
3004	3400	298	3102
3005	3410	294	3116
3006	3399	303	3096
3007	3366	300	3066
3008	3350	295	3055
3009	3322	294	3028
3010	3344	304	3040
3011	3384	298	3086
3012	3406	289	3117
3013	3378	287	3091
3014	3413	301	3112
3015	3379	306	3073
3016	3361	306	3055
3017	3369	298	3071
3018	3366	295	3071
3019	3365	296	3069
3020	3357	296	3061
3021	3346	297	3049
3022	3338	289	3049
3023	3388	288	3100
3024	3414	288	3126
3025	3403	294	3109
3026	3373	295	3078
3027	3364	288	3076
3028	3373	296	3077
3029	3368	299	3069
3030	3369	298	3071
3031	3415	295	3120
3032	3420	287	3133
3033	3375	298	3077
3034	3346	304	3042
3035	3369	292	3077
3036	3383	284	3099
3037	3396	295	3101
3038	3344	295	3049
3039	3296	296	3000
3040	3351	294	3057
3041	3335	295	3040
3042	3325	282	3043
3043	3362	290	3072
3044	3298	291	3007
3045	3286	304	2982
3046	3274	307	2967
3047	3345	296	3049
3048	3319	291	3028
3049	3308	296	3012
3050	3351	295	3056
3051	3312	291	3021
3052	3321	295	3026
3053	3383	302	3081
3054	3335	300	3035
3055	3352	290	3062
3056	3331	295	3036
3057	3301	298	3003
3058	3283	291	2992
3059	3288	286	3002
3060	3270	291	2979
3061	3259	296	2963
3062	3241	298	2943
3063	3276	291	2985
3064	3321	288	3033
3065	3302	288	3014
3066	3234	287	2947
3067	3286	302	2984
3068	3309	300	3009
3069	3294	293	3001
3070	3284	301	2983
3071	3282	292	2990
3072	3318	289	3029
3073	3282	292	2990
3074	3288	287	3001
3075	3200	294	2906
3076	3178	295	2883
3077	3146	286	2860
3078	3191	288	2903
3079	3182	289	2893
3080	3222	281	2941
3081	3237	290	2947
3082	3208	296	2912
3083	3165	293	2872
3084	3181	285	2896
3085	3248	295	2953
3086	3249	300	2949
3087	3225	295	2930
3088	3291	291	3000
3089	3270	286	2984
3090	3235	295	2940
3091	3323	297	3026
3092	3373	297	3076
3093	3279	303	2976
3094	3271	292	2979
3095	3283	290	2993
3096	3287	288	2999
3097	3315	287	3028
3098	3344	286	3058
3099	3314	304	3010
3100	3324	308	3016
3101	3335	299	3036
3102	3329	300	3029
3103	3292	296	2996
3104	3272	286	2986
3105	3298	290	3008
3106	3299	303	2996
3107	3343	301	3042
3108	3373	296	3077
3109	3333	292	3041
3110	3327	297	3030
3111	3335	293	3042
3112	3402	287	3115
3113	3385	282	3103
3114	3414	292	3122
3115	3447	293	3154
3116	3429	290	3139
3117	3405	292	3113
3118	3384	291	3093
3119	3351	297	3054
3120	3376	295	3081
3121	3422	285	3137
3122	3422	292	3130
3123	3425	297	3128
3124	3495	299	3196
3125	3492	294	3198
3126	3465	291	3174
3127	3466	288	3178
3128	3483	294	3189
3129	3444	297	3147
3130	3423	294	3129
3131	3480	296	3184
3132	3462	290	3172
3133	3424	285	3139
3134	3408	288	3120
3135	3481	292	3189
3136	3521	297	3224
3137	3482	295	3187
3138	3510	294	3216
3139	3507	296	3211
3140	3500	296	3204
3141	3519	294	3225
3142	3505	295	3210
3143	3553	292	3261
3144	3594	285	3309
3145	3668	294	3374
3146	3718	309	3409
3147	3671	306	3365
3148	3738	302	3436
3149	3705	295	3410
3150	3695	292	3403
3151	3766	297	3469
3152	3758	287	3471
3153	3752	298	3454
3154	3842	297	3545
3155	3937	284	3653
3156	4020	287	3733
3157	4073	288	3785
3158	4045	296	3749
3159	4091	301	3790
3160	4190	293	3897
3161	4251	285	3966
3162	4288	294	3994
3163	4348	290	4058
3164	4478	293	4185
3165	4554	298	4256
3166	4593	301	4292
3167	4676	302	4374
3168	4770	291	4479
3169	4875	294	4581
3170	4892	296	4596
3171	4876	294	4582
3172	4895	298	4597
3173	5031	298	4733
3174	5127	292	4835
3175	5148	300	4848
3176	5252	297	4955
3177	5350	297	5053
3178	5405	305	5100
3179	5495	302	5193
3180	5553	291	5262
3181	5562	297	5265
3182	5697	298	5399
3183	5794	292	5502
3184	5961	302	5659
3185	6101	295	5806
3186	6168	287	5881
3187	6250	294	5956
3188	6175	297	5878
3189	6143	293	5850
3190	6098	290	5808
3191	6065	295	5770
3192	6125	289	5836
3193	6129	291	5838
3194	6315	304	6011
3195	6528	293	6235
3196	6650	289	6361
3197	6800	298	6502
3198	6817	290	6527
3199	6922	294	6628
3200	7118	297	6821
3201	7128	289	6839
3202	7239	289	6950
3203	7284	306	6978
3204	7463	306	7157
3205	7515	298	7217
3206	7551	300	7251
3207	7567	298	7269
3208	7643	302	7341
3209	7725	309	7416
3210	7753	303	7450
3211	7775	298	7477
3212	7900	302	7598
3213	7981	300	7681
3214	7975	304	7671
3215	7983	299	7684
3216	8008	304	7704
3217	7857	303	7554
3218	7923	290	7633
3219	7978	299	7679
3220	7942	302	7640
3221	7933	298	7635
3222	8063	301	7762
3223	8217	303	7914
3224	8289	297	7992
3225	8391	280	8111
3226	8426	285	8141
3227	8499	303	8196
3228	8563	304	8259
3229	8619	292	8327
3230	8647	292	8355
3231	8754	302	8452
3232	8886	304	8582
3233	9064	296	8768
3234	9296	291	9005
3235	9483	292	9191
3236	9635	294	9341
3237	9676	294	9382
3238	9616	292	9324
3239	9517	300	9217
3240	9481	296	9185
3241	9456	298	9158
3242	9433	305	9128
3243	9373	297	9076
3244	9306	281	9025
3245	9293	280	9013
3246	9238	294	8944
3247	9271	302	8969
3248	9274	304	8970
3249	9328	294	9034
3250	9364	292	9072
3251	9286	300	8986
3252	9362	294	9068
3253	9354	290	9064
3254	9362	292	9070
3255	9340	297	9043
3256	9325	298	9027
3257	9246	292	8954
3258	9293	293	9000
3259	9314	299	9015
3260	9242	303	8939
3261	9208	297	8911
3262	9252	298	8954
3263	9265	294	8971
3264	9489	292	9197
3265	9832	294	9538
3266	10118	290	9828
3267	10367	298	10069
3268	10520	296	10224
3269	10612	305	10307
3270	10557	301	10256
3271	10397	292	10105
3272	10355	284	10071
3273	10359	294	10065
3274	10421	300	10121
3275	10361	292	10069
3276	10348	301	10047
3277	10301	304	9997
3278	10205	300	9905
3279	9915	301	9614
3280	9785	293	9492
3281	9592	290	9302
3282	9466	295	9171
3283	9429	302	9127
3284	9291	298	8993
3285	9133	294	8839
3286	8967	300	8667
3287	8906	295	8611
3288	8861	297	8564
3289	8878	293	8585
3290	8941	294	8647
3291	8962	298	8664
3292	8996	301	8695
3293	8905	294	8611
3294	8868	289	8579
3295	8990	291	8699
3296	9086	292	8794
3297	9113	300	8813
3298	9120	303	8817
3299	9185	298	8887
3300	9091	297	8794
3301	9067	299	8768
3302	9054	295	8759
3303	9043	292	8751
3304	8984	293	8691
3305	8947	282	8665
3306	8870	281	8589
3307	8735	296	8439
3308	8612	302	8310
3309	8482	305	8177
3310	8386	305	8081
3311	8305	300	8005
3312	8303	288	8015
3313	8244	283	7961
3314	8235	294	7941
3315	8218	295	7923
3316	8128	297	7831
3317	8196	295	7901
3318	8121	281	7840
3319	8136	279	7857
3320	8237	298	7939
3321	8295	295	8000
3322	8249	281	7968
3323	8201	291	7910
3324	8164	289	7875
3325	8103	297	7806
3326	8049	302	7747
3327	7900	299	7601
3328	7894	298	7596
3329	7827	302	7525
3330	7825	305	7520
3331	7772	300	7472
3332	7626	300	7326
3333	7545	298	7247
3334	7444	290	7154
3335	7293	290	7003
3336	7167	299	6868
3337	7057	294	6763
3338	6985	283	6702
3339	6936	286	6650
3340	6926	282	6644
3341	6831	288	6543
3342	6687	308	6379
3343	6611	303	6308
3344	6630	297	6333
3345	6541	294	6247
3346	6417	294	6123
3347	6364	288	6076
3348	6284	287	5997
3349	6275	287	5988
3350	6220	300	5920
3351	6200	301	5899
3352	6031	296	5735
3353	6002	295	5707
3354	5932	294	5638
3355	5803	289	5514
3356	5749	301	5448
3357	5687	293	5394
3358	5686	300	5386
3359	5636	295	5341
3360	5544	290	5254
3361	5558	295	5263
3362	5454	300	5154
3363	5394	298	5096
3364	5388	290	5098
3365	5385	282	5103
3366	5447	292	5155
3367	5515	301	5214
3368	5644	293	5351
3369	5698	282	5416
3370	5704	303	5401
3371	5743	304	5439
3372	5762	293	5469
3373	5681	289	5392
3374	5642	302	5340
3375	5636	308	5328
3376	5546	307	5239
3377	5420	306	5114
3378	5400	291	5109
3379	5393	288	5105
3380	5410	299	5111
3381	5289	299	4990
3382	5210	287	4923
3383	5238	297	4941
3384	5253	295	4958
3385	5232	288	4944
3386	5207	290	4917
3387	5310	289	5021
3388	5340	297	5043
3389	5373	295	5078
3390	5403	297	5106
3391	5378	308	5070
3392	5281	301	4980
3393	5161	293	4868
3394	5121	306	4815
3395	5128	298	4830
3396	5005	294	4711
3397	4942	298	4644
3398	4942	296	4646
3399	4874	286	4588
3400	4756	289	4467
3401	4718	286	4432
3402	4689	287	4402
3403	4626	302	4324
3404	4583	308	4275
3405	4488	296	4192
3406	4495	286	4209
3407	4466	296	4170
3408	4495	298	4197
3409	4484	298	4186
3410	4468	298	4170
3411	4421	297	4124
3412	4467	288	4179
3413	4460	287	4173
3414	4371	299	4072
3415	4307	301	4006
3416	4340	294	4046
3417	4309	296	4013
3418	4224	303	3921
3419	4224	301	3923
3420	4334	302	4032
3421	4274	287	3987
3422	4326	284	4042
3423	4414	300	4114
3424	4491	295	4196
3425	4443	299	4144
3426	4429	294	4135
3427	4380	297	4083
3428	4329	290	4039
3429	4304	294	4010
3430	4280	296	3984
3431	4272	297	3975
3432	4304	299	4005
3433	4277	292	3985
3434	4277	296	3981
3435	4292	300	3992
3436	4300	305	3995
3437	4261	298	3963
3438	4268	286	3982
3439	4285	290	3995
3440	4274	297	3977
3441	4265	303	3962
3442	4253	295	3958
3443	4184	294	3890
3444	4152	290	3862
3445	4182	285	3897
3446	4192	292	3900
3447	4161	296	3865
3448	4114	289	3825
3449	4113	294	3819
3450	4078	300	3778
3451	4043	291	3752
3452	4034	298	3736
3453	3984	307	3677
3454	3990	300	3690
3455	4000	297	3703
3456	3998	300	3698
3457	3912	299	3613
3458	3906	299	3607
3459	3936	296	3640
3460	3926	290	3636
3461	4013	305	3708
3462	4037	305	3732
3463	4042	304	3738
3464	3946	300	3646
3465	3928	305	3623
3466	3987	299	3688
3467	3998	288	3710
3468	4058	290	3768
3469	4050	292	3758
3470	3945	291	3654
3471	3876	297	3579
3472	3801	297	3504
3473	3820	284	3536
3474	3813	290	3523
3475	3750	291	3459
3476	3743	289	3454
3477	3698	294	3404
3478	3704	306	3398
3479	3629	296	3333
3480	3567	280	3287
3481	3596	282	3314
3482	3580	287	3293
3483	3527	286	3241
3484	3529	288	3241
3485	3567	292	3275
3486	3632	297	3335
3487	3614	296	3318
3488	3622	296	3326
3489	3596	292	3304
3490	3538	288	3250
3491	3543	290	3253
3492	3502	298	3204
3493	3480	302	3178
3494	3544	301	3243
3495	3429	286	3143
3496	3320	286	3034
3497	3304	292	3012
3498	3297	297	3000
3499	3347	292	3055
3500	3333	291	3042
3501	3283	291	2992
3502	3341	289	3052
3503	3358	296	3062
3504	3256	291	2965
3505	3197	287	2910
3506	3207	297	2910
3507	3172	292	2880
3508	3181	284	2897
3509	3202	288	2914
3510	3119	293	2826
3511	3081	303	2778
3512	3026	305	2721
3513	3007	300	2707
3514	3034	297	2737
3515	3010	284	2726
3516	2986	287	2699
3517	3029	288	2741
3518	2999	296	2703
3519	2899	293	2606
3520	2885	299	2586
3521	2893	304	2589
3522	2884	301	2583
3523	2887	293	2594
3524	2854	283	2571
3525	2818	285	2533
3526	2819	296	2523
3527	2786	302	2484
3528	2843	292	2551
3529	2898	292	2606
3530	2921	291	2630
3531	2942	287	2655
3532	2924	299	2625
3533	2881	296	2585
3534	2813	303	2510
3535	2761	300	2461
3536	2754	294	2460
3537	2681	294	2387
3538	2653	304	2349
3539	2695	305	2390
3540	2700	303	2397
3541	2753	305	2448
3542	2718	303	2415
3543	2718	297	2421
3544	2680	286	2394
3545	2572	294	2278
3546	2545	290	2255
3547	2573	289	2284
3548	2581	296	2285
3549	2544	289	2255
3550	2541	296	2245
3551	2464	293	2171
3552	2483	299	2184
3553	2517	297	2220
3554	2439	292	2147
3555	2454	301	2153
3556	2498	296	2202
3557	2467	292	2175
3558	2455	293	2162
3559	2441	299	2142
3560	2411	298	2113
3561	2406	301	2105
3562	2359	295	2064
3563	2303	304	1999
3564	2287	308	1979
3565	2284	289	1995
3566	2274	293	1981
3567	2351	294	2057
3568	2361	291	2070
3569	2335	304	2031
3570	2283	303	1980
3571	2237	294	1943
3572	2220	288	1932
3573	2226	282	1944
3574	2261	295	1966
3575	2286	296	1990
3576	2269	286	1983
3577	2257	293	1964
3578	2271	298	1973
3579	2217	292	1925
3580	2197	293	1904
3581	2190	299	1891
3582	2221	296	1925
3583	2213	292	1921
3584	2208	302	1906
3585	2187	296	1891
3586	2183	297	1886
3587	2142	296	1846
3588	2095	288	1807
3589	2088	292	1796
3590	2029	293	1736
3591	1992	294	1698
3592	1992	295	1697
3593	2015	294	1721
3594	1992	295	1697
3595	2022	298	1724
3596	2019	292	1727
3597	1978	287	1691
3598	1988	289	1699
3599	1982	295	1687
3600	1930	295	1635
3601	1910	290	1620
3602	1953	289	1664
3603	1943	302	1641
3604	1898	302	1596
3605	1902	298	1604
3606	1861	303	1558
3607	1874	300	1574
3608	1825	305	1520
3609	1800	296	1504
3610	1851	296	1555
3611	1814	304	1510
3612	1811	303	1508
3613	1754	295	1459
3614	1732	295	1437
3615	1703	294	1409
3616	1681	291	1390
3617	1684	287	1397
3618	1708	293	1415
3619	1688	289	1399
3620	1685	285	1400
3621	1681	295	1386
3622	1683	299	1384
3623	1671	290	1381
3624	1627	284	1343
3625	1657	296	1361
3626	1666	303	1363
3627	1673	305	1368
3628	1665	301	1364
3629	1665	296	1369
3630	1701	296	1405
3631	1680	292	1388
3632	1636	296	1340
3633	1606	292	1314
3634	1554	284	1270
3635	1539	289	1250
3636	1514	294	1220
3637	1480	295	1185
3638	1455	301	1154
3639	1461	301	1160
3640	1442	292	1150
3641	1450	292	1158
3642	1421	298	1123
3643	1437	298	1139
3644	1422	301	1121
3645	1466	294	1172
3646	1487	291	1196
3647	1456	295	1161
3648	1421	296	1125
