index	original	background	difference
-----------------------------------------------------
1	532	346	186
2	553	356	197
3	544	362	182
4	521	357	164
5	510	352	158
6	523	352	171
7	516	359	157
8	517	364	153
9	542	360	182
10	538	370	168
11	524	363	161
12	548	359	189
13	564	365	199
14	527	359	168
15	540	350	190
16	531	346	185
17	547	360	187
18	535	357	178
19	562	350	212
20	581	359	222
21	555	363	192
22	543	360	183
23	536	362	174
24	537	361	176
25	552	355	197
26	533	368	165
27	535	371	164
28	550	360	190
29	573	365	208
30	573	371	202
31	566	369	197
32	543	361	182
33	542	369	173
34	556	379	177
35	579	366	213
36	572	363	209
37	524	359	165
38	524	362	162
39	530	359	171
40	535	359	176
41	536	366	170
42	531	363	168
43	539	370	169
44	546	367	179
45	545	353	192
46	557	358	199
47	565	367	198
48	547	364	183
49	540	375	165
50	537	379	158
51	536	377	159
52	536	372	164
53	568	367	201
54	558	380	178
55	553	375	178
56	545	372	173
57	515	374	141
58	494	376	118
59	533	370	163
60	539	373	166
61	519	374	145
62	550	370	180
63	539	376	163
64	521	368	153
65	548	373	175
66	537	379	158
67	536	371	165
68	536	368	168
69	534	363	171
70	547	361	186
71	534	368	166
72	523	377	146
73	514	378	136
74	523	381	142
75	541	374	167
76	525	364	161
77	518	355	163
78	515	367	148
79	518	371	147
80	522	368	154
81	537	373	164
82	543	381	162
83	546	368	178
84	551	373	178
85	547	378	169
86	541	370	171
87	553	371	182
88	520	363	157
89	508	364	144
90	523	374	149
91	531	381	150
92	558	379	179
93	532	372	160
94	518	369	149
95	507	373	134
96	500	367	133
97	519	361	158
98	553	370	183
99	534	372	162
100	538	377	161
101	547	379	168
102	543	376	167
103	516	370	146
104	535	369	166
105	539	378	161
106	534	377	157
107	544	373	171
108	531	371	160
109	509	371	138
110	533	373	160
111	534	370	164
112	548	364	184
113	522	377	145
114	526	375	151
115	537	374	163
116	573	376	197
117	552	372	180
118	518	378	140
119	535	378	157
120	523	369	154
121	518	365	153
122	517	366	151
123	541	378	163
124	544	391	153
125	531	375	156
126	536	368	168
127	530	367	163
128	530	374	156
129	526	381	145
130	536	376	160
131	564	376	188
132	537	369	168
133	511	369	142
134	531	368	163
135	541	375	166
136	522	383	139
137	523	378	145
138	526	377	149
139	546	368	178
140	543	378	165
141	527	386	141
142	513	385	128
143	506	369	137
144	552	369	183
145	536	378	158
146	533	367	166
147	553	365	188
148	539	376	163
149	536	371	165
150	551	381	170
151	543	394	149
152	552	381	171
153	558	372	186
154	537	369	168
155	527	364	163
156	558	369	189
157	509	368	141
158	517	364	153
159	533	374	159
160	500	374	126
161	499	370	129
162	485	370	115
163	494	378	116
164	522	373	149
165	542	373	169
166	518	382	136
167	505	379	126
168	534	376	158
169	538	368	170
170	531	368	163
171	528	366	162
172	530	373	157
173	523	369	154
174	523	372	151
175	527	370	157
176	534	371	163
177	536	363	173
178	520	369	151
179	544	368	176
180	546	379	167
181	535	373	162
182	520	373	147
183	502	373	129
184	507	372	135
185	531	368	163
186	572	373	199
187	536	362	174
188	516	364	152
189	531	373	158
190	522	371	151
191	523	373	150
192	527	374	153
193	512	373	139
194	508	365	143
195	511	364	147
196	520	368	152
197	542	366	176
198	544	368	176
199	522	380	142
200	512	379	133
201	521	374	147
202	518	380	138
203	515	371	144
204	515	367	148
205	535	371	164
206	556	364	192
207	544	365	179
208	514	371	143
209	508	377	131
210	530	372	158
211	530	380	150
212	532	377	155
213	529	366	163
214	512	370	142
215	522	375	147
216	528	374	154
217	531	373	158
218	516	371	145
219	525	361	164
220	515	370	145
221	524	365	159
222	520	366	154
223	505	368	137
224	512	371	141
225	543	374	169
226	510	365	145
227	481	368	113
228	486	361	125
229	497	368	129
230	523	372	151
231	521	369	152
232	524	370	154
233	526	366	160
234	512	367	145
235	508	369	139
236	521	361	160
237	512	363	149
238	520	370	150
239	488	364	124
240	501	357	144
241	526	363	163
242	533	362	171
243	520	364	156
244	513	367	146
245	526	374	152
246	526	378	148
247	506	373	133
248	521	367	154
249	521	360	161
250	510	370	140
251	492	364	128
252	497	367	130
253	514	363	151
254	501	366	135
255	508	369	139
256	508	372	136
257	529	381	148
258	533	371	162
259	520	359	161
260	514	361	153
261	505	368	137
262	508	361	147
263	506	368	138
264	498	371	127
265	507	369	138
266	505	372	133
267	496	373	123
268	503	367	136
269	500	365	135
270	519	363	156
271	516	367	149
272	502	370	132
273	506	364	142
274	529	365	164
275	510	371	139
276	512	374	138
277	513	368	145
278	500	366	134
279	516	365	151
280	505	367	138
281	506	365	141
282	510	360	150
283	503	352	151
284	513	361	152
285	505	357	148
286	538	352	186
287	516	360	156
288	475	368	107
289	491	375	116
290	508	365	143
291	526	351	175
292	518	364	154
293	492	365	127
294	503	357	146
295	483	361	122
296	486	361	125
297	499	368	131
298	515	370	145
299	519	359	160
300	513	359	154
301	496	350	146
302	490	358	132
303	494	354	140
304	511	352	159
305	510	360	150
306	511	365	146
307	505	364	141
308	505	353	152
309	495	351	144
310	503	351	152
311	516	356	160
312	502	361	141
313	492	352	140
314	533	352	181
315	539	353	186
316	533	358	175
317	503	360	143
318	491	362	129
319	495	365	130
320	504	364	140
321	505	368	137
322	492	371	121
323	489	369	120
324	505	365	140
325	488	363	125
326	499	360	139
327	521	354	167
328	510	365	145
329	500	366	134
330	501	362	139
331	502	353	149
332	515	353	162
333	519	358	161
334	548	361	187
335	497	353	144
336	494	359	135
337	517	367	150
338	502	362	140
339	474	356	118
340	474	351	123
341	486	354	132
342	493	362	131
343	504	355	149
344	517	368	149
345	500	366	134
346	489	360	129
347	518	362	156
348	508	353	155
349	497	354	143
350	509	368	141
351	498	370	128
352	495	356	139
353	517	360	157
354	511	365	146
355	499	364	135
356	512	355	157
357	529	365	164
358	516	370	146
359	515	362	153
360	520	354	166
361	527	358	169
362	505	357	148
363	473	347	126
364	493	357	136
365	505	358	147
366	482	357	125
367	501	354	147
368	502	355	147
369	494	357	137
370	494	358	136
371	498	356	142
372	495	358	137
373	513	357	156
374	505	360	145
375	492	353	139
376	487	359	128
377	496	361	135
378	484	352	132
379	488	354	134
380	503	365	138
381	483	358	125
382	488	360	128
383	505	361	144
384	504	355	149
385	473	354	119
386	464	349	115
387	491	351	140
388	520	354	166
389	486	356	130
390	486	349	137
391	485	356	129
392	480	360	120
393	498	352	146
394	485	361	124
395	486	366	120
396	482	371	111
397	469	358	111
398	477	349	128
399	485	353	132
400	485	357	128
401	484	356	128
402	492	358	134
403	494	351	143
404	515	354	161
405	496	346	150
406	462	348	114
407	474	351	123
408	481	362	119
409	476	368	108
410	497	362	135
411	481	360	121
412	509	364	145
413	509	366	143
414	496	359	137
415	491	357	134
416	481	370	111
417	496	364	132
418	495	365	130
419	492	367	125
420	515	367	148
421	478	359	119
422	500	363	137
423	506	358	148
424	499	368	131
425	487	362	125
426	477	354	123
427	493	349	144
428	504	356	148
429	488	359	129
430	476	357	119
431	457	354	103
432	474	351	123
433	475	359	116
434	502	357	145
435	525	352	173
436	515	356	159
437	496	358	138
438	478	355	123
439	480	349	131
440	508	351	157
441	505	357	148
442	496	358	138
443	454	358	96
444	489	363	126
445	505	363	142
446	475	355	120
447	479	346	133
448	477	345	132
449	480	350	130
450	472	346	126
451	472	359	113
452	470	361	109
453	454	357	97
454	467	358	109
455	474	351	123
456	477	352	125
457	460	359	101
458	482	360	122
459	518	353	165
460	509	355	154
461	469	357	112
462	475	364	111
463	476	357	119
464	472	349	123
465	470	360	110
466	460	362	98
467	473	355	118
468	486	352	134
469	497	358	139
470	511	361	150
471	503	354	149
472	497	349	148
473	483	347	136
474	505	360	145
475	511	365	146
476	498	369	129
477	470	363	107
478	472	356	116
479	486	357	129
480	480	341	139
481	483	352	131
482	477	356	121
483	487	358	129
484	482	353	129
485	481	353	128
486	475	357	118
487	506	366	140
488	490	349	141
489	485	351	134
490	481	352	129
491	485	347	138
492	512	347	165
493	511	351	160
494	480	348	132
495	476	345	131
496	498	353	145
497	502	355	147
498	475	359	116
499	454	352	102
500	479	356	123
501	504	349	155
502	505	349	156
503	489	345	144
504	469	348	121
505	477	352	125
506	494	346	148
507	487	340	147
508	496	341	155
509	498	346	152
510	498	355	143
511	504	350	154
512	501	340	161
513	492	342	150
514	497	350	147
515	478	353	125
516	466	354	112
517	487	353	134
518	495	351	144
519	500	352	148
520	491	341	150
521	490	340	150
522	486	348	138
523	495	351	144
524	503	354	149
525	486	351	135
526	479	350	129
527	458	344	114
528	490	349	141
529	485	350	135
530	484	343	141
531	496	337	159
532	501	345	156
533	511	346	165
534	518	343	175
535	503	345	158
536	487	358	129
537	500	345	155
538	489	347	142
539	513	357	156
540	517	348	169
541	492	345	147
542	515	350	165
543	512	343	169
544	511	344	167
545	534	347	187
546	516	351	165
547	508	349	159
548	525	352	173
549	499	342	157
550	494	338	156
551	519	342	177
552	526	346	180
553	526	341	185
554	526	346	180
555	533	341	192
556	527	348	179
557	534	347	187
558	519	341	178
559	509	344	165
560	521	342	179
561	550	349	201
562	552	346	206
563	554	343	211
564	547	342	205
565	542	342	200
566	546	344	202
567	568	348	220
568	563	352	211
569	544	348	196
570	534	335	199
571	560	332	228
572	546	347	199
573	538	352	186
574	569	360	209
575	579	357	222
576	581	356	225
577	589	345	244
578	563	341	222
579	544	344	200
580	572	348	224
581	606	348	258
582	603	344	259
583	605	337	268
584	596	328	268
585	604	348	256
586	610	345	265
587	614	342	272
588	623	349	274
589	626	345	281
590	629	349	280
591	633	353	280
592	642	338	304
593	634	343	291
594	624	339	285
595	633	339	294
596	634	340	294
597	662	341	321
598	661	343	318
599	657	348	309
600	680	344	336
601	694	346	348
602	675	343	332
603	671	352	319
604	717	349	368
605	712	345	367
606	675	352	323
607	657	348	309
608	677	337	340
609	701	334	367
610	727	346	381
611	745	345	400
612	738	334	404
613	713	338	375
614	743	342	401
615	763	342	421
616	764	341	423
617	785	342	443
618	780	335	445
619	791	337	454
620	815	349	466
621	798	339	459
622	784	336	448
623	794	339	455
624	797	342	455
625	808	340	468
626	805	342	463
627	819	337	482
628	850	340	510
629	854	342	512
630	881	343	538
631	871	349	522
632	893	357	536
633	942	354	588
634	906	346	560
635	940	339	601
636	980	337	643
637	1013	346	667
638	1030	345	685
639	1021	344	677
640	1025	340	685
641	1041	336	705
642	1093	341	752
643	1079	346	733
644	1087	345	742
645	1100	338	762
646	1125	344	781
647	1094	343	751
648	1108	344	764
649	1128	346	782
650	1168	341	827
651	1141	345	796
652	1185	345	840
653	1181	348	833
654	1199	348	851
655	1234	344	890
656	1235	343	892
657	1232	344	888
658	1226	332	894
659	1252	329	923
660	1289	341	948
661	1262	337	925
662	1310	343	967
663	1319	350	969
664	1319	345	974
665	1362	333	1029
666	1373	337	1036
667	1423	346	1077
668	1470	351	1119
669	1469	347	1122
670	1439	344	1095
671	1439	344	1095
672	1479	333	1146
673	1564	338	1226
674	1595	346	1249
675	1596	343	1253
676	1631	346	1285
677	1619	333	1286
678	1704	338	1366
679	1710	336	1374
680	1736	349	1387
681	1818	347	1471
682	1843	343	1500
683	1837	340	1497
684	1831	337	1494
685	1875	335	1540
686	1960	342	1618
687	1946	345	1601
688	1945	341	1604
689	1985	344	1641
690	2071	344	1727
691	2071	344	1727
692	2104	344	1760
693	2069	334	1735
694	2154	334	1820
695	2177	346	1831
696	2169	338	1831
697	2179	338	1841
698	2206	340	1866
699	2255	336	1919
700	2255	347	1908
701	2289	344	1945
702	2300	342	1958
703	2303	336	1967
704	2305	343	1962
705	2351	338	2013
706	2395	330	2065
707	2374	331	2043
708	2365	342	2023
709	2396	346	2050
710	2471	353	2118
711	2482	338	2144
712	2437	334	2103
713	2465	339	2126
714	2552	339	2213
715	2592	343	2249
716	2607	327	2280
717	2557	323	2234
718	2567	330	2237
719	2621	332	2289
720	2660	334	2326
721	2672	328	2344
722	2754	334	2420
723	2757	333	2424
724	2840	338	2502
725	2813	345	2468
726	2832	336	2496
727	2908	325	2583
728	2926	329	2597
729	2966	341	2625
730	2993	340	2653
731	2991	345	2646
732	3083	344	2739
733	3086	342	2744
734	3068	347	2721
735	3144	341	2803
736	3173	332	2841
737	3233	331	2902
738	3268	345	2923
739	3255	337	2918
740	3342	339	3003
741	3410	347	3063
742	3349	338	3011
743	3366	335	3031
744	3459	347	3112
745	3467	341	3126
746	3442	334	3108
747	3420	338	3082
748	3421	335	3086
749	3457	335	3122
750	3451	341	3110
751	3469	336	3133
752	3432	338	3094
753	3428	337	3091
754	3471	336	3135
755	3467	342	3125
756	3416	340	3076
757	3413	346	3067
758	3461	341	3120
759	3451	348	3103
760	3389	345	3044
761	3432	337	3095
762	3543	339	3204
763	3522	329	3193
764	3426	323	3103
765	3348	331	3017
766	3368	333	3035
767	3346	335	3011
768	3338	340	2998
769	3329	333	2996
770	3332	324	3008
771	3317	334	2983
772	3323	342	2981
773	3362	333	3029
774	3350	339	3011
775	3344	343	3001
776	3286	343	2943
777	3272	337	2935
778	3340	336	3004
779	3294	346	2948
780	3311	351	2960
781	3341	342	2999
782	3324	339	2985
783	3345	341	3004
784	3354	335	3019
785	3372	342	3030
786	3385	344	3041
787	3408	345	3063
788	3391	346	3045
789	3418	338	3080
790	3437	330	3107
791	3450	326	3124
792	3402	341	3061
793	3422	337	3085
794	3485	332	3153
795	3503	340	3163
796	3531	337	3194
797	3493	341	3152
798	3454	346	3108
799	3544	349	3195
800	3514	347	3167
801	3455	345	3110
802	3493	331	3162
803	3520	328	3192
804	3487	328	3159
805	3447	334	3113
806	3435	333	3102
807	3418	337	3081
808	3412	346	3066
809	3410	349	3061
810	3375	341	3034
811	3336	332	3004
812	3379	335	3044
813	3354	333	3021
814	3293	330	2963
815	3301	331	2970
816	3281	341	2940
817	3267	344	2923
818	3250	337	2913
819	3223	339	2884
820	3182	336	2846
821	3082	335	2747
822	3060	337	2723
823	3126	336	2790
824	3093	338	2755
825	3000	325	2675
826	2983	324	2659
827	2943	326	2617
828	2941	333	2608
829	2927	343	2584
830	2928	341	2587
831	2912	330	2582
832	2897	327	2570
833	2887	331	2556
834	2853	335	2518
835	2824	320	2504
836	2829	326	2503
837	2777	334	2443
838	2778	330	2448
839	2758	326	2432
840	2807	334	2473
841	2800	337	2463
842	2773	334	2439
843	2752	330	2422
844	2747	329	2418
845	2710	325	2385
846	2735	328	2407
847	2728	332	2396
848	2734	334	2400
849	2692	334	2358
850	2691	330	2361
851	2669	329	2340
852	2689	333	2356
853	2664	322	2342
854	2674	325	2349
855	2746	331	2415
856	2733	332	2401
857	2668	327	2341
858	2662	334	2328
859	2645	327	2318
860	2640	328	2312
861	2670	330	2340
862	2628	330	2298
863	2582	335	2247
864	2592	331	2261
865	2650	332	2318
866	2606	331	2275
867	2575	324	2251
868	2609	322	2287
869	2590	321	2269
870	2604	329	2275
871	2628	323	2305
872	2610	328	2282
873	2554	330	2224
874	2604	322	2282
875	2549	327	2222
876	2533	338	2195
877	2527	328	2199
878	2483	318	2165
879	2486	318	2168
880	2465	335	2130
881	2444	331	2113
882	2411	332	2079
883	2405	330	2075
884	2387	335	2052
885	2313	332	1981
886	2278	319	1959
887	2316	319	1997
888	2324	334	1990
889	2357	325	2032
890	2322	325	1997
891	2340	321	2019
892	2218	320	1898
893	2151	321	1830
894	2165	326	1839
895	2141	332	1809
896	2144	332	1812
897	2144	329	1815
898	2111	328	1783
899	2045	325	1720
900	2026	328	1698
901	2015	325	1690
902	1979	324	1655
903	1986	336	1650
904	1996	329	1667
905	1975	316	1659
906	1969	321	1648
907	1910	335	1575
908	1899	337	1562
909	1893	330	1563
910	1888	336	1552
911	1896	335	1561
912	1876	332	1544
913	1849	325	1524
914	1854	321	1533
915	1822	321	1501
916	1857	322	1535
917	1792	317	1475
918	1824	321	1503
919	1830	319	1511
920	1804	323	1481
921	1779	321	1458
922	1776	322	1454
923	1762	330	1432
924	1717	327	1390
925	1743	327	1416
926	1767	330	1437
927	1724	333	1391
928	1712	326	1386
929	1757	329	1428
930	1730	337	1393
931	1737	332	1405
932	1750	323	1427
933	1726	329	1397
934	1731	334	1397
935	1770	327	1443
936	1708	331	1377
937	1699	326	1373
938	1745	322	1423
939	1721	324	1397
940	1672	318	1354
941	1651	321	1330
942	1655	330	1325
943	1657	323	1334
944	1644	319	1325
945	1625	319	1306
946	1651	325	1326
947	1660	322	1338
948	1659	320	1339
949	1624	320	1304
950	1648	318	1330
951	1650	322	1328
952	1683	323	1360
953	1643	321	1322
954	1609	317	1292
955	1564	317	1247
956	1560	331	1229
957	1576	325	1251
958	1566	327	1239
959	1560	332	1228
960	1550	328	1222
961	1531	320	1211
962	1520	331	1189
963	1547	337	1210
964	1548	325	1223
965	1497	321	1176
966	1466	317	1149
967	1476	320	1156
968	1471	322	1149
969	1431	329	1102
970	1473	337	1136
971	1483	322	1161
972	1417	321	1096
973	1370	327	1043
974	1383	333	1050
975	1407	321	1086
976	1421	314	1107
977	1397	322	1075
978	1400	322	1078
979	1390	323	1067
980	1395	325	1070
981	1370	318	1052
982	1350	317	1033
983	1366	324	1042
984	1347	330	1017
985	1341	331	1010
986	1341	328	1013
987	1319	330	989
988	1343	316	1027
989	1330	324	1006
990	1312	332	980
991	1321	324	997
992	1306	327	979
993	1307	329	978
994	1309	324	985
995	1294	323	971
996	1310	321	989
997	1311	322	989
998	1289	324	965
999	1249	328	921
1000	1260	332	928
1001	1312	324	988
1002	1315	316	999
1003	1316	318	998
1004	1302	326	976
1005	1286	328	958
1006	1259	332	927
1007	1308	327	981
1008	1353	322	1031
1009	1360	321	1039
1010	1340	323	1017
1011	1331	321	1010
1012	1357	315	1042
1013	1371	320	1051
1014	1373	318	1055
1015	1378	312	1066
1016	1394	322	1072
1017	1388	317	1071
1018	1326	314	1012
1019	1343	318	1025
1020	1380	317	1063
1021	1390	316	1074
1022	1424	308	1116
1023	1451	319	1132
1024	1438	324	1114
1025	1472	316	1156
1026	1448	327	1121
1027	1446	329	1117
1028	1437	320	1117
1029	1458	315	1143
1030	1514	315	1199
1031	1514	320	1194
1032	1502	323	1179
1033	1533	323	1210
1034	1560	325	1235
1035	1570	326	1244
1036	1578	327	1251
1037	1596	328	1268
1038	1632	328	1304
1039	1607	323	1284
1040	1598	317	1281
1041	1583	316	1267
1042	1618	324	1294
1043	1646	320	1326
1044	1668	324	1344
1045	1672	324	1348
1046	1643	313	1330
1047	1674	313	1361
1048	1708	323	1385
1049	1698	323	1375
1050	1729	320	1409
1051	1732	316	1416
1052	1709	318	1391
1053	1755	320	1435
1054	1787	323	1464
1055	1763	319	1444
1056	1772	319	1453
1057	1770	321	1449
1058	1844	324	1520
1059	1899	321	1578
1060	1856	324	1532
1061	1779	318	1461
1062	1781	312	1469
1063	1855	316	1539
1064	1912	315	1597
1065	1896	314	1582
1066	1861	331	1530
1067	1875	330	1545
1068	1932	309	1623
1069	1923	308	1615
1070	1921	313	1608
1071	1978	316	1662
1072	1973	318	1655
1073	1970	304	1666
1074	2015	304	1711
1075	1993	313	1680
1076	2017	326	1691
1077	2070	321	1749
1078	2063	315	1748
1079	2096	322	1774
1080	2113	309	1804
1081	2121	311	1810
1082	2093	320	1773
1083	2081	323	1758
1084	2171	322	1849
1085	2157	319	1838
1086	2227	315	1912
1087	2233	316	1917
1088	2246	306	1940
1089	2288	307	1981
1090	2285	316	1969
1091	2328	311	2017
1092	2325	310	2015
1093	2402	309	2093
1094	2442	308	2134
1095	2431	314	2117
1096	2505	314	2191
1097	2565	320	2245
1098	2549	313	2236
1099	2557	311	2246
1100	2650	313	2337
1101	2716	314	2402
1102	2750	312	2438
1103	2777	321	2456
1104	2806	324	2482
1105	2867	317	2550
1106	2930	321	2609
1107	3006	318	2688
1108	2991	314	2677
1109	3069	317	2752
1110	3202	323	2879
1111	3223	333	2890
1112	3281	326	2955
1113	3330	312	3018
1114	3401	321	3080
1115	3448	315	3133
1116	3559	309	3250
1117	3629	315	3314
1118	3730	316	3414
1119	3815	315	3500
1120	3864	313	3551
1121	3914	315	3599
1122	4020	327	3693
1123	4133	322	3811
1124	4169	317	3852
1125	4230	319	3911
1126	4381	313	4068
1127	4500	318	4182
1128	4518	320	4198
1129	4597	318	4279
1130	4763	315	4448
1131	4977	314	4663
1132	5008	313	4695
1133	5065	315	4750
1134	5141	320	4821
1135	5301	326	4975
1136	5500	318	5182
1137	5546	314	5232
1138	5623	318	5305
1139	5789	324	5465
1140	5955	322	5633
1141	6045	321	5724
1142	6187	315	5872
1143	6404	321	6083
1144	6570	321	6249
1145	6639	318	6321
1146	6768	319	6449
1147	6928	319	6609
1148	7007	316	6691
1149	7082	310	6772
1150	7295	325	6970
1151	7380	321	7059
1152	7529	327	7202
1153	7754	329	7425
1154	7962	318	7644
1155	8097	311	7786
1156	8265	312	7953
1157	8408	308	8100
1158	8553	312	8241
1159	8707	312	8395
1160	8928	311	8617
1161	9140	322	8818
1162	9362	323	9039
1163	9554	323	9231
1164	9724	318	9406
1165	9912	313	9599
1166	10113	320	9793
1167	10345	323	10022
1168	10518	325	10193
1169	10612	322	10290
1170	10821	315	10506
1171	11081	313	10768
1172	11375	319	11056
1173	11582	324	11258
1174	11788	326	11462
1175	12048	328	11720
1176	12138	322	11816
1177	12332	307	12025
1178	12600	310	12290
1179	12705	306	12399
1180	12897	307	12590
1181	13193	304	12889
1182	13436	307	13129
1183	13794	324	13470
1184	14033	325	13708
1185	14174	313	13861
1186	14433	310	14123
1187	14687	320	14367
1188	14848	322	14526
1189	14940	318	14622
1190	15070	312	14758
1191	15262	311	14951
1192	15432	309	15123
1193	15681	313	15368
1194	15906	316	15590
1195	16129	321	15808
1196	16268	319	15949
1197	16264	310	15954
1198	16495	308	16187
1199	16696	312	16384
1200	16863	315	16548
1201	16910	321	16589
1202	17038	317	16721
1203	17156	312	16844
1204	17037	314	16723
1205	17165	312	16853
1206	17270	323	16947
1207	17385	317	17068
1208	17533	321	17212
1209	17626	317	17309
1210	17552	317	17235
1211	17529	322	17207
1212	17492	325	17167
1213	17542	320	17222
1214	17516	318	17198
1215	17518	319	17199
1216	17543	313	17230
1217	17541	314	17227
1218	17513	312	17201
1219	17453	312	17141
1220	17404	309	17095
1221	17257	312	16945
1222	17276	315	16961
1223	17388	321	17067
1224	17278	316	16962
1225	17025	309	16716
1226	17038	311	16727
1227	16964	302	16662
1228	16857	297	16560
1229	16922	300	16622
1230	16901	313	16588
1231	16808	307	16501
1232	16670	305	16365
1233	16476	300	16176
1234	16384	299	16085
1235	16276	304	15972
1236	16255	305	15950
1237	16067	316	15751
1238	16005	318	15687
1239	15986	309	15677
1240	15989	310	15679
1241	15852	311	15541
1242	15675	319	15356
1243	15594	320	15274
1244	15461	312	15149
1245	15458	313	15145
1246	15522	311	15211
1247	15474	309	15165
1248	15330	306	15024
1249	15387	311	15076
1250	15356	315	15041
1251	15314	317	14997
1252	15402	310	15092
1253	15343	307	15036
1254	15258	311	14947
1255	15161	319	14842
1256	15140	306	14834
1257	15056	315	14741
1258	14952	319	14633
1259	15002	314	14688
1260	15015	313	14702
1261	15016	309	14707
1262	14979	309	14670
1263	14875	315	14560
1264	15042	315	14727
1265	15065	314	14751
1266	15065	317	14748
1267	15105	320	14785
1268	15055	313	14742
1269	15216	309	14907
1270	15207	306	14901
1271	15278	310	14968
1272	15422	320	15102
1273	15369	314	15055
1274	15557	309	15248
1275	15592	305	15287
1276	15625	301	15324
1277	15608	297	15311
1278	15763	307	15456
1279	15941	319	15622
1280	15918	319	15599
1281	15968	312	15656
1282	16058	306	15752
1283	16092	306	15786
1284	16180	317	15863
1285	16277	312	15965
1286	16312	306	16006
1287	16347	302	16045
1288	16519	310	16209
1289	16611	313	16298
1290	16621	300	16321
1291	16771	305	16466
1292	16843	313	16530
1293	16978	316	16662
1294	17152	314	16838
1295	17209	308	16901
1296	17254	307	16947
1297	17426	300	17126
1298	17573	299	17274
1299	17667	300	17367
1300	17772	304	17468
1301	17821	310	17511
1302	17913	315	17598
1303	17953	313	17640
1304	18046	308	17738
1305	18206	312	17894
1306	18175	315	17860
1307	18121	308	17813
1308	18283	306	17977
1309	18436	309	18127
1310	18363	309	18054
1311	18382	307	18075
1312	18400	314	18086
1313	18402	300	18102
1314	18461	310	18151
1315	18552	315	18237
1316	18462	307	18155
1317	18466	309	18157
1318	18491	300	18191
1319	18389	289	18100
1320	18374	302	18072
1321	18306	298	18008
1322	18222	300	17922
1323	18285	304	17981
1324	18313	303	18010
1325	18395	295	18100
1326	18312	308	18004
1327	18178	313	17865
1328	18108	310	17798
1329	18101	302	17799
1330	18134	299	17835
1331	17977	308	17669
1332	17991	312	17679
1333	17998	309	17689
1334	17851	298	17553
1335	17909	304	17605
1336	17852	320	17532
1337	17705	303	17402
1338	17670	293	17377
1339	17626	288	17338
1340	17549	302	17247
1341	17512	305	17207
1342	17518	297	17221
1343	17311	307	17004
1344	17117	307	16810
1345	17047	303	16744
1346	16976	303	16673
1347	16914	308	16606
1348	16751	315	16436
1349	16655	302	16353
1350	16608	299	16309
1351	16556	306	16250
1352	16479	310	16169
1353	16260	304	15956
1354	16031	290	15741
1355	15871	299	15572
1356	15891	307	15584
1357	15762	299	15463
1358	15616	293	15323
1359	15458	290	15168
1360	15324	290	15034
1361	15238	302	14936
1362	15186	299	14887
1363	15105	296	14809
1364	14954	306	14648
1365	14963	302	14661
1366	14937	301	14636
1367	14770	308	14462
1368	14718	306	14412
1369	14580	302	14278
1370	14590	304	14286
1371	14665	306	14359
1372	14606	310	14296
1373	14632	302	14330
1374	14530	301	14229
1375	14302	307	13995
1376	14173	305	13868
1377	14233	311	13922
1378	14226	300	13926
1379	14283	300	13983
1380	14254	305	13949
1381	14205	301	13904
1382	14181	292	13889
1383	14167	300	13867
1384	14122	304	13818
1385	14080	300	13780
1386	14157	303	13854
1387	14226	298	13928
1388	14229	295	13934
1389	14331	295	14036
1390	14443	300	14143
1391	14418	301	14117
1392	14343	305	14038
1393	14397	310	14087
1394	14541	312	14229
1395	14622	308	14314
1396	14570	297	14273
1397	14683	294	14389
1398	14885	295	14590
1399	14940	306	14634
1400	15130	302	14828
1401	15257	303	14954
1402	15210	304	14906
1403	15263	299	14964
1404	15322	299	15023
1405	15447	309	15138
1406	15566	316	15250
1407	15686	304	15382
1408	15928	309	15619
1409	16108	301	15807
1410	16204	298	15906
1411	16179	298	15881
1412	16279	299	15980
1413	16376	301	16075
1414	16503	295	16208
1415	16639	292	16347
1416	16832	303	16529
1417	16919	296	16623
1418	16945	304	16641
1419	17146	305	16841
1420	17324	302	17022
1421	17466	301	17165
1422	17356	303	17053
1423	17439	310	17129
1424	17658	309	17349
1425	17670	301	17369
1426	17793	307	17486
1427	17990	316	17674
1428	17871	311	17560
1429	18096	304	17792
1430	18208	302	17906
1431	17982	304	17678
1432	17981	302	17679
1433	18141	298	17843
1434	18134	297	17837
1435	18195	302	17893
1436	18255	294	17961
1437	18208	291	17917
1438	18265	294	17971
1439	18185	291	17894
1440	18145	297	17848
1441	18112	298	17814
1442	18058	290	17768
1443	18128	295	17833
1444	18156	297	17859
1445	18174	300	17874
1446	18152	296	17856
1447	18094	297	17797
1448	18115	300	17815
1449	17933	301	17632
1450	17973	297	17676
1451	17915	300	17615
1452	17885	296	17589
1453	17940	302	17638
1454	17754	309	17445
1455	17600	297	17303
1456	17532	298	17234
1457	17508	293	17215
1458	17403	291	17112
1459	17287	302	16985
1460	17288	311	16977
1461	17192	300	16892
1462	17090	306	16784
1463	16893	301	16592
1464	16813	293	16520
1465	16792	299	16493
1466	16738	294	16444
1467	16712	296	16416
1468	16588	298	16290
1469	16426	289	16137
1470	16409	296	16113
1471	16304	295	16009
1472	16024	306	15718
1473	15878	309	15569
1474	15877	294	15583
1475	15723	296	15427
1476	15637	296	15341
1477	15470	299	15171
1478	15281	307	14974
1479	15183	307	14876
1480	15107	304	14803
1481	15083	296	14787
1482	14970	305	14665
1483	14734	305	14429
1484	14646	296	14350
1485	14602	294	14308
1486	14387	303	14084
1487	14253	299	13954
1488	14142	297	13845
1489	14120	295	13825
1490	14057	304	13753
1491	13785	298	13487
1492	13745	295	13450
1493	13690	302	13388
1494	13518	306	13212
1495	13521	300	13221
1496	13441	299	13142
1497	13386	306	13080
1498	13361	302	13059
1499	13186	288	12898
1500	13158	288	12870
1501	13026	295	12731
1502	13093	287	12806
1503	12904	289	12615
1504	12774	306	12468
1505	12827	296	12531
1506	12725	299	12426
1507	12707	298	12409
1508	12636	296	12340
1509	12702	293	12409
1510	12770	288	12482
1511	12633	288	12345
1512	12607	299	12308
1513	12558	302	12256
1514	12569	308	12261
1515	12485	298	12187
1516	12389	296	12093
1517	12414	300	12114
1518	12431	306	12125
1519	12442	302	12140
1520	12557	298	12259
1521	12565	303	12262
1522	12573	306	12267
1523	12573	301	12272
1524	12535	298	12237
1525	12483	305	12178
1526	12468	303	12165
1527	12535	293	12242
1528	12661	289	12372
1529	12711	295	12416
1530	12745	303	12442
1531	12847	302	12545
1532	12852	308	12544
1533	12805	303	12502
1534	12814	302	12512
1535	12928	299	12629
1536	12973	293	12680
1537	12941	291	12650
1538	12913	302	12611
1539	13068	302	12766
1540	13297	301	12996
1541	13321	302	13019
1542	13381	307	13074
1543	13386	305	13081
1544	13468	297	13171
1545	13564	293	13271
1546	13679	299	13380
1547	13692	308	13384
1548	13704	298	13406
1549	13824	291	13533
1550	13955	297	13658
1551	13981	301	13680
1552	14031	301	13730
1553	14153	302	13851
1554	14247	303	13944
1555	14282	298	13984
1556	14282	299	13983
1557	14317	288	14029
1558	14378	294	14084
1559	14625	294	14331
1560	14660	299	14361
1561	14633	305	14328
1562	14652	296	14356
1563	14695	298	14397
1564	14813	295	14518
1565	14944	297	14647
1566	14929	308	14621
1567	14942	300	14642
1568	14990	296	14694
1569	14990	307	14683
1570	14934	303	14631
1571	15056	301	14755
1572	15046	297	14749
1573	14866	294	14572
1574	14972	298	14674
1575	15071	303	14768
1576	15072	293	14779
1577	15095	288	14807
1578	14967	295	14672
1579	14947	295	14652
1580	15029	287	14742
1581	15026	302	14724
1582	15031	301	14730
1583	14916	296	14620
1584	14936	294	14642
1585	14903	290	14613
1586	14891	294	14597
1587	14886	297	14589
1588	14982	304	14678
1589	14839	312	14527
1590	14695	311	14384
1591	14649	311	14338
1592	14648	306	14342
1593	14697	294	14403
1594	14591	301	14290
1595	14441	305	14136
1596	14410	302	14108
1597	14347	288	14059
1598	14206	300	13906
1599	14077	300	13777
1600	14098	295	13803
1601	14052	298	13754
1602	14000	301	13699
1603	13868	301	13567
1604	13729	304	13425
1605	13703	302	13401
1606	13568	297	13271
1607	13469	299	13170
1608	13406	304	13102
1609	13266	301	12965
1610	13166	299	12867
1611	13102	298	12804
1612	13032	295	12737
1613	12941	303	12638
1614	12938	292	12646
1615	12799	290	12509
1616	12697	297	12400
1617	12592	294	12298
1618	12489	294	12195
1619	12378	296	12082
1620	12218	292	11926
1621	12166	300	11866
1622	12052	303	11749
1623	11932	299	11633
1624	11893	303	11590
1625	11793	303	11490
1626	11739	309	11430
1627	11713	301	11412
1628	11490	303	11187
1629	11371	296	11075
1630	11307	294	11013
1631	11184	296	10888
1632	11112	302	10810
1633	11062	308	10754
1634	10872	299	10573
1635	10732	292	10440
1636	10712	300	10412
1637	10815	304	10511
1638	10748	300	10448
1639	10576	301	10275
1640	10442	306	10136
1641	10382	302	10080
1642	10378	299	10079
1643	10399	298	10101
1644	10409	297	10112
1645	10292	295	9997
1646	10180	300	9880
1647	10083	293	9790
1648	10135	300	9835
1649	10147	317	9830
1650	10082	301	9781
1651	10069	293	9776
1652	10068	293	9775
1653	10044	303	9741
1654	9986	298	9688
1655	9943	293	9650
1656	9966	299	9667
1657	9878	302	9576
1658	9749	300	9449
1659	9724	293	9431
1660	9783	299	9484
1661	9761	295	9466
1662	9681	290	9391
1663	9671	292	9379
1664	9749	306	9443
1665	9692	311	9381
1666	9680	299	9381
1667	9693	299	9394
1668	9689	301	9388
1669	9587	301	9286
1670	9448	294	9154
1671	9500	295	9205
1672	9507	293	9214
1673	9464	284	9180
1674	9499	293	9206
1675	9486	296	9190
1676	9458	296	9162
1677	9477	304	9173
1678	9488	303	9185
1679	9413	297	9116
1680	9469	298	9171
1681	9480	286	9194
1682	9428	288	9140
1683	9486	293	9193
1684	9460	289	9171
1685	9473	286	9187
1686	9464	281	9183
1687	9516	295	9221
1688	9608	300	9308
1689	9561	296	9265
1690	9670	296	9374
1691	9715	292	9423
1692	9691	285	9406
1693	9686	294	9392
1694	9683	313	9370
1695	9652	307	9345
1696	9773	300	9473
1697	9809	296	9513
1698	9862	295	9567
1699	10090	289	9801
1700	10156	289	9867
1701	10153	297	9856
1702	10146	299	9847
1703	10220	300	9920
1704	10331	299	10032
1705	10399	295	10104
1706	10447	290	10157
1707	10567	286	10281
1708	10729	288	10441
1709	10778	289	10489
1710	10796	288	10508
1711	10841	291	10550
1712	10967	298	10669
1713	11101	294	10807
1714	11158	289	10869
1715	11224	299	10925
1716	11262	298	10964
1717	11357	301	11056
1718	11460	293	11167
1719	11599	291	11308
1720	11727	289	11438
1721	11792	296	11496
1722	11811	296	11515
1723	11759	295	11464
1724	11864	292	11572
1725	12022	295	11727
1726	12177	303	11874
1727	12304	301	12003
1728	12362	288	12074
1729	12438	287	12151
1730	12478	294	12184
1731	12519	293	12226
1732	12738	295	12443
1733	12883	292	12591
1734	13024	294	12730
1735	13121	298	12823
1736	13297	286	13011
1737	13508	288	13220
1738	13597	298	13299
1739	13659	296	13363
1740	13572	290	13282
1741	13462	296	13166
1742	13482	300	13182
1743	13527	298	13229
1744	13633	295	13338
1745	13651	296	13355
1746	13746	290	13456
1747	13763	287	13476
1748	13833	301	13532
1749	13838	301	13537
1750	13776	301	13475
1751	13782	302	13480
1752	13767	298	13469
1753	13819	293	13526
1754	13725	293	13432
1755	13605	293	13312
1756	13706	294	13412
1757	13820	298	13522
1758	13794	300	13494
1759	13868	298	13570
1760	13938	308	13630
1761	14016	296	13720
1762	13963	298	13665
1763	13909	306	13603
1764	13838	302	13536
1765	13805	285	13520
1766	13619	289	13330
1767	13580	297	13283
1768	13543	301	13242
1769	13623	306	13317
1770	13639	307	13332
1771	13493	297	13196
1772	13420	292	13128
1773	13539	303	13236
1774	13398	299	13099
1775	13371	293	13078
1776	13383	299	13084
1777	13327	298	13029
1778	13254	307	12947
1779	13113	293	12820
1780	12962	292	12670
1781	12924	299	12625
1782	12891	295	12596
1783	12946	292	12654
1784	12864	295	12569
1785	12632	293	12339
1786	12655	297	12358
1787	12539	302	12237
1788	12487	291	12196
1789	12418	300	12118
1790	12449	306	12143
1791	12339	299	12040
1792	12227	300	11927
1793	12222	297	11925
1794	12274	307	11967
1795	12191	302	11889
1796	12065	296	11769
1797	12008	300	11708
1798	12010	307	11703
1799	11985	301	11684
1800	11903	297	11606
1801	11848	294	11554
1802	11815	298	11517
1803	11715	299	11416
1804	11687	298	11389
1805	11661	295	11366
1806	11523	291	11232
1807	11316	300	11016
1808	11187	304	10883
1809	11052	299	10753
1810	10958	305	10653
1811	10775	303	10472
1812	10688	286	10402
1813	10599	281	10318
1814	10573	298	10275
1815	10492	302	10190
1816	10404	311	10093
1817	10360	305	10055
1818	10323	299	10024
1819	10233	298	9935
1820	10262	288	9974
1821	10251	290	9961
1822	10226	293	9933
1823	10149	294	9855
1824	10038	311	9727
1825	10071	306	9765
1826	10089	304	9785
1827	10136	293	9843
1828	10067	288	9779
1829	10193	289	9904
1830	10221	291	9930
1831	10149	294	9855
1832	10187	299	9888
1833	10463	299	10164
1834	10549	299	10250
1835	10463	300	10163
1836	10512	294	10218
1837	10533	295	10238
1838	10496	293	10203
1839	10295	300	9995
1840	10133	311	9822
1841	10113	307	9806
1842	10173	298	9875
1843	10095	300	9795
1844	10085	302	9783
1845	10112	301	9811
1846	10020	302	9718
1847	9924	307	9617
1848	9988	302	9686
1849	10075	300	9775
1850	10043	296	9747
1851	9917	295	9622
1852	9862	289	9573
1853	9793	290	9503
1854	9959	295	9664
1855	10023	294	9729
1856	9909	297	9612
1857	9870	286	9584
1858	9867	296	9571
1859	9923	308	9615
1860	9885	299	9586
1861	9906	300	9606
1862	9906	306	9600
1863	9881	295	9586
1864	9840	292	9548
1865	9874	293	9581
1866	9963	293	9670
1867	10087	293	9794
1868	10169	294	9875
1869	10298	296	10002
1870	10273	296	9977
1871	10292	297	9995
1872	10467	294	10173
1873	10475	293	10182
1874	10638	294	10344
1875	10800	294	10506
1876	10863	295	10568
1877	10893	298	10595
1878	10831	290	10541
1879	10933	295	10638
1880	10859	305	10554
1881	10904	299	10605
1882	10983	291	10692
1883	10974	292	10682
1884	10949	299	10650
1885	10958	295	10663
1886	10912	300	10612
1887	10924	293	10631
1888	10831	290	10541
1889	10785	289	10496
1890	10828	295	10533
1891	10784	297	10487
1892	10944	299	10645
1893	11093	306	10787
1894	11127	299	10828
1895	11129	304	10825
1896	11174	304	10870
1897	11096	305	10791
1898	11098	301	10797
1899	11224	299	10925
1900	11226	291	10935
1901	11207	295	10912
1902	11163	300	10863
1903	11162	293	10869
1904	11296	299	10997
1905	11340	287	11053
1906	11343	289	11054
1907	11374	295	11079
1908	11382	289	11093
1909	11463	294	11169
1910	11447	298	11149
1911	11527	299	11228
1912	11594	297	11297
1913	11715	293	11422
1914	11690	291	11399
1915	11710	290	11420
1916	11704	295	11409
1917	11845	287	11558
1918	11915	292	11623
1919	11987	299	11688
1920	12092	286	11806
1921	12101	290	11811
1922	12030	299	11731
1923	12171	301	11870
1924	12290	297	11993
1925	12411	301	12110
1926	12404	299	12105
1927	12473	291	12182
1928	12476	295	12181
1929	12567	304	12263
1930	12526	303	12223
1931	12345	300	12045
1932	12367	295	12072
1933	12362	295	12067
1934	12386	307	12079
1935	12299	301	11998
1936	12219	298	11921
1937	12153	300	11853
1938	12192	301	11891
1939	12090	291	11799
1940	12019	284	11735
1941	11998	290	11708
1942	11860	299	11561
1943	11811	308	11503
1944	11893	308	11585
1945	11908	296	11612
1946	12041	293	11748
1947	11959	298	11661
1948	11979	289	11690
1949	12002	295	11707
1950	11994	305	11689
1951	12019	300	11719
1952	11979	297	11682
1953	11984	299	11685
1954	11972	303	11669
1955	11907	301	11606
1956	11979	295	11684
1957	11911	290	11621
1958	11983	294	11689
1959	11865	296	11569
1960	11816	286	11530
1961	11838	291	11547
1962	11695	299	11396
1963	11624	293	11331
1964	11505	294	11211
1965	11604	289	11315
1966	11580	292	11288
1967	11441	297	11144
1968	11392	300	11092
1969	11377	298	11079
1970	11359	294	11065
1971	11287	293	10994
1972	11240	287	10953
1973	11135	286	10849
1974	11163	291	10872
1975	11103	306	10797
1976	11103	303	10800
1977	11280	291	10989
1978	11187	296	10891
1979	11106	304	10802
1980	11118	308	10810
1981	11015	303	10712
1982	10947	298	10649
1983	10972	293	10679
1984	10927	285	10642
1985	10807	291	10516
1986	10786	304	10482
1987	10706	304	10402
1988	10567	296	10271
1989	10337	299	10038
1990	10283	299	9984
1991	10245	300	9945
1992	10068	298	9770
1993	10058	289	9769
1994	10014	298	9716
1995	9838	298	9540
1996	9781	299	9482
1997	9825	293	9532
1998	9808	287	9521
1999	9579	292	9287
2000	9437	292	9145
2001	9364	302	9062
2002	9323	306	9017
2003	9347	297	9050
2004	9228	295	8933
2005	9228	300	8928
2006	9182	295	8887
2007	9033	288	8745
2008	9019	294	8725
2009	8994	297	8697
2010	8875	300	8575
2011	8842	300	8542
2012	8871	295	8576
2013	8866	297	8569
2014	8837	305	8532
2015	8793	306	8487
2016	8744	302	8442
2017	8610	293	8317
2018	8584	301	8283
2019	8655	299	8356
2020	8622	283	8339
2021	8661	286	8375
2022	8640	290	8350
2023	8596	287	8309
2024	8623	292	8331
2025	8571	305	8266
2026	8530	295	8235
2027	8546	291	8255
2028	8518	294	8224
2029	8476	298	8178
2030	8497	298	8199
2031	8521	292	8229
2032	8466	290	8176
2033	8628	289	8339
2034	8649	303	8346
2035	8630	297	8333
2036	8742	297	8445
2037	8716	296	8420
2038	8684	303	8381
2039	8843	300	8543
2040	8931	287	8644
2041	8929	293	8636
2042	8889	290	8599
2043	9042	289	8753
2044	9164	300	8864
2045	9117	299	8818
2046	9130	296	8834
2047	9099	294	8805
2048	9164	291	8873
2049	9241	296	8945
2050	9165	296	8869
2051	9193	297	8896
2052	9230	297	8933
2053	9142	294	8848
2054	9123	296	8827
2055	9202	293	8909
2056	9192	294	8898
2057	9134	299	8835
2058	9104	294	8810
2059	9117	298	8819
2060	9039	299	8740
2061	8994	291	8703
2062	9029	295	8734
2063	8916	293	8623
2064	8863	300	8563
2065	8880	302	8578
2066	8968	299	8669
2067	8987	294	8693
2068	9014	298	8716
2069	8904	306	8598
2070	8882	300	8582
2071	8965	293	8672
2072	8950	296	8654
2073	8867	292	8575
2074	8855	290	8565
2075	8834	288	8546
2076	8782	293	8489
2077	8743	296	8447
2078	8691	297	8394
2079	8717	304	8413
2080	8670	301	8369
2081	8661	296	8365
2082	8581	299	8282
2083	8560	288	8272
2084	8673	285	8388
2085	8818	281	8537
2086	8877	293	8584
2087	8926	293	8633
2088	8972	291	8681
2089	8924	289	8635
2090	8839	293	8546
2091	8759	303	8456
2092	8803	301	8502
2093	8837	298	8539
2094	8834	293	8541
2095	8807	293	8514
2096	8787	299	8488
2097	8843	295	8548
2098	8864	298	8566
2099	8932	293	8639
2100	9062	294	8768
2101	9140	300	8840
2102	9203	293	8910
2103	9327	291	9036
2104	9362	299	9063
2105	9434	297	9137
2106	9409	296	9113
2107	9400	295	9105
2108	9507	298	9209
2109	9607	311	9296
2110	9676	307	9369
2111	9684	301	9383
2112	9665	293	9372
2113	9620	282	9338
2114	9732	291	9441
2115	9805	300	9505
2116	9668	295	9373
2117	9588	290	9298
2118	9550	290	9260
2119	9505	289	9216
2120	9437	294	9143
2121	9450	295	9155
2122	9488	304	9184
2123	9437	306	9131
2124	9395	302	9093
2125	9385	296	9089
2126	9355	296	9059
2127	9316	298	9018
2128	9317	292	9025
2129	9377	292	9085
2130	9469	283	9186
2131	9723	289	9434
2132	9881	296	9585
2133	10034	296	9738
2134	10126	290	9836
2135	10052	290	9762
2136	9887	292	9595
2137	9840	293	9547
2138	9886	303	9583
2139	9897	295	9602
2140	9932	293	9639
2141	9916	299	9617
2142	9961	298	9663
2143	10017	292	9725
2144	10036	293	9743
2145	10087	296	9791
2146	10148	295	9853
2147	10210	294	9916
2148	10232	293	9939
2149	10245	296	9949
2150	10271	292	9979
2151	10261	295	9966
2152	10331	296	10035
2153	10537	293	10244
2154	10571	300	10271
2155	10636	296	10340
2156	10560	296	10264
2157	10553	298	10255
2158	10612	291	10321
2159	10634	290	10344
2160	10593	305	10288
2161	10552	299	10253
2162	10625	298	10327
2163	10674	295	10379
2164	10830	291	10539
2165	10830	300	10530
2166	10856	297	10559
2167	10898	294	10604
2168	10913	306	10607
2169	11012	304	10708
2170	11021	298	10723
2171	10976	295	10681
2172	10914	292	10622
2173	10876	286	10590
2174	10853	295	10558
2175	10832	295	10537
2176	10831	294	10537
2177	10765	296	10469
2178	10811	295	10516
2179	10868	289	10579
2180	10712	288	10424
2181	10684	290	10394
2182	10751	293	10458
2183	10787	291	10496
2184	10774	298	10476
2185	10845	294	10551
2186	11023	296	10727
2187	11282	296	10986
2188	11300	295	11005
2189	11290	295	10995
2190	11399	299	11100
2191	11457	298	11159
2192	11335	305	11030
2193	11355	304	11051
2194	11369	295	11074
2195	11242	296	10946
2196	11105	300	10805
2197	11093	292	10801
2198	11087	294	10793
2199	11033	298	10735
2200	11010	301	10709
2201	11062	298	10764
2202	11227	292	10935
2203	11257	291	10966
2204	11189	302	10887
2205	11213	306	10907
2206	11178	305	10873
2207	11122	298	10824
2208	11049	300	10749
2209	10976	297	10679
2210	11031	299	10732
2211	11060	297	10763
2212	10897	290	10607
2213	10848	294	10554
2214	10901	304	10597
2215	10925	292	10633
2216	10762	293	10469
2217	10799	300	10499
2218	10728	295	10433
2219	10556	289	10267
2220	10521	292	10229
2221	10543	294	10249
2222	10507	304	10203
2223	10506	300	10206
2224	10492	301	10191
2225	10571	295	10276
2226	10613	287	10326
2227	10463	293	10170
2228	10392	303	10089
2229	10300	301	9999
2230	10246	293	9953
2231	10170	296	9874
2232	10100	291	9809
2233	9989	297	9692
2234	10002	297	9705
2235	10008	298	9710
2236	9911	293	9618
2237	9870	291	9579
2238	9853	295	9558
2239	9781	291	9490
2240	9745	295	9450
2241	9724	295	9429
2242	9622	295	9327
2243	9552	300	9252
2244	9621	295	9326
2245	9541	293	9248
2246	9395	298	9097
2247	9377	300	9077
2248	9423	299	9124
2249	9297	297	9000
2250	9352	302	9050
2251	9321	299	9022
2252	9304	295	9009
2253	9258	287	8971
2254	9205	295	8910
2255	9223	299	8924
2256	9171	288	8883
2257	9158	286	8872
2258	9170	291	8879
2259	9091	293	8798
2260	9010	298	8712
2261	8978	296	8682
2262	8935	297	8638
2263	8967	291	8676
2264	8957	298	8659
2265	8981	299	8682
2266	8973	296	8677
2267	8965	301	8664
2268	8876	305	8571
2269	8845	297	8548
2270	8822	298	8524
2271	8748	292	8456
2272	8741	296	8445
2273	8644	295	8349
2274	8623	305	8318
2275	8571	314	8257
2276	8598	301	8297
2277	8644	298	8346
2278	8579	299	8280
2279	8515	296	8219
2280	8434	299	8135
2281	8411	301	8110
2282	8389	303	8086
2283	8305	294	8011
2284	8245	304	7941
2285	8194	297	7897
2286	8207	301	7906
2287	8269	303	7966
2288	8341	291	8050
2289	8307	296	8011
2290	8262	307	7955
2291	8200	299	7901
2292	8210	294	7916
2293	8188	301	7887
2294	8162	300	7862
2295	8190	293	7897
2296	8156	294	7862
2297	8113	295	7818
2298	8079	293	7786
2299	8016	305	7711
2300	8028	303	7725
2301	8007	301	7706
2302	7892	300	7592
2303	7997	302	7695
2304	8015	302	7713
2305	7978	301	7677
2306	7970	298	7672
2307	7997	298	7699
2308	8004	300	7704
2309	8025	292	7733
2310	8060	286	7774
2311	8097	295	7802
2312	8089	298	7791
2313	8171	308	7863
2314	8259	310	7949
2315	8141	297	7844
2316	8059	295	7764
2317	8121	294	7827
2318	8166	294	7872
2319	8124	296	7828
2320	8099	300	7799
2321	8084	297	7787
2322	8134	299	7835
2323	8191	296	7895
2324	8241	302	7939
2325	8229	297	7932
2326	8153	297	7856
2327	8052	305	7747
2328	8035	312	7723
2329	8122	299	7823
2330	8180	289	7891
2331	8147	306	7841
2332	8093	295	7798
2333	8138	298	7840
2334	8171	296	7875
2335	8188	294	7894
2336	8143	290	7853
2337	8132	300	7832
2338	8178	299	7879
2339	8205	295	7910
2340	8160	305	7855
2341	8070	305	7765
2342	8053	304	7749
2343	8144	301	7843
2344	8072	292	7780
2345	8027	290	7737
2346	8117	295	7822
2347	8154	295	7859
2348	8160	291	7869
2349	8096	297	7799
2350	8093	303	7790
2351	8198	301	7897
2352	8241	296	7945
2353	8320	292	8028
2354	8324	290	8034
2355	8264	284	7980
2356	8384	288	8096
2357	8481	286	8195
2358	8536	296	8240
2359	8556	295	8261
2360	8536	296	8240
2361	8672	289	8383
2362	8699	300	8399
2363	8739	296	8443
2364	8782	305	8477
2365	8765	303	8462
2366	8886	292	8594
2367	8914	293	8621
2368	8964	293	8671
2369	9191	295	8896
2370	9203	293	8910
2371	9172	290	8882
2372	9243	289	8954
2373	9178	290	8888
2374	9197	299	8898
2375	9096	300	8796
2376	9056	297	8759
2377	9088	290	8798
2378	9160	288	8872
2379	9199	294	8905
2380	9141	306	8835
2381	9152	302	8850
2382	9135	296	8839
2383	9167	287	8880
2384	9176	295	8881
2385	9196	302	8894
2386	9219	306	8913
2387	9274	298	8976
2388	9263	301	8962
2389	9225	295	8930
2390	9143	300	8843
2391	9307	295	9012
2392	9301	289	9012
2393	9156	293	8863
2394	9144	290	8854
2395	9194	293	8901
2396	9191	296	8895
2397	9152	298	8854
2398	9127	298	8829
2399	9160	296	8864
2400	9165	290	8875
2401	9059	296	8763
2402	8914	295	8619
2403	8936	281	8655
2404	8972	289	8683
2405	8926	296	8630
2406	8932	298	8634
2407	8947	296	8651
2408	8918	299	8619
2409	8927	297	8630
2410	8907	295	8612
2411	8887	298	8589
2412	8865	300	8565
2413	8861	296	8565
2414	8832	296	8536
2415	8824	295	8529
2416	8794	304	8490
2417	8837	298	8539
2418	8775	303	8472
2419	8730	307	8423
2420	8686	298	8388
2421	8772	294	8478
2422	8793	293	8500
2423	8765	297	8468
2424	8711	293	8418
2425	8721	293	8428
2426	8695	302	8393
2427	8657	296	8361
2428	8674	293	8381
2429	8644	291	8353
2430	8646	298	8348
2431	8647	297	8350
2432	8471	300	8171
2433	8566	294	8272
2434	8630	296	8334
2435	8511	290	8221
2436	8588	287	8301
2437	8700	295	8405
2438	8754	295	8459
2439	8796	303	8493
2440	8683	294	8389
2441	8728	283	8445
2442	8786	291	8495
2443	8682	293	8389
2444	8648	291	8357
2445	8557	288	8269
2446	8482	290	8192
2447	8562	301	8261
2448	8489	303	8186
2449	8603	298	8305
2450	8548	302	8246
2451	8458	292	8166
2452	8472	295	8177
2453	8380	291	8089
2454	8348	290	8058
2455	8405	304	8101
2456	8355	296	8059
2457	8335	289	8046
2458	8407	294	8113
2459	8434	290	8144
2460	8459	292	8167
2461	8398	285	8113
2462	8380	290	8090
2463	8316	285	8031
2464	8262	295	7967
2465	8206	294	7912
2466	8175	286	7889
2467	8148	292	7856
2468	8170	283	7887
2469	8183	304	7879
2470	8119	296	7823
2471	8119	292	7827
2472	8221	301	7920
2473	8199	296	7903
2474	8231	301	7930
2475	8179	303	7876
2476	8186	296	7890
2477	8199	291	7908
2478	8184	290	7894
2479	8143	292	7851
2480	8065	300	7765
2481	8042	298	7744
2482	7996	299	7697
2483	8092	309	7783
2484	8109	297	7812
2485	8101	295	7806
2486	8099	298	7801
2487	8047	298	7749
2488	8061	293	7768
2489	8193	286	7907
2490	8191	291	7900
2491	8108	285	7823
2492	8076	295	7781
2493	8025	297	7728
2494	8002	291	7711
2495	7926	297	7629
2496	7775	302	7473
2497	7929	304	7625
2498	7962	301	7661
2499	7971	295	7676
2500	7931	303	7628
2501	7860	307	7553
2502	7944	299	7645
2503	7943	298	7645
2504	7888	296	7592
2505	7877	292	7585
2506	7859	294	7565
2507	7916	284	7632
2508	7937	288	7649
2509	8007	295	7712
2510	8049	282	7767
2511	8129	289	7840
2512	8016	303	7713
2513	7969	302	7667
2514	8124	299	7825
2515	8493	299	8194
2516	9229	296	8933
2517	10001	291	9710
2518	11054	296	10758
2519	11724	298	11426
2520	11773	301	11472
2521	11260	302	10958
2522	10609	296	10313
2523	10259	292	9967
2524	10165	292	9873
2525	9988	286	9702
2526	9915	293	9622
2527	9900	299	9601
2528	9839	298	9541
2529	9809	294	9515
2530	9776	298	9478
2531	9797	299	9498
2532	9797	301	9496
2533	9755	301	9454
2534	9657	299	9358
2535	9420	291	9129
2536	9291	290	9001
2537	9176	301	8875
2538	9075	292	8783
2539	9038	293	8745
2540	9046	298	8748
2541	9025	293	8732
2542	8999	294	8705
2543	8908	301	8607
2544	8861	304	8557
2545	8715	303	8412
2546	8740	295	8445
2547	8540	291	8249
2548	8338	290	8048
2549	8249	289	7960
2550	8117	296	7821
2551	8117	288	7829
2552	8104	289	7815
2553	7951	300	7651
2554	7844	305	7539
2555	7796	300	7496
2556	7720	305	7415
2557	7633	292	7341
2558	7533	289	7244
2559	7407	298	7109
2560	7280	299	6981
2561	7250	293	6957
2562	7214	300	6914
2563	7158	301	6857
2564	7114	294	6820
2565	7083	296	6787
2566	6999	294	6705
2567	6905	295	6610
2568	6931	305	6626
2569	6959	306	6653
2570	6888	300	6588
2571	6939	294	6645
2572	6848	294	6554
2573	6752	290	6462
2574	6746	299	6447
2575	6622	301	6321
2576	6583	301	6282
2577	6533	286	6247
2578	6440	284	6156
2579	6407	301	6106
2580	6303	303	6000
2581	6300	297	6003
2582	6355	298	6057
2583	6301	292	6009
2584	6215	293	5922
2585	6144	301	5843
2586	6029	301	5728
2587	6014	292	5722
2588	6106	296	5810
2589	6055	299	5756
2590	5927	296	5631
2591	5898	290	5608
2592	5868	290	5578
2593	5988	303	5685
2594	5949	302	5647
2595	5931	294	5637
2596	5959	289	5670
2597	5971	284	5687
2598	5964	292	5672
2599	5918	297	5621
2600	5909	307	5602
2601	5856	301	5555
2602	5756	283	5473
2603	5731	288	5443
2604	5739	293	5446
2605	5728	293	5435
2606	5689	302	5387
2607	5627	301	5326
2608	5615	293	5322
2609	5612	297	5315
2610	5584	291	5293
2611	5605	288	5317
2612	5641	301	5340
2613	5577	306	5271
2614	5587	302	5285
2615	5649	296	5353
2616	5646	302	5344
2617	5637	304	5333
2618	5636	297	5339
2619	5638	292	5346
2620	5680	295	5385
2621	5651	306	5345
2622	5659	305	5354
2623	5662	298	5364
2624	5639	292	5347
2625	5581	295	5286
2626	5570	296	5274
2627	5528	299	5229
2628	5541	305	5236
2629	5519	298	5221
2630	5563	296	5267
2631	5584	308	5276
2632	5595	295	5300
2633	5668	291	5377
2634	5686	293	5393
2635	5704	290	5414
2636	5673	292	5381
2637	5638	285	5353
2638	5575	291	5284
2639	5629	287	5342
2640	5685	291	5394
2641	5701	298	5403
2642	5707	291	5416
2643	5726	294	5432
2644	5724	297	5427
2645	5731	291	5440
2646	5653	296	5357
2647	5700	296	5404
2648	5788	296	5492
2649	5796	299	5497
2650	5793	300	5493
2651	5880	293	5587
2652	5892	297	5595
2653	5848	296	5552
2654	5812	302	5510
2655	5758	303	5455
2656	5773	293	5480
2657	5788	294	5494
2658	5755	302	5453
2659	5730	304	5426
2660	5743	295	5448
2661	5689	290	5399
2662	5812	293	5519
2663	5833	288	5545
2664	5757	293	5464
2665	5789	288	5501
2666	5894	292	5602
2667	5859	294	5565
2668	5768	302	5466
2669	5716	305	5411
2670	5826	305	5521
2671	5861	296	5565
2672	5890	290	5600
2673	5919	292	5627
2674	5911	291	5620
2675	5858	299	5559
2676	5882	307	5575
2677	5846	297	5549
2678	5803	292	5511
2679	5799	302	5497
2680	5805	302	5503
2681	5758	294	5464
2682	5712	291	5421
2683	5780	301	5479
2684	5887	308	5579
2685	5872	298	5574
2686	5823	290	5533
2687	5799	293	5506
2688	5798	300	5498
2689	5840	297	5543
2690	5839	292	5547
2691	5831	297	5534
2692	5791	295	5496
2693	5759	287	5472
2694	5732	293	5439
2695	5689	297	5392
2696	5678	303	5375
2697	5655	297	5358
2698	5725	300	5425
2699	5729	291	5438
2700	5667	292	5375
2701	5667	296	5371
2702	5647	297	5350
2703	5680	290	5390
2704	5628	286	5342
2705	5649	296	5353
2706	5570	298	5272
2707	5570	294	5276
2708	5557	302	5255
2709	5596	297	5299
2710	5619	298	5321
2711	5581	301	5280
2712	5552	304	5248
2713	5548	298	5250
2714	5503	301	5202
2715	5394	297	5097
2716	5378	294	5084
2717	5418	291	5127
2718	5448	295	5153
2719	5443	297	5146
2720	5482	295	5187
2721	5421	288	5133
2722	5375	298	5077
2723	5374	301	5073
2724	5410	294	5116
2725	5376	291	5085
2726	5417	294	5123
2727	5379	290	5089
2728	5357	284	5073
2729	5357	288	5069
2730	5352	283	5069
2731	5364	296	5068
2732	5333	292	5041
2733	5229	296	4933
2734	5232	297	4935
2735	5263	298	4965
2736	5259	298	4961
2737	5285	294	4991
2738	5273	295	4978
2739	5272	302	4970
2740	5228	307	4921
2741	5160	302	4858
2742	5127	296	4831
2743	5161	286	4875
2744	5210	284	4926
2745	5275	294	4981
2746	5231	294	4937
2747	5187	297	4890
2748	5113	293	4820
2749	5072	287	4785
2750	5127	298	4829
2751	5122	300	4822
2752	5136	299	4837
2753	5099	293	4806
2754	5082	295	4787
2755	5009	291	4718
2756	5001	295	4706
2757	4963	290	4673
2758	4998	299	4699
2759	4986	297	4689
2760	4986	292	4694
2761	5032	285	4747
2762	5011	289	4722
2763	4991	294	4697
2764	4928	292	4636
2765	4924	290	4634
2766	4935	293	4642
2767	4942	300	4642
2768	4945	294	4651
2769	4908	294	4614
2770	4892	296	4596
2771	4875	294	4581
2772	4869	290	4579
2773	4935	288	4647
2774	4885	293	4592
2775	4860	298	4562
2776	4820	301	4519
2777	4825	301	4524
2778	4733	296	4437
2779	4755	301	4454
2780	4717	303	4414
2781	4672	299	4373
2782	4754	298	4456
2783	4735	291	4444
2784	4714	293	4421
2785	4754	291	4463
2786	4708	299	4409
2787	4697	297	4400
2788	4655	301	4354
2789	4633	294	4339
2790	4604	280	4324
2791	4561	287	4274
2792	4577	300	4277
2793	4586	297	4289
2794	4531	302	4229
2795	4533	306	4227
2796	4521	304	4217
2797	4557	289	4268
2798	4548	290	4258
2799	4477	294	4183
2800	4445	300	4145
2801	4462	290	4172
2802	4451	288	4163
2803	4456	301	4155
2804	4448	306	4142
2805	4435	297	4138
2806	4407	298	4109
2807	4371	296	4075
2808	4327	292	4035
2809	4380	282	4098
2810	4363	293	4070
2811	4315	297	4018
2812	4339	297	4042
2813	4335	294	4041
2814	4298	293	4005
2815	4281	306	3975
2816	4278	301	3977
2817	4209	301	3908
2818	4152	306	3846
2819	4142	298	3844
2820	4129	302	3827
2821	4124	305	3819
2822	4127	300	3827
2823	4196	301	3895
2824	4175	297	3878
2825	4105	295	3810
2826	4099	300	3799
2827	4106	296	3810
2828	4117	301	3816
2829	4108	299	3809
2830	4108	296	3812
2831	4048	288	3760
2832	4039	287	3752
2833	4009	291	3718
2834	3986	290	3696
2835	3959	282	3677
2836	3966	290	3676
2837	3982	302	3680
2838	3962	293	3669
2839	3941	293	3648
2840	3953	294	3659
2841	3927	289	3638
2842	3905	296	3609
2843	3908	293	3615
2844	3847	293	3554
2845	3832	297	3535
2846	3893	288	3605
2847	3840	285	3555
2848	3826	293	3533
2849	3831	306	3525
2850	3806	299	3507
2851	3818	292	3526
2852	3739	292	3447
2853	3773	292	3481
2854	3733	291	3442
2855	3675	289	3386
2856	3694	301	3393
2857	3724	301	3423
2858	3704	296	3408
2859	3721	297	3424
2860	3679	289	3390
2861	3673	290	3383
2862	3647	290	3357
2863	3607	290	3317
2864	3637	289	3348
2865	3640	292	3348
2866	3640	306	3334
2867	3530	303	3227
2868	3495	301	3194
2869	3546	292	3254
2870	3518	297	3221
2871	3515	299	3216
2872	3513	293	3220
2873	3550	301	3249
2874	3559	286	3273
2875	3466	291	3175
2876	3483	300	3183
2877	3488	297	3191
2878	3509	288	3221
2879	3461	294	3167
2880	3499	295	3204
2881	3515	296	3219
2882	3492	295	3197
2883	3475	293	3182
2884	3538	295	3243
2885	3515	291	3224
2886	3476	289	3187
2887	3459	301	3158
2888	3487	298	3189
2889	3488	300	3188
2890	3498	291	3207
2891	3486	286	3200
2892	3481	299	3182
2893	3465	300	3165
2894	3439	292	3147
2895	3405	294	3111
2896	3415	295	3120
2897	3365	296	3069
2898	3365	294	3071
2899	3409	293	3116
2900	3354	296	3058
2901	3339	290	3049
2902	3320	291	3029
2903	3281	285	2996
2904	3296	286	3010
2905	3238	291	2947
2906	3283	294	2989
2907	3297	301	2996
2908	3325	304	3021
2909	3301	292	3009
2910	3310	289	3021
2911	3330	292	3038
2912	3315	299	3016
2913	3309	300	3009
2914	3328	295	3033
2915	3272	291	2981
2916	3271	298	2973
2917	3295	291	3004
2918	3286	286	3000
2919	3301	292	3009
2920	3309	298	3011
2921	3297	304	2993
2922	3238	302	2936
2923	3298	291	3007
2924	3307	291	3016
2925	3272	294	2978
2926	3302	300	3002
2927	3289	295	2994
2928	3298	294	3004
2929	3247	296	2951
2930	3220	289	2931
2931	3203	299	2904
2932	3205	305	2900
2933	3225	304	2921
2934	3214	299	2915
2935	3191	293	2898
2936	3157	292	2865
2937	3114	298	2816
2938	3183	293	2890
2939	3237	297	2940
2940	3239	298	2941
2941	3227	302	2925
2942	3215	304	2911
2943	3215	304	2911
2944	3206	298	2908
2945	3213	300	2913
2946	3209	294	2915
2947	3185	294	2891
2948	3240	304	2936
2949	3206	301	2905
2950	3182	298	2884
2951	3172	290	2882
2952	3277	291	2986
2953	3253	286	2967
2954	3175	297	2878
2955	3127	299	2828
2956	3212	302	2910
2957	3298	295	3003
2958	3247	289	2958
2959	3209	289	2920
2960	3231	301	2930
2961	3233	297	2936
2962	3168	293	2875
2963	3168	285	2883
2964	3222	295	2927
2965	3205	309	2896
2966	3235	301	2934
2967	3224	298	2926
2968	3259	297	2962
2969	3240	295	2945
2970	3260	293	2967
2971	3226	298	2928
2972	3248	302	2946
2973	3229	301	2928
2974	3175	297	2878
2975	3152	299	2853
2976	3229	297	2932
2977	3255	287	2968
2978	3202	292	2910
2979	3197	294	2903
2980	3166	301	2865
2981	3157	300	2857
2982	3119	297	2822
2983	3103	296	2807
2984	3169	292	2877
2985	3176	296	2880
2986	3178	299	2879
2987	3185	300	2885
2988	3168	290	2878
2989	3154	298	2856
2990	3180	297	2883
2991	3213	293	2920
2992	3232	300	2932
2993	3269	296	2973
2994	3263	293	2970
2995	3228	293	2935
2996	3250	297	2953
2997	3244	294	2950
2998	3225	291	2934
2999	3237	286	2951
3000	3282	286	2996
3001	3236	287	2949
3002	3222	292	2930
3003	3184	307	2877
3004	3193	298	2895
3005	3227	294	2933
3006	3277	303	2974
3007	3258	300	2958
3008	3166	295	2871
3009	3173	294	2879
3010	3196	304	2892
3011	3196	298	2898
3012	3208	289	2919
3013	3170	287	2883
3014	3199	301	2898
3015	3183	306	2877
3016	3137	306	2831
3017	3142	298	2844
3018	3117	295	2822
3019	3123	296	2827
3020	3139	296	2843
3021	3156	297	2859
3022	3185	289	2896
3023	3135	288	2847
3024	3126	288	2838
3025	3215	294	2921
3026	3240	295	2945
3027	3241	288	2953
3028	3174	296	2878
3029	3136	299	2837
3030	3167	298	2869
3031	3149	295	2854
3032	3140	287	2853
3033	3187	298	2889
3034	3222	304	2918
3035	3202	292	2910
3036	3162	284	2878
3037	3181	295	2886
3038	3160	295	2865
3039	3119	296	2823
3040	3115	294	2821
3041	3139	295	2844
3042	3137	282	2855
3043	3129	290	2839
3044	3138	291	2847
3045	3114	304	2810
3046	3155	307	2848
3047	3135	296	2839
3048	3161	291	2870
3049	3182	296	2886
3050	3152	295	2857
3051	3177	291	2886
3052	3179	295	2884
3053	3207	302	2905
3054	3196	300	2896
3055	3167	290	2877
3056	3166	295	2871
3057	3189	298	2891
3058	3157	291	2866
3059	3172	286	2886
3060	3206	291	2915
3061	3178	296	2882
3062	3165	298	2867
3063	3173	291	2882
3064	3154	288	2866
3065	3154	288	2866
3066	3150	287	2863
3067	3145	302	2843
3068	3154	300	2854
3069	3255	293	2962
3070	3255	301	2954
3071	3217	292	2925
3072	3190	289	2901
3073	3177	292	2885
3074	3133	287	2846
3075	3089	294	2795
3076	3139	295	2844
3077	3132	286	2846
3078	3121	288	2833
3079	3125	289	2836
3080	3115	281	2834
3081	3159	290	2869
3082	3173	296	2877
3083	3132	293	2839
3084	3158	285	2873
3085	3167	295	2872
3086	3189	300	2889
3087	3193	295	2898
3088	3124	291	2833
3089	3137	286	2851
3090	3180	295	2885
3091	3222	297	2925
3092	3227	297	2930
3093	3194	303	2891
3094	3195	292	2903
3095	3240	290	2950
3096	3257	288	2969
3097	3257	287	2970
3098	3267	286	2981
3099	3230	304	2926
3100	3205	308	2897
3101	3202	299	2903
3102	3198	300	2898
3103	3225	296	2929
3104	3296	286	3010
3105	3286	290	2996
3106	3234	303	2931
3107	3271	301	2970
3108	3232	296	2936
3109	3277	292	2985
3110	3319	297	3022
3111	3300	293	3007
3112	3319	287	3032
3113	3284	282	3002
3114	3260	292	2968
3115	3379	293	3086
3116	3377	290	3087
3117	3419	292	3127
3118	3420	291	3129
3119	3388	297	3091
3120	3385	295	3090
3121	3317	285	3032
3122	3392	292	3100
3123	3442	297	3145
3124	3473	299	3174
3125	3408	294	3114
3126	3383	291	3092
3127	3387	288	3099
3128	3416	294	3122
3129	3403	297	3106
3130	3430	294	3136
3131	3449	296	3153
3132	3428	290	3138
3133	3472	285	3187
3134	3480	288	3192
3135	3474	292	3182
3136	3472	297	3175
3137	3445	295	3150
3138	3432	294	3138
3139	3447	296	3151
3140	3483	296	3187
3141	3480	294	3186
3142	3448	295	3153
3143	3473	292	3181
3144	3578	285	3293
3145	3637	294	3343
3146	3608	309	3299
3147	3590	306	3284
3148	3716	302	3414
3149	3785	295	3490
3150	3794	292	3502
3151	3767	297	3470
3152	3773	287	3486
3153	3813	298	3515
3154	3814	297	3517
3155	3849	284	3565
3156	3839	287	3552
3157	3903	288	3615
3158	4008	296	3712
3159	4059	301	3758
3160	4070	293	3777
3161	4146	285	3861
3162	4240	294	3946
3163	4307	290	4017
3164	4395	293	4102
3165	4485	298	4187
3166	4584	301	4283
3167	4636	302	4334
3168	4733	291	4442
3169	4772	294	4478
3170	4790	296	4494
3171	4810	294	4516
3172	4860	298	4562
3173	4927	298	4629
3174	5011	292	4719
3175	5172	300	4872
3176	5221	297	4924
3177	5295	297	4998
3178	5503	305	5198
3179	5542	302	5240
3180	5506	291	5215
3181	5579	297	5282
3182	5575	298	5277
3183	5706	292	5414
3184	5894	302	5592
3185	5985	295	5690
3186	6031	287	5744
3187	6058	294	5764
3188	6154	297	5857
3189	6068	293	5775
3190	6034	290	5744
3191	6057	295	5762
3192	6079	289	5790
3193	6150	291	5859
3194	6327	304	6023
3195	6483	293	6190
3196	6592	289	6303
3197	6672	298	6374
3198	6738	290	6448
3199	6924	294	6630
3200	6979	297	6682
3201	6937	289	6648
3202	7051	289	6762
3203	7213	306	6907
3204	7392	306	7086
3205	7470	298	7172
3206	7504	300	7204
3207	7610	298	7312
3208	7621	302	7319
3209	7637	309	7328
3210	7743	303	7440
3211	7730	298	7432
3212	7774	302	7472
3213	7817	300	7517
3214	7820	304	7516
3215	7815	299	7516
3216	7844	304	7540
3217	7833	303	7530
3218	7849	290	7559
3219	7802	299	7503
3220	7893	302	7591
3221	7994	298	7696
3222	8109	301	7808
3223	8130	303	7827
3224	8105	297	7808
3225	8272	280	7992
3226	8395	285	8110
3227	8446	303	8143
3228	8608	304	8304
3229	8611	292	8319
3230	8595	292	8303
3231	8656	302	8354
3232	8765	304	8461
3233	9097	296	8801
3234	9242	291	8951
3235	9409	292	9117
3236	9471	294	9177
3237	9482	294	9188
3238	9596	292	9304
3239	9599	300	9299
3240	9421	296	9125
3241	9392	298	9094
3242	9324	305	9019
3243	9342	297	9045
3244	9281	281	9000
3245	9322	280	9042
3246	9196	294	8902
3247	9236	302	8934
3248	9303	304	8999
3249	9224	294	8930
3250	9270	292	8978
3251	9352	300	9052
3252	9386	294	9092
3253	9333	290	9043
3254	9350	292	9058
3255	9397	297	9100
3256	9381	298	9083
3257	9261	292	8969
3258	9217	293	8924
3259	9242	299	8943
3260	9175	303	8872
3261	9202	297	8905
3262	9296	298	8998
3263	9429	294	9135
3264	9596	292	9304
3265	9829	294	9535
3266	10099	290	9809
3267	10478	298	10180
3268	10508	296	10212
3269	10505	305	10200
3270	10454	301	10153
3271	10336	292	10044
3272	10371	284	10087
3273	10425	294	10131
3274	10374	300	10074
3275	10264	292	9972
3276	10294	301	9993
3277	10302	304	9998
3278	10235	300	9935
3279	9927	301	9626
3280	9811	293	9518
3281	9714	290	9424
3282	9577	295	9282
3283	9373	302	9071
3284	9220	298	8922
3285	9107	294	8813
3286	9001	300	8701
3287	9030	295	8735
3288	9085	297	8788
3289	9048	293	8755
3290	9013	294	8719
3291	9059	298	8761
3292	9096	301	8795
3293	9152	294	8858
3294	9002	289	8713
3295	8926	291	8635
3296	8984	292	8692
3297	9096	300	8796
3298	9230	303	8927
3299	9218	298	8920
3300	9162	297	8865
3301	9059	299	8760
3302	9051	295	8756
3303	9093	292	8801
3304	9009	293	8716
3305	8934	282	8652
3306	8933	281	8652
3307	8778	296	8482
3308	8670	302	8368
3309	8571	305	8266
3310	8467	305	8162
3311	8365	300	8065
3312	8295	288	8007
3313	8224	283	7941
3314	8194	294	7900
3315	8259	295	7964
3316	8287	297	7990
3317	8201	295	7906
3318	8135	281	7854
3319	8178	279	7899
3320	8142	298	7844
3321	8204	295	7909
3322	8261	281	7980
3323	8275	291	7984
3324	8165	289	7876
3325	8110	297	7813
3326	8029	302	7727
3327	8033	299	7734
3328	7940	298	7642
3329	7849	302	7547
3330	7793	305	7488
3331	7743	300	7443
3332	7613	300	7313
3333	7447	298	7149
3334	7361	290	7071
3335	7295	290	7005
3336	7237	299	6938
3337	7078	294	6784
3338	6963	283	6680
3339	6938	286	6652
3340	6884	282	6602
3341	6808	288	6520
3342	6763	308	6455
3343	6705	303	6402
3344	6603	297	6306
3345	6453	294	6159
3346	6410	294	6116
3347	6350	288	6062
3348	6335	287	6048
3349	6314	287	6027
3350	6260	300	5960
3351	6103	301	5802
3352	6024	296	5728
3353	5981	295	5686
3354	5904	294	5610
3355	5798	289	5509
3356	5744	301	5443
3357	5713	293	5420
3358	5674	300	5374
3359	5674	295	5379
3360	5593	290	5303
3361	5473	295	5178
3362	5413	300	5113
3363	5389	298	5091
3364	5388	290	5098
3365	5397	282	5115
3366	5485	292	5193
3367	5663	301	5362
3368	5741	293	5448
3369	5766	282	5484
3370	5826	303	5523
3371	5808	304	5504
3372	5786	293	5493
3373	5704	289	5415
3374	5590	302	5288
3375	5627	308	5319
3376	5576	307	5269
3377	5567	306	5261
3378	5577	291	5286
3379	5465	288	5177
3380	5426	299	5127
3381	5368	299	5069
3382	5270	287	4983
3383	5254	297	4957
3384	5265	295	4970
3385	5253	288	4965
3386	5311	290	5021
3387	5369	289	5080
3388	5352	297	5055
3389	5394	295	5099
3390	5417	297	5120
3391	5354	308	5046
3392	5359	301	5058
3393	5255	293	4962
3394	5145	306	4839
3395	5132	298	4834
3396	5039	294	4745
3397	4980	298	4682
3398	5020	296	4724
3399	4949	286	4663
3400	4839	289	4550
3401	4816	286	4530
3402	4782	287	4495
3403	4665	302	4363
3404	4626	308	4318
3405	4615	296	4319
3406	4669	286	4383
3407	4634	296	4338
3408	4595	298	4297
3409	4544	298	4246
3410	4511	298	4213
3411	4454	297	4157
3412	4510	288	4222
3413	4513	287	4226
3414	4407	299	4108
3415	4408	301	4107
3416	4367	294	4073
3417	4312	296	4016
3418	4291	303	3988
3419	4327	301	4026
3420	4360	302	4058
3421	4386	287	4099
3422	4470	284	4186
3423	4486	300	4186
3424	4486	295	4191
3425	4611	299	4312
3426	4605	294	4311
3427	4505	297	4208
3428	4437	290	4147
3429	4357	294	4063
3430	4325	296	4029
3431	4294	297	3997
3432	4288	299	3989
3433	4335	292	4043
3434	4414	296	4118
3435	4426	300	4126
3436	4394	305	4089
3437	4406	298	4108
3438	4376	286	4090
3439	4319	290	4029
3440	4304	297	4007
3441	4314	303	4011
3442	4323	295	4028
3443	4334	294	4040
3444	4325	290	4035
3445	4305	285	4020
3446	4325	292	4033
3447	4359	296	4063
3448	4272	289	3983
3449	4150	294	3856
3450	4157	300	3857
3451	4145	291	3854
3452	4075	298	3777
3453	4049	307	3742
3454	4059	300	3759
3455	4024	297	3727
3456	4044	300	3744
3457	4029	299	3730
3458	3948	299	3649
3459	3989	296	3693
3460	4050	290	3760
3461	4057	305	3752
3462	4136	305	3831
3463	4145	304	3841
3464	4109	300	3809
3465	4099	305	3794
3466	4177	299	3878
3467	4149	288	3861
3468	4145	290	3855
3469	4144	292	3852
3470	4072	291	3781
3471	3951	297	3654
3472	3966	297	3669
3473	3908	284	3624
3474	3818	290	3528
3475	3794	291	3503
3476	3776	289	3487
3477	3732	294	3438
3478	3756	306	3450
3479	3730	296	3434
3480	3621	280	3341
3481	3646	282	3364
3482	3643	287	3356
3483	3624	286	3338
3484	3665	288	3377
3485	3658	292	3366
3486	3666	297	3369
3487	3673	296	3377
3488	3691	296	3395
3489	3637	292	3345
3490	3549	288	3261
3491	3543	290	3253
3492	3578	298	3280
3493	3522	302	3220
3494	3449	301	3148
3495	3451	286	3165
3496	3361	286	3075
3497	3323	292	3031
3498	3357	297	3060
3499	3432	292	3140
3500	3420	291	3129
3501	3361	291	3070
3502	3370	289	3081
3503	3373	296	3077
3504	3363	291	3072
3505	3290	287	3003
3506	3295	297	2998
3507	3261	292	2969
3508	3199	284	2915
3509	3206	288	2918
3510	3158	293	2865
3511	3098	303	2795
3512	3069	305	2764
3513	3058	300	2758
3514	3053	297	2756
3515	3015	284	2731
3516	2983	287	2696
3517	3016	288	2728
3518	3038	296	2742
3519	3013	293	2720
3520	2968	299	2669
3521	2951	304	2647
3522	2898	301	2597
3523	2827	293	2534
3524	2852	283	2569
3525	2900	285	2615
3526	2838	296	2542
3527	2891	302	2589
3528	2944	292	2652
3529	2959	292	2667
3530	2983	291	2692
3531	2949	287	2662
3532	2993	299	2694
3533	2950	296	2654
3534	2822	303	2519
3535	2730	300	2430
3536	2696	294	2402
3537	2656	294	2362
3538	2717	304	2413
3539	2790	305	2485
3540	2766	303	2463
3541	2699	305	2394
3542	2673	303	2370
3543	2646	297	2349
3544	2616	286	2330
3545	2627	294	2333
3546	2684	290	2394
3547	2692	289	2403
3548	2664	296	2368
3549	2569	289	2280
3550	2533	296	2237
3551	2512	293	2219
3552	2477	299	2178
3553	2495	297	2198
3554	2479	292	2187
3555	2489	301	2188
3556	2492	296	2196
3557	2505	292	2213
3558	2494	293	2201
3559	2507	299	2208
3560	2485	298	2187
3561	2437	301	2136
3562	2388	295	2093
3563	2349	304	2045
3564	2317	308	2009
3565	2336	289	2047
3566	2387	293	2094
3567	2377	294	2083
3568	2346	291	2055
3569	2336	304	2032
3570	2282	303	1979
3571	2229	294	1935
3572	2282	288	1994
3573	2242	282	1960
3574	2224	295	1929
3575	2266	296	1970
3576	2216	286	1930
3577	2214	293	1921
3578	2250	298	1952
3579	2224	292	1932
3580	2202	293	1909
3581	2217	299	1918
3582	2202	296	1906
3583	2182	292	1890
3584	2216	302	1914
3585	2177	296	1881
3586	2159	297	1862
3587	2125	296	1829
3588	2092	288	1804
3589	2052	292	1760
3590	1999	293	1706
3591	1954	294	1660
3592	1993	295	1698
3593	1951	294	1657
3594	1945	295	1650
3595	1987	298	1689
3596	2006	292	1714
3597	2002	287	1715
3598	1964	289	1675
3599	1910	295	1615
3600	1944	295	1649
3601	1968	290	1678
3602	1949	289	1660
3603	1916	302	1614
3604	1916	302	1614
3605	1917	298	1619
3606	1858	303	1555
3607	1799	300	1499
3608	1814	305	1509
3609	1838	296	1542
3610	1852	296	1556
3611	1816	304	1512
3612	1756	303	1453
3613	1737	295	1442
3614	1740	295	1445
3615	1712	294	1418
3616	1663	291	1372
3617	1666	287	1379
3618	1714	293	1421
3619	1710	289	1421
3620	1700	285	1415
3621	1679	295	1384
3622	1686	299	1387
3623	1659	290	1369
3624	1654	284	1370
3625	1667	296	1371
3626	1656	303	1353
3627	1662	305	1357
3628	1697	301	1396
3629	1697	296	1401
3630	1689	296	1393
3631	1669	292	1377
3632	1656	296	1360
3633	1615	292	1323
3634	1527	284	1243
3635	1501	289	1212
3636	1516	294	1222
3637	1493	295	1198
3638	1495	301	1194
3639	1484	301	1183
3640	1429	292	1137
3641	1437	292	1145
3642	1436	298	1138
3643	1472	298	1174
3644	1443	301	1142
3645	1422	294	1128
3646	1494	291	1203
3647	1515	295	1220
3648	1485	296	1189
