index	original	background	difference
-----------------------------------------------------
1	359	346	13
2	352	356	-4
3	361	362	-1
4	373	357	16
5	385	352	33
6	370	352	18
7	368	359	9
8	359	364	-5
9	370	360	10
10	355	370	-15
11	358	363	-5
12	359	359	0
13	375	365	10
14	347	359	-12
15	362	350	12
16	347	346	1
17	371	360	11
18	375	357	18
19	365	350	15
20	359	359	0
21	373	363	10
22	382	360	22
23	409	362	47
24	418	361	57
25	385	355	30
26	344	368	-24
27	381	371	10
28	393	360	33
29	362	365	-3
30	353	371	-18
31	370	369	1
32	370	361	9
33	367	369	-2
34	364	379	-15
35	389	366	23
36	380	363	17
37	358	359	-1
38	355	362	-7
39	368	359	9
40	369	359	10
41	355	366	-11
42	365	363	2
43	403	370	33
44	365	367	-2
45	367	353	14
46	392	358	34
47	393	367	26
48	364	364	0
49	387	375	12
50	386	379	7
51	377	377	0
52	364	372	-8
53	381	367	14
54	375	380	-5
55	393	375	18
56	384	372	12
57	392	374	18
58	380	376	4
59	382	370	12
60	379	373	6
61	383	374	9
62	392	370	22
63	361	376	-15
64	352	368	-16
65	384	373	11
66	387	379	8
67	382	371	11
68	387	368	19
69	396	363	33
70	383	361	22
71	394	368	26
72	384	377	7
73	384	378	6
74	395	381	14
75	398	374	24
76	392	364	28
77	400	355	45
78	383	367	16
79	399	371	28
80	391	368	23
81	393	373	20
82	377	381	-4
83	368	368	0
84	367	373	-6
85	378	378	0
86	402	370	32
87	401	371	30
88	375	363	12
89	395	364	31
90	396	374	22
91	387	381	6
92	391	379	12
93	396	372	24
94	361	369	-8
95	369	373	-4
96	382	367	15
97	357	361	-4
98	349	370	-21
99	375	372	3
100	376	377	-1
101	377	379	-2
102	366	376	-10
103	359	370	-11
104	367	369	-2
105	374	378	-4
106	379	377	2
107	397	373	24
108	405	371	34
109	410	371	39
110	411	373	38
111	394	370	24
112	397	364	33
113	383	377	6
114	385	375	10
115	400	374	26
116	379	376	3
117	372	372	0
118	388	378	10
119	405	378	27
120	390	369	21
121	385	365	20
122	381	366	15
123	394	378	16
124	381	391	-10
125	378	375	3
126	372	368	4
127	370	367	3
128	373	374	-1
129	372	381	-9
130	368	376	-8
131	387	376	11
132	395	369	26
133	391	369	22
134	369	368	1
135	369	375	-6
136	393	383	10
137	406	378	28
138	379	377	2
139	376	368	8
140	387	378	9
141	410	386	24
142	399	385	14
143	362	369	-7
144	375	369	6
145	394	378	16
146	390	367	23
147	382	365	17
148	371	376	-5
149	380	371	9
150	387	381	6
151	389	394	-5
152	385	381	4
153	381	372	9
154	370	369	1
155	375	364	11
156	367	369	-2
157	393	368	25
158	371	364	7
159	392	374	18
160	400	374	26
161	393	370	23
162	391	370	21
163	386	378	8
164	377	373	4
165	379	373	6
166	396	382	14
167	383	379	4
168	370	376	-6
169	372	368	4
170	372	368	4
171	392	366	26
172	381	373	8
173	365	369	-4
174	393	372	21
175	403	370	33
176	395	371	24
177	384	363	21
178	380	369	11
179	378	368	10
180	384	379	5
181	381	373	8
182	372	373	-1
183	401	373	28
184	375	372	3
185	374	368	6
186	390	373	17
187	393	362	31
188	375	364	11
189	390	373	17
190	367	371	-4
191	367	373	-6
192	391	374	17
193	391	373	18
194	388	365	23
195	373	364	9
196	369	368	1
197	379	366	13
198	385	368	17
199	385	380	5
200	375	379	-4
201	378	374	4
202	378	380	-2
203	381	371	10
204	380	367	13
205	400	371	29
206	401	364	37
207	392	365	27
208	375	371	4
209	375	377	-2
210	369	372	-3
211	354	380	-26
212	355	377	-22
213	388	366	22
214	362	370	-8
215	374	375	-1
216	393	374	19
217	384	373	11
218	363	371	-8
219	344	361	-17
220	361	370	-9
221	378	365	13
222	371	366	5
223	349	368	-19
224	344	371	-27
225	389	374	15
226	391	365	26
227	369	368	1
228	373	361	12
229	370	368	2
230	373	372	1
231	383	369	14
232	382	370	12
233	390	366	24
234	389	367	22
235	391	369	22
236	369	361	8
237	375	363	12
238	401	370	31
239	389	364	25
240	364	357	7
241	352	363	-11
242	369	362	7
243	393	364	29
244	384	367	17
245	384	374	10
246	371	378	-7
247	382	373	9
248	372	367	5
249	341	360	-19
250	380	370	10
251	395	364	31
252	355	367	-12
253	359	363	-4
254	370	366	4
255	366	369	-3
256	365	372	-7
257	374	381	-7
258	349	371	-22
259	364	359	5
260	375	361	14
261	405	368	37
262	406	361	45
263	387	368	19
264	376	371	5
265	387	369	18
266	375	372	3
267	402	373	29
268	386	367	19
269	369	365	4
270	383	363	20
271	385	367	18
272	349	370	-21
273	367	364	3
274	378	365	13
275	378	371	7
276	372	374	-2
277	383	368	15
278	375	366	9
279	381	365	16
280	370	367	3
281	373	365	8
282	364	360	4
283	369	352	17
284	371	361	10
285	371	357	14
286	360	352	8
287	382	360	22
288	369	368	1
289	361	375	-14
290	377	365	12
291	367	351	16
292	382	364	18
293	389	365	24
294	369	357	12
295	367	361	6
296	378	361	17
297	382	368	14
298	365	370	-5
299	367	359	8
300	357	359	-2
301	360	350	10
302	350	358	-8
303	360	354	6
304	373	352	21
305	368	360	8
306	356	365	-9
307	349	364	-15
308	332	353	-21
309	356	351	5
310	365	351	14
311	352	356	-4
312	346	361	-15
313	378	352	26
314	376	352	24
315	392	353	39
316	388	358	30
317	370	360	10
318	355	362	-7
319	347	365	-18
320	355	364	-9
321	371	368	3
322	379	371	8
323	364	369	-5
324	345	365	-20
325	365	363	2
326	374	360	14
327	378	354	24
328	382	365	17
329	371	366	5
330	368	362	6
331	367	353	14
332	363	353	10
333	378	358	20
334	369	361	8
335	353	353	0
336	359	359	0
337	382	367	15
338	395	362	33
339	382	356	26
340	362	351	11
341	347	354	-7
342	371	362	9
343	365	355	10
344	358	368	-10
345	367	366	1
346	352	360	-8
347	336	362	-26
348	337	353	-16
349	362	354	8
350	371	368	3
351	377	370	7
352	368	356	12
353	373	360	13
354	372	365	7
355	377	364	13
356	362	355	7
357	362	365	-3
358	374	370	4
359	378	362	16
360	355	354	1
361	377	358	19
362	362	357	5
363	339	347	-8
364	352	357	-5
365	371	358	13
366	369	357	12
367	362	354	8
368	354	355	-1
369	356	357	-1
370	338	358	-20
371	363	356	7
372	386	358	28
373	388	357	31
374	371	360	11
375	364	353	11
376	370	359	11
377	369	361	8
378	358	352	6
379	378	354	24
380	403	365	38
381	376	358	18
382	368	360	8
383	364	361	3
384	375	355	20
385	377	354	23
386	368	349	19
387	385	351	34
388	380	354	26
389	381	356	25
390	363	349	14
391	365	356	9
392	372	360	12
393	360	352	8
394	366	361	5
395	375	366	9
396	354	371	-17
397	357	358	-1
398	362	349	13
399	365	353	12
400	367	357	10
401	360	356	4
402	372	358	14
403	384	351	33
404	391	354	37
405	387	346	41
406	374	348	26
407	368	351	17
408	362	362	0
409	373	368	5
410	362	362	0
411	371	360	11
412	362	364	-2
413	351	366	-15
414	365	359	6
415	355	357	-2
416	350	370	-20
417	376	364	12
418	374	365	9
419	381	367	14
420	388	367	21
421	397	359	38
422	373	363	10
423	345	358	-13
424	361	368	-7
425	382	362	20
426	383	354	29
427	379	349	30
428	387	356	31
429	384	359	25
430	372	357	15
431	368	354	14
432	351	351	0
433	383	359	24
434	383	357	26
435	373	352	21
436	366	356	10
437	379	358	21
438	369	355	14
439	364	349	15
440	371	351	20
441	371	357	14
442	369	358	11
443	359	358	1
444	364	363	1
445	352	363	-11
446	331	355	-24
447	366	346	20
448	391	345	46
449	393	350	43
450	367	346	21
451	380	359	21
452	374	361	13
453	375	357	18
454	367	358	9
455	343	351	-8
456	360	352	8
457	363	359	4
458	349	360	-11
459	352	353	-1
460	334	355	-21
461	346	357	-11
462	344	364	-20
463	357	357	0
464	358	349	9
465	376	360	16
466	359	362	-3
467	366	355	11
468	342	352	-10
469	342	358	-16
470	363	361	2
471	366	354	12
472	338	349	-11
473	364	347	17
474	368	360	8
475	362	365	-3
476	374	369	5
477	389	363	26
478	338	356	-18
479	355	357	-2
480	360	341	19
481	371	352	19
482	369	356	13
483	355	358	-3
484	357	353	4
485	378	353	25
486	376	357	19
487	360	366	-6
488	368	349	19
489	371	351	20
490	374	352	22
491	370	347	23
492	348	347	1
493	354	351	3
494	380	348	32
495	412	345	67
496	386	353	33
497	368	355	13
498	351	359	-8
499	369	352	17
500	367	356	11
501	359	349	10
502	354	349	5
503	381	345	36
504	370	348	22
505	347	352	-5
506	340	346	-6
507	357	340	17
508	395	341	54
509	379	346	33
510	345	355	-10
511	355	350	5
512	367	340	27
513	394	342	52
514	373	350	23
515	362	353	9
516	338	354	-16
517	338	353	-15
518	348	351	-3
519	365	352	13
520	359	341	18
521	363	340	23
522	365	348	17
523	359	351	8
524	339	354	-15
525	324	351	-27
526	339	350	-11
527	340	344	-4
528	350	349	1
529	332	350	-18
530	355	343	12
531	374	337	37
532	367	345	22
533	376	346	30
534	354	343	11
535	360	345	15
536	369	358	11
537	368	345	23
538	356	347	9
539	365	357	8
540	348	348	0
541	372	345	27
542	370	350	20
543	359	343	16
544	373	344	29
545	364	347	17
546	354	351	3
547	367	349	18
548	349	352	-3
549	386	342	44
550	382	338	44
551	360	342	18
552	360	346	14
553	376	341	35
554	391	346	45
555	380	341	39
556	367	348	19
557	364	347	17
558	370	341	29
559	372	344	28
560	371	342	29
561	363	349	14
562	344	346	-2
563	357	343	14
564	386	342	44
565	387	342	45
566	369	344	25
567	368	348	20
568	395	352	43
569	367	348	19
570	355	335	20
571	370	332	38
572	392	347	45
573	414	352	62
574	401	360	41
575	375	357	18
576	381	356	25
577	382	345	37
578	366	341	25
579	362	344	18
580	360	348	12
581	381	348	33
582	384	344	40
583	387	337	50
584	385	328	57
585	385	348	37
586	383	345	38
587	394	342	52
588	367	349	18
589	370	345	25
590	388	349	39
591	396	353	43
592	379	338	41
593	402	343	59
594	407	339	68
595	389	339	50
596	392	340	52
597	392	341	51
598	392	343	49
599	421	348	73
600	410	344	66
601	390	346	44
602	381	343	38
603	421	352	69
604	416	349	67
605	405	345	60
606	413	352	61
607	393	348	45
608	383	337	46
609	395	334	61
610	423	346	77
611	428	345	83
612	437	334	103
613	427	338	89
614	420	342	78
615	432	342	90
616	399	341	58
617	425	342	83
618	427	335	92
619	411	337	74
620	407	349	58
621	437	339	98
622	445	336	109
623	420	339	81
624	410	342	68
625	416	340	76
626	447	342	105
627	454	337	117
628	445	340	105
629	467	342	125
630	448	343	105
631	443	349	94
632	469	357	112
633	457	354	103
634	441	346	95
635	458	339	119
636	481	337	144
637	477	346	131
638	460	345	115
639	486	344	142
640	491	340	151
641	474	336	138
642	485	341	144
643	487	346	141
644	486	345	141
645	491	338	153
646	488	344	144
647	522	343	179
648	519	344	175
649	518	346	172
650	522	341	181
651	546	345	201
652	518	345	173
653	526	348	178
654	538	348	190
655	517	344	173
656	537	343	194
657	543	344	199
658	535	332	203
659	528	329	199
660	535	341	194
661	542	337	205
662	558	343	215
663	594	350	244
664	554	345	209
665	549	333	216
666	536	337	199
667	563	346	217
668	581	351	230
669	592	347	245
670	549	344	205
671	542	344	198
672	553	333	220
673	595	338	257
674	620	346	274
675	608	343	265
676	615	346	269
677	620	333	287
678	623	338	285
679	642	336	306
680	651	349	302
681	642	347	295
682	622	343	279
683	661	340	321
684	701	337	364
685	701	335	366
686	712	342	370
687	713	345	368
688	695	341	354
689	733	344	389
690	727	344	383
691	721	344	377
692	726	344	382
693	759	334	425
694	773	334	439
695	772	346	426
696	760	338	422
697	754	338	416
698	763	340	423
699	786	336	450
700	765	347	418
701	786	344	442
702	796	342	454
703	813	336	477
704	786	343	443
705	806	338	468
706	829	330	499
707	836	331	505
708	826	342	484
709	845	346	499
710	826	353	473
711	833	338	495
712	850	334	516
713	880	339	541
714	867	339	528
715	857	343	514
716	854	327	527
717	852	323	529
718	887	330	557
719	903	332	571
720	884	334	550
721	915	328	587
722	919	334	585
723	889	333	556
724	885	338	547
725	906	345	561
726	921	336	585
727	925	325	600
728	940	329	611
729	955	341	614
730	989	340	649
731	1025	345	680
732	1025	344	681
733	998	342	656
734	1003	347	656
735	1035	341	694
736	1027	332	695
737	1042	331	711
738	1047	345	702
739	1072	337	735
740	1095	339	756
741	1105	347	758
742	1117	338	779
743	1146	335	811
744	1116	347	769
745	1096	341	755
746	1091	334	757
747	1114	338	776
748	1095	335	760
749	1102	335	767
750	1092	341	751
751	1074	336	738
752	1089	338	751
753	1135	337	798
754	1137	336	801
755	1137	342	795
756	1128	340	788
757	1167	346	821
758	1162	341	821
759	1157	348	809
760	1157	345	812
761	1134	337	797
762	1103	339	764
763	1100	329	771
764	1086	323	763
765	1147	331	816
766	1178	333	845
767	1126	335	791
768	1063	340	723
769	1101	333	768
770	1115	324	791
771	1110	334	776
772	1089	342	747
773	1128	333	795
774	1091	339	752
775	1066	343	723
776	1073	343	730
777	1112	337	775
778	1113	336	777
779	1135	346	789
780	1116	351	765
781	1081	342	739
782	1104	339	765
783	1111	341	770
784	1120	335	785
785	1111	342	769
786	1124	344	780
787	1117	345	772
788	1124	346	778
789	1152	338	814
790	1149	330	819
791	1180	326	854
792	1143	341	802
793	1111	337	774
794	1121	332	789
795	1149	340	809
796	1115	337	778
797	1123	341	782
798	1153	346	807
799	1158	349	809
800	1164	347	817
801	1150	345	805
802	1149	331	818
803	1177	328	849
804	1164	328	836
805	1123	334	789
806	1127	333	794
807	1169	337	832
808	1171	346	825
809	1173	349	824
810	1151	341	810
811	1161	332	829
812	1151	335	816
813	1131	333	798
814	1135	330	805
815	1139	331	808
816	1148	341	807
817	1138	344	794
818	1137	337	800
819	1115	339	776
820	1149	336	813
821	1108	335	773
822	1090	337	753
823	1099	336	763
824	1046	338	708
825	1078	325	753
826	1096	324	772
827	1061	326	735
828	1042	333	709
829	1050	343	707
830	1074	341	733
831	1081	330	751
832	1047	327	720
833	1053	331	722
834	1047	335	712
835	1042	320	722
836	1006	326	680
837	1004	334	670
838	1017	330	687
839	1048	326	722
840	1011	334	677
841	993	337	656
842	1055	334	721
843	1055	330	725
844	1013	329	684
845	1016	325	691
846	1018	328	690
847	1013	332	681
848	991	334	657
849	975	334	641
850	971	330	641
851	1001	329	672
852	997	333	664
853	979	322	657
854	994	325	669
855	1012	331	681
856	1003	332	671
857	1008	327	681
858	992	334	658
859	1010	327	683
860	1027	328	699
861	1023	330	693
862	1006	330	676
863	1007	335	672
864	986	331	655
865	999	332	667
866	996	331	665
867	972	324	648
868	975	322	653
869	980	321	659
870	985	329	656
871	949	323	626
872	996	328	668
873	984	330	654
874	952	322	630
875	957	327	630
876	960	338	622
877	943	328	615
878	929	318	611
879	935	318	617
880	948	335	613
881	940	331	609
882	955	332	623
883	956	330	626
884	933	335	598
885	919	332	587
886	893	319	574
887	904	319	585
888	894	334	560
889	907	325	582
890	886	325	561
891	895	321	574
892	866	320	546
893	860	321	539
894	862	326	536
895	844	332	512
896	852	332	520
897	850	329	521
898	832	328	504
899	834	325	509
900	835	328	507
901	824	325	499
902	833	324	509
903	823	336	487
904	793	329	464
905	812	316	496
906	795	321	474
907	774	335	439
908	756	337	419
909	757	330	427
910	771	336	435
911	776	335	441
912	775	332	443
913	760	325	435
914	784	321	463
915	759	321	438
916	770	322	448
917	772	317	455
918	774	321	453
919	768	319	449
920	747	323	424
921	738	321	417
922	768	322	446
923	767	330	437
924	725	327	398
925	749	327	422
926	748	330	418
927	768	333	435
928	752	326	426
929	735	329	406
930	743	337	406
931	752	332	420
932	752	323	429
933	734	329	405
934	732	334	398
935	742	327	415
936	709	331	378
937	708	326	382
938	704	322	382
939	702	324	378
940	707	318	389
941	732	321	411
942	753	330	423
943	742	323	419
944	733	319	414
945	728	319	409
946	722	325	397
947	723	322	401
948	714	320	394
949	696	320	376
950	696	318	378
951	711	322	389
952	717	323	394
953	720	321	399
954	693	317	376
955	699	317	382
956	695	331	364
957	681	325	356
958	693	327	366
959	702	332	370
960	698	328	370
961	667	320	347
962	662	331	331
963	678	337	341
964	694	325	369
965	692	321	371
966	668	317	351
967	653	320	333
968	639	322	317
969	640	329	311
970	634	337	297
971	636	322	314
972	669	321	348
973	662	327	335
974	663	333	330
975	681	321	360
976	639	314	325
977	625	322	303
978	601	322	279
979	610	323	287
980	608	325	283
981	636	318	318
982	603	317	286
983	606	324	282
984	603	330	273
985	598	331	267
986	616	328	288
987	619	330	289
988	609	316	293
989	618	324	294
990	605	332	273
991	593	324	269
992	590	327	263
993	616	329	287
994	598	324	274
995	597	323	274
996	599	321	278
997	599	322	277
998	599	324	275
999	612	328	284
1000	601	332	269
1001	592	324	268
1002	615	316	299
1003	596	318	278
1004	602	326	276
1005	621	328	293
1006	614	332	282
1007	598	327	271
1008	614	322	292
1009	641	321	320
1010	623	323	300
1011	618	321	297
1012	612	315	297
1013	628	320	308
1014	625	318	307
1015	635	312	323
1016	629	322	307
1017	608	317	291
1018	613	314	299
1019	604	318	286
1020	610	317	293
1021	631	316	315
1022	633	308	325
1023	645	319	326
1024	649	324	325
1025	633	316	317
1026	623	327	296
1027	630	329	301
1028	648	320	328
1029	636	315	321
1030	637	315	322
1031	637	320	317
1032	644	323	321
1033	644	323	321
1034	653	325	328
1035	655	326	329
1036	647	327	320
1037	660	328	332
1038	657	328	329
1039	653	323	330
1040	650	317	333
1041	656	316	340
1042	664	324	340
1043	664	320	344
1044	682	324	358
1045	712	324	388
1046	696	313	383
1047	716	313	403
1048	707	323	384
1049	690	323	367
1050	703	320	383
1051	724	316	408
1052	709	318	391
1053	701	320	381
1054	704	323	381
1055	731	319	412
1056	761	319	442
1057	756	321	435
1058	702	324	378
1059	698	321	377
1060	730	324	406
1061	761	318	443
1062	741	312	429
1063	753	316	437
1064	731	315	416
1065	733	314	419
1066	729	331	398
1067	722	330	392
1068	738	309	429
1069	785	308	477
1070	782	313	469
1071	809	316	493
1072	807	318	489
1073	784	304	480
1074	789	304	485
1075	800	313	487
1076	781	326	455
1077	800	321	479
1078	806	315	491
1079	803	322	481
1080	791	309	482
1081	820	311	509
1082	819	320	499
1083	833	323	510
1084	833	322	511
1085	823	319	504
1086	812	315	497
1087	858	316	542
1088	869	306	563
1089	831	307	524
1090	854	316	538
1091	887	311	576
1092	872	310	562
1093	890	309	581
1094	942	308	634
1095	938	314	624
1096	922	314	608
1097	945	320	625
1098	932	313	619
1099	963	311	652
1100	945	313	632
1101	979	314	665
1102	1001	312	689
1103	999	321	678
1104	1023	324	699
1105	1037	317	720
1106	1056	321	735
1107	1088	318	770
1108	1086	314	772
1109	1108	317	791
1110	1122	323	799
1111	1125	333	792
1112	1133	326	807
1113	1163	312	851
1114	1179	321	858
1115	1209	315	894
1116	1235	309	926
1117	1225	315	910
1118	1212	316	896
1119	1289	315	974
1120	1286	313	973
1121	1318	315	1003
1122	1322	327	995
1123	1348	322	1026
1124	1364	317	1047
1125	1382	319	1063
1126	1409	313	1096
1127	1454	318	1136
1128	1453	320	1133
1129	1515	318	1197
1130	1564	315	1249
1131	1588	314	1274
1132	1615	313	1302
1133	1658	315	1343
1134	1632	320	1312
1135	1686	326	1360
1136	1715	318	1397
1137	1750	314	1436
1138	1808	318	1490
1139	1831	324	1507
1140	1832	322	1510
1141	1880	321	1559
1142	1930	315	1615
1143	1976	321	1655
1144	2031	321	1710
1145	2046	318	1728
1146	2066	319	1747
1147	2133	319	1814
1148	2150	316	1834
1149	2190	310	1880
1150	2241	325	1916
1151	2276	321	1955
1152	2321	327	1994
1153	2339	329	2010
1154	2376	318	2058
1155	2395	311	2084
1156	2433	312	2121
1157	2523	308	2215
1158	2605	312	2293
1159	2645	312	2333
1160	2697	311	2386
1161	2745	322	2423
1162	2808	323	2485
1163	2824	323	2501
1164	2857	318	2539
1165	2915	313	2602
1166	3015	320	2695
1167	3047	323	2724
1168	3053	325	2728
1169	3131	322	2809
1170	3210	315	2895
1171	3299	313	2986
1172	3353	319	3034
1173	3403	324	3079
1174	3474	326	3148
1175	3560	328	3232
1176	3568	322	3246
1177	3610	307	3303
1178	3707	310	3397
1179	3727	306	3421
1180	3784	307	3477
1181	3819	304	3515
1182	3993	307	3686
1183	4053	324	3729
1184	4061	325	3736
1185	4132	313	3819
1186	4232	310	3922
1187	4311	320	3991
1188	4313	322	3991
1189	4342	318	4024
1190	4461	312	4149
1191	4466	311	4155
1192	4483	309	4174
1193	4618	313	4305
1194	4620	316	4304
1195	4613	321	4292
1196	4711	319	4392
1197	4805	310	4495
1198	4840	308	4532
1199	4932	312	4620
1200	4919	315	4604
1201	4950	321	4629
1202	4988	317	4671
1203	4983	312	4671
1204	4983	314	4669
1205	5066	312	4754
1206	5054	323	4731
1207	5141	317	4824
1208	5194	321	4873
1209	5146	317	4829
1210	5180	317	4863
1211	5164	322	4842
1212	5172	325	4847
1213	5269	320	4949
1214	5210	318	4892
1215	5202	319	4883
1216	5248	313	4935
1217	5201	314	4887
1218	5183	312	4871
1219	5180	312	4868
1220	5163	309	4854
1221	5204	312	4892
1222	5261	315	4946
1223	5211	321	4890
1224	5219	316	4903
1225	5130	309	4821
1226	5057	311	4746
1227	5121	302	4819
1228	5146	297	4849
1229	5100	300	4800
1230	5063	313	4750
1231	5075	307	4768
1232	5036	305	4731
1233	5023	300	4723
1234	5016	299	4717
1235	4975	304	4671
1236	4965	305	4660
1237	4913	316	4597
1238	4906	318	4588
1239	4830	309	4521
1240	4846	310	4536
1241	4824	311	4513
1242	4800	319	4481
1243	4746	320	4426
1244	4736	312	4424
1245	4705	313	4392
1246	4740	311	4429
1247	4705	309	4396
1248	4660	306	4354
1249	4656	311	4345
1250	4693	315	4378
1251	4670	317	4353
1252	4593	310	4283
1253	4586	307	4279
1254	4640	311	4329
1255	4598	319	4279
1256	4525	306	4219
1257	4649	315	4334
1258	4640	319	4321
1259	4572	314	4258
1260	4550	313	4237
1261	4540	309	4231
1262	4597	309	4288
1263	4647	315	4332
1264	4593	315	4278
1265	4565	314	4251
1266	4573	317	4256
1267	4618	320	4298
1268	4650	313	4337
1269	4651	309	4342
1270	4686	306	4380
1271	4697	310	4387
1272	4665	320	4345
1273	4697	314	4383
1274	4710	309	4401
1275	4729	305	4424
1276	4726	301	4425
1277	4817	297	4520
1278	4820	307	4513
1279	4858	319	4539
1280	4832	319	4513
1281	4877	312	4565
1282	4910	306	4604
1283	4935	306	4629
1284	4926	317	4609
1285	4983	312	4671
1286	4967	306	4661
1287	4942	302	4640
1288	4986	310	4676
1289	5064	313	4751
1290	5074	300	4774
1291	5103	305	4798
1292	5086	313	4773
1293	5096	316	4780
1294	5242	314	4928
1295	5309	308	5001
1296	5297	307	4990
1297	5319	300	5019
1298	5385	299	5086
1299	5299	300	4999
1300	5362	304	5058
1301	5436	310	5126
1302	5461	315	5146
1303	5457	313	5144
1304	5433	308	5125
1305	5473	312	5161
1306	5544	315	5229
1307	5556	308	5248
1308	5538	306	5232
1309	5577	309	5268
1310	5630	309	5321
1311	5633	307	5326
1312	5695	314	5381
1313	5774	300	5474
1314	5692	310	5382
1315	5664	315	5349
1316	5652	307	5345
1317	5657	309	5348
1318	5674	300	5374
1319	5634	289	5345
1320	5562	302	5260
1321	5654	298	5356
1322	5654	300	5354
1323	5663	304	5359
1324	5689	303	5386
1325	5706	295	5411
1326	5601	308	5293
1327	5613	313	5300
1328	5632	310	5322
1329	5666	302	5364
1330	5648	299	5349
1331	5593	308	5285
1332	5602	312	5290
1333	5575	309	5266
1334	5546	298	5248
1335	5583	304	5279
1336	5547	320	5227
1337	5569	303	5266
1338	5488	293	5195
1339	5399	288	5111
1340	5458	302	5156
1341	5428	305	5123
1342	5390	297	5093
1343	5395	307	5088
1344	5303	307	4996
1345	5337	303	5034
1346	5294	303	4991
1347	5216	308	4908
1348	5266	315	4951
1349	5300	302	4998
1350	5159	299	4860
1351	5123	306	4817
1352	5175	310	4865
1353	5174	304	4870
1354	5030	290	4740
1355	5006	299	4707
1356	5025	307	4718
1357	4990	299	4691
1358	4948	293	4655
1359	4961	290	4671
1360	4890	290	4600
1361	4886	302	4584
1362	4856	299	4557
1363	4769	296	4473
1364	4741	306	4435
1365	4728	302	4426
1366	4714	301	4413
1367	4686	308	4378
1368	4715	306	4409
1369	4712	302	4410
1370	4624	304	4320
1371	4675	306	4369
1372	4650	310	4340
1373	4551	302	4249
1374	4580	301	4279
1375	4570	307	4263
1376	4515	305	4210
1377	4532	311	4221
1378	4569	300	4269
1379	4553	300	4253
1380	4471	305	4166
1381	4441	301	4140
1382	4460	292	4168
1383	4509	300	4209
1384	4530	304	4226
1385	4545	300	4245
1386	4517	303	4214
1387	4489	298	4191
1388	4456	295	4161
1389	4519	295	4224
1390	4617	300	4317
1391	4598	301	4297
1392	4590	305	4285
1393	4583	310	4273
1394	4654	312	4342
1395	4638	308	4330
1396	4584	297	4287
1397	4641	294	4347
1398	4714	295	4419
1399	4716	306	4410
1400	4645	302	4343
1401	4733	303	4430
1402	4758	304	4454
1403	4766	299	4467
1404	4793	299	4494
1405	4845	309	4536
1406	4929	316	4613
1407	4944	304	4640
1408	4973	309	4664
1409	5044	301	4743
1410	5025	298	4727
1411	5040	298	4742
1412	5114	299	4815
1413	5164	301	4863
1414	5175	295	4880
1415	5228	292	4936
1416	5301	303	4998
1417	5303	296	5007
1418	5322	304	5018
1419	5380	305	5075
1420	5448	302	5146
1421	5493	301	5192
1422	5458	303	5155
1423	5470	310	5160
1424	5458	309	5149
1425	5505	301	5204
1426	5603	307	5296
1427	5654	316	5338
1428	5645	311	5334
1429	5596	304	5292
1430	5692	302	5390
1431	5663	304	5359
1432	5703	302	5401
1433	5806	298	5508
1434	5767	297	5470
1435	5706	302	5404
1436	5685	294	5391
1437	5759	291	5468
1438	5833	294	5539
1439	5745	291	5454
1440	5714	297	5417
1441	5783	298	5485
1442	5819	290	5529
1443	5821	295	5526
1444	5674	297	5377
1445	5629	300	5329
1446	5727	296	5431
1447	5732	297	5435
1448	5761	300	5461
1449	5741	301	5440
1450	5673	297	5376
1451	5671	300	5371
1452	5650	296	5354
1453	5649	302	5347
1454	5633	309	5324
1455	5599	297	5302
1456	5588	298	5290
1457	5584	293	5291
1458	5591	291	5300
1459	5549	302	5247
1460	5537	311	5226
1461	5496	300	5196
1462	5475	306	5169
1463	5403	301	5102
1464	5377	293	5084
1465	5354	299	5055
1466	5354	294	5060
1467	5346	296	5050
1468	5355	298	5057
1469	5384	289	5095
1470	5306	296	5010
1471	5228	295	4933
1472	5153	306	4847
1473	5100	309	4791
1474	5100	294	4806
1475	5106	296	4810
1476	5079	296	4783
1477	5003	299	4704
1478	4981	307	4674
1479	5008	307	4701
1480	4919	304	4615
1481	4820	296	4524
1482	4845	305	4540
1483	4814	305	4509
1484	4764	296	4468
1485	4743	294	4449
1486	4764	303	4461
1487	4671	299	4372
1488	4613	297	4316
1489	4565	295	4270
1490	4546	304	4242
1491	4545	298	4247
1492	4492	295	4197
1493	4463	302	4161
1494	4463	306	4157
1495	4430	300	4130
1496	4353	299	4054
1497	4366	306	4060
1498	4376	302	4074
1499	4347	288	4059
1500	4350	288	4062
1501	4306	295	4011
1502	4274	287	3987
1503	4214	289	3925
1504	4229	306	3923
1505	4197	296	3901
1506	4146	299	3847
1507	4108	298	3810
1508	4135	296	3839
1509	4172	293	3879
1510	4143	288	3855
1511	4149	288	3861
1512	4153	299	3854
1513	4136	302	3834
1514	4123	308	3815
1515	4157	298	3859
1516	4159	296	3863
1517	4125	300	3825
1518	4046	306	3740
1519	4052	302	3750
1520	4113	298	3815
1521	4132	303	3829
1522	4100	306	3794
1523	4036	301	3735
1524	4090	298	3792
1525	4131	305	3826
1526	4082	303	3779
1527	4085	293	3792
1528	4127	289	3838
1529	4144	295	3849
1530	4147	303	3844
1531	4151	302	3849
1532	4121	308	3813
1533	4171	303	3868
1534	4185	302	3883
1535	4185	299	3886
1536	4232	293	3939
1537	4225	291	3934
1538	4274	302	3972
1539	4328	302	4026
1540	4343	301	4042
1541	4279	302	3977
1542	4300	307	3993
1543	4334	305	4029
1544	4326	297	4029
1545	4356	293	4063
1546	4353	299	4054
1547	4431	308	4123
1548	4464	298	4166
1549	4457	291	4166
1550	4460	297	4163
1551	4482	301	4181
1552	4552	301	4251
1553	4540	302	4238
1554	4560	303	4257
1555	4652	298	4354
1556	4714	299	4415
1557	4661	288	4373
1558	4628	294	4334
1559	4692	294	4398
1560	4749	299	4450
1561	4774	305	4469
1562	4726	296	4430
1563	4750	298	4452
1564	4800	295	4505
1565	4806	297	4509
1566	4805	308	4497
1567	4792	300	4492
1568	4798	296	4502
1569	4785	307	4478
1570	4785	303	4482
1571	4876	301	4575
1572	4892	297	4595
1573	4899	294	4605
1574	4920	298	4622
1575	4923	303	4620
1576	5006	293	4713
1577	4981	288	4693
1578	4916	295	4621
1579	4914	295	4619
1580	4925	287	4638
1581	4916	302	4614
1582	4948	301	4647
1583	4990	296	4694
1584	4944	294	4650
1585	4882	290	4592
1586	4919	294	4625
1587	4858	297	4561
1588	4844	304	4540
1589	4891	312	4579
1590	4797	311	4486
1591	4807	311	4496
1592	4868	306	4562
1593	4832	294	4538
1594	4768	301	4467
1595	4748	305	4443
1596	4770	302	4468
1597	4751	288	4463
1598	4661	300	4361
1599	4621	300	4321
1600	4619	295	4324
1601	4608	298	4310
1602	4546	301	4245
1603	4605	301	4304
1604	4539	304	4235
1605	4498	302	4196
1606	4514	297	4217
1607	4495	299	4196
1608	4486	304	4182
1609	4448	301	4147
1610	4392	299	4093
1611	4366	298	4068
1612	4352	295	4057
1613	4336	303	4033
1614	4328	292	4036
1615	4316	290	4026
1616	4301	297	4004
1617	4227	294	3933
1618	4159	294	3865
1619	4174	296	3878
1620	4128	292	3836
1621	4099	300	3799
1622	4070	303	3767
1623	4052	299	3753
1624	4035	303	3732
1625	4011	303	3708
1626	3988	309	3679
1627	3948	301	3647
1628	3858	303	3555
1629	3809	296	3513
1630	3851	294	3557
1631	3802	296	3506
1632	3744	302	3442
1633	3751	308	3443
1634	3752	299	3453
1635	3683	292	3391
1636	3623	300	3323
1637	3642	304	3338
1638	3635	300	3335
1639	3609	301	3308
1640	3603	306	3297
1641	3602	302	3300
1642	3568	299	3269
1643	3552	298	3254
1644	3549	297	3252
1645	3560	295	3265
1646	3511	300	3211
1647	3441	293	3148
1648	3451	300	3151
1649	3482	317	3165
1650	3458	301	3157
1651	3382	293	3089
1652	3343	293	3050
1653	3411	303	3108
1654	3433	298	3135
1655	3400	293	3107
1656	3394	299	3095
1657	3370	302	3068
1658	3325	300	3025
1659	3335	293	3042
1660	3325	299	3026
1661	3286	295	2991
1662	3276	290	2986
1663	3309	292	3017
1664	3313	306	3007
1665	3247	311	2936
1666	3251	299	2952
1667	3318	299	3019
1668	3316	301	3015
1669	3278	301	2977
1670	3237	294	2943
1671	3257	295	2962
1672	3235	293	2942
1673	3220	284	2936
1674	3188	293	2895
1675	3156	296	2860
1676	3175	296	2879
1677	3194	304	2890
1678	3230	303	2927
1679	3236	297	2939
1680	3241	298	2943
1681	3212	286	2926
1682	3259	288	2971
1683	3266	293	2973
1684	3245	289	2956
1685	3226	286	2940
1686	3234	281	2953
1687	3277	295	2982
1688	3295	300	2995
1689	3298	296	3002
1690	3279	296	2983
1691	3274	292	2982
1692	3284	285	2999
1693	3293	294	2999
1694	3312	313	2999
1695	3346	307	3039
1696	3322	300	3022
1697	3378	296	3082
1698	3349	295	3054
1699	3348	289	3059
1700	3460	289	3171
1701	3449	297	3152
1702	3413	299	3114
1703	3503	300	3203
1704	3509	299	3210
1705	3516	295	3221
1706	3549	290	3259
1707	3531	286	3245
1708	3561	288	3273
1709	3613	289	3324
1710	3648	288	3360
1711	3686	291	3395
1712	3676	298	3378
1713	3709	294	3415
1714	3778	289	3489
1715	3737	299	3438
1716	3756	298	3458
1717	3796	301	3495
1718	3818	293	3525
1719	3892	291	3601
1720	3911	289	3622
1721	3909	296	3613
1722	3925	296	3629
1723	4001	295	3706
1724	3982	292	3690
1725	4011	295	3716
1726	4027	303	3724
1727	4052	301	3751
1728	4093	288	3805
1729	4146	287	3859
1730	4146	294	3852
1731	4213	293	3920
1732	4220	295	3925
1733	4266	292	3974
1734	4319	294	4025
1735	4336	298	4038
1736	4388	286	4102
1737	4461	288	4173
1738	4465	298	4167
1739	4513	296	4217
1740	4549	290	4259
1741	4568	296	4272
1742	4566	300	4266
1743	4612	298	4314
1744	4557	295	4262
1745	4513	296	4217
1746	4525	290	4235
1747	4620	287	4333
1748	4622	301	4321
1749	4574	301	4273
1750	4617	301	4316
1751	4633	302	4331
1752	4600	298	4302
1753	4562	293	4269
1754	4508	293	4215
1755	4558	293	4265
1756	4635	294	4341
1757	4648	298	4350
1758	4707	300	4407
1759	4692	298	4394
1760	4600	308	4292
1761	4645	296	4349
1762	4736	298	4438
1763	4712	306	4406
1764	4727	302	4425
1765	4673	285	4388
1766	4520	289	4231
1767	4570	297	4273
1768	4579	301	4278
1769	4599	306	4293
1770	4552	307	4245
1771	4567	297	4270
1772	4590	292	4298
1773	4573	303	4270
1774	4593	299	4294
1775	4570	293	4277
1776	4550	299	4251
1777	4545	298	4247
1778	4452	307	4145
1779	4462	293	4169
1780	4476	292	4184
1781	4499	299	4200
1782	4438	295	4143
1783	4415	292	4123
1784	4335	295	4040
1785	4314	293	4021
1786	4317	297	4020
1787	4310	302	4008
1788	4286	291	3995
1789	4231	300	3931
1790	4206	306	3900
1791	4217	299	3918
1792	4141	300	3841
1793	4075	297	3778
1794	4088	307	3781
1795	4107	302	3805
1796	4160	296	3864
1797	4202	300	3902
1798	4150	307	3843
1799	4100	301	3799
1800	4014	297	3717
1801	3979	294	3685
1802	4032	298	3734
1803	3989	299	3690
1804	3950	298	3652
1805	4015	295	3720
1806	4018	291	3727
1807	3992	300	3692
1808	3950	304	3646
1809	3905	299	3606
1810	3793	305	3488
1811	3769	303	3466
1812	3697	286	3411
1813	3636	281	3355
1814	3635	298	3337
1815	3640	302	3338
1816	3645	311	3334
1817	3625	305	3320
1818	3570	299	3271
1819	3606	298	3308
1820	3632	288	3344
1821	3544	290	3254
1822	3532	293	3239
1823	3575	294	3281
1824	3497	311	3186
1825	3485	306	3179
1826	3459	304	3155
1827	3458	293	3165
1828	3452	288	3164
1829	3461	289	3172
1830	3469	291	3178
1831	3529	294	3235
1832	3474	299	3175
1833	3500	299	3201
1834	3518	299	3219
1835	3566	300	3266
1836	3546	294	3252
1837	3579	295	3284
1838	3624	293	3331
1839	3609	300	3309
1840	3541	311	3230
1841	3541	307	3234
1842	3516	298	3218
1843	3513	300	3213
1844	3520	302	3218
1845	3474	301	3173
1846	3482	302	3180
1847	3448	307	3141
1848	3429	302	3127
1849	3472	300	3172
1850	3502	296	3206
1851	3513	295	3218
1852	3513	289	3224
1853	3541	290	3251
1854	3496	295	3201
1855	3441	294	3147
1856	3422	297	3125
1857	3473	286	3187
1858	3454	296	3158
1859	3446	308	3138
1860	3405	299	3106
1861	3401	300	3101
1862	3447	306	3141
1863	3433	295	3138
1864	3397	292	3105
1865	3395	293	3102
1866	3445	293	3152
1867	3459	293	3166
1868	3406	294	3112
1869	3461	296	3165
1870	3512	296	3216
1871	3579	297	3282
1872	3630	294	3336
1873	3659	293	3366
1874	3554	294	3260
1875	3627	294	3333
1876	3699	295	3404
1877	3758	298	3460
1878	3717	290	3427
1879	3720	295	3425
1880	3732	305	3427
1881	3734	299	3435
1882	3782	291	3491
1883	3840	292	3548
1884	3792	299	3493
1885	3771	295	3476
1886	3774	300	3474
1887	3804	293	3511
1888	3795	290	3505
1889	3770	289	3481
1890	3795	295	3500
1891	3789	297	3492
1892	3765	299	3466
1893	3740	306	3434
1894	3745	299	3446
1895	3776	304	3472
1896	3799	304	3495
1897	3830	305	3525
1898	3898	301	3597
1899	3855	299	3556
1900	3846	291	3555
1901	3865	295	3570
1902	3880	300	3580
1903	3911	293	3618
1904	3917	299	3618
1905	3946	287	3659
1906	3977	289	3688
1907	4012	295	3717
1908	4006	289	3717
1909	3987	294	3693
1910	3974	298	3676
1911	3988	299	3689
1912	4002	297	3705
1913	4037	293	3744
1914	3975	291	3684
1915	4011	290	3721
1916	4094	295	3799
1917	4066	287	3779
1918	4076	292	3784
1919	4066	299	3767
1920	4160	286	3874
1921	4216	290	3926
1922	4178	299	3879
1923	4160	301	3859
1924	4120	297	3823
1925	4168	301	3867
1926	4261	299	3962
1927	4298	291	4007
1928	4284	295	3989
1929	4336	304	4032
1930	4353	303	4050
1931	4328	300	4028
1932	4284	295	3989
1933	4239	295	3944
1934	4234	307	3927
1935	4235	301	3934
1936	4246	298	3948
1937	4264	300	3964
1938	4188	301	3887
1939	4176	291	3885
1940	4164	284	3880
1941	4164	290	3874
1942	4196	299	3897
1943	4155	308	3847
1944	4162	308	3854
1945	4178	296	3882
1946	4152	293	3859
1947	4137	298	3839
1948	4171	289	3882
1949	4246	295	3951
1950	4255	305	3950
1951	4161	300	3861
1952	4202	297	3905
1953	4222	299	3923
1954	4160	303	3857
1955	4174	301	3873
1956	4106	295	3811
1957	4133	290	3843
1958	4162	294	3868
1959	4147	296	3851
1960	4177	286	3891
1961	4165	291	3874
1962	4132	299	3833
1963	4114	293	3821
1964	4060	294	3766
1965	3993	289	3704
1966	3981	292	3689
1967	4036	297	3739
1968	4000	300	3700
1969	3964	298	3666
1970	3969	294	3675
1971	3961	293	3668
1972	3951	287	3664
1973	3894	286	3608
1974	3848	291	3557
1975	3938	306	3632
1976	3928	303	3625
1977	3921	291	3630
1978	3945	296	3649
1979	3906	304	3602
1980	3877	308	3569
1981	3860	303	3557
1982	3899	298	3601
1983	3814	293	3521
1984	3760	285	3475
1985	3765	291	3474
1986	3765	304	3461
1987	3816	304	3512
1988	3818	296	3522
1989	3757	299	3458
1990	3743	299	3444
1991	3722	300	3422
1992	3616	298	3318
1993	3530	289	3241
1994	3526	298	3228
1995	3549	298	3251
1996	3503	299	3204
1997	3506	293	3213
1998	3476	287	3189
1999	3419	292	3127
2000	3400	292	3108
2001	3392	302	3090
2002	3375	306	3069
2003	3336	297	3039
2004	3271	295	2976
2005	3193	300	2893
2006	3220	295	2925
2007	3281	288	2993
2008	3249	294	2955
2009	3220	297	2923
2010	3204	300	2904
2011	3170	300	2870
2012	3107	295	2812
2013	3148	297	2851
2014	3125	305	2820
2015	3113	306	2807
2016	3169	302	2867
2017	3157	293	2864
2018	3136	301	2835
2019	3090	299	2791
2020	3074	283	2791
2021	3021	286	2735
2022	3004	290	2714
2023	3042	287	2755
2024	3089	292	2797
2025	3073	305	2768
2026	3045	295	2750
2027	3053	291	2762
2028	3032	294	2738
2029	3035	298	2737
2030	3039	298	2741
2031	3089	292	2797
2032	3072	290	2782
2033	3041	289	2752
2034	3062	303	2759
2035	3047	297	2750
2036	3067	297	2770
2037	3071	296	2775
2038	3103	303	2800
2039	3072	300	2772
2040	3109	287	2822
2041	3123	293	2830
2042	3122	290	2832
2043	3157	289	2868
2044	3156	300	2856
2045	3168	299	2869
2046	3167	296	2871
2047	3243	294	2949
2048	3271	291	2980
2049	3268	296	2972
2050	3285	296	2989
2051	3216	297	2919
2052	3173	297	2876
2053	3213	294	2919
2054	3225	296	2929
2055	3222	293	2929
2056	3176	294	2882
2057	3178	299	2879
2058	3229	294	2935
2059	3221	298	2923
2060	3212	299	2913
2061	3201	291	2910
2062	3207	295	2912
2063	3195	293	2902
2064	3189	300	2889
2065	3161	302	2859
2066	3132	299	2833
2067	3130	294	2836
2068	3144	298	2846
2069	3219	306	2913
2070	3241	300	2941
2071	3190	293	2897
2072	3125	296	2829
2073	3157	292	2865
2074	3165	290	2875
2075	3151	288	2863
2076	3130	293	2837
2077	3109	296	2813
2078	3049	297	2752
2079	3080	304	2776
2080	3070	301	2769
2081	3029	296	2733
2082	3066	299	2767
2083	3069	288	2781
2084	3035	285	2750
2085	3050	281	2769
2086	3076	293	2783
2087	3129	293	2836
2088	3170	291	2879
2089	3203	289	2914
2090	3190	293	2897
2091	3168	303	2865
2092	3127	301	2826
2093	3135	298	2837
2094	3135	293	2842
2095	3137	293	2844
2096	3138	299	2839
2097	3124	295	2829
2098	3120	298	2822
2099	3168	293	2875
2100	3167	294	2873
2101	3136	300	2836
2102	3203	293	2910
2103	3233	291	2942
2104	3265	299	2966
2105	3363	297	3066
2106	3361	296	3065
2107	3306	295	3011
2108	3305	298	3007
2109	3402	311	3091
2110	3437	307	3130
2111	3418	301	3117
2112	3439	293	3146
2113	3430	282	3148
2114	3401	291	3110
2115	3399	300	3099
2116	3386	295	3091
2117	3447	290	3157
2118	3457	290	3167
2119	3424	289	3135
2120	3381	294	3087
2121	3321	295	3026
2122	3372	304	3068
2123	3402	306	3096
2124	3361	302	3059
2125	3368	296	3072
2126	3341	296	3045
2127	3313	298	3015
2128	3332	292	3040
2129	3337	292	3045
2130	3301	283	3018
2131	3349	289	3060
2132	3409	296	3113
2133	3498	296	3202
2134	3568	290	3278
2135	3560	290	3270
2136	3523	292	3231
2137	3516	293	3223
2138	3573	303	3270
2139	3561	295	3266
2140	3533	293	3240
2141	3475	299	3176
2142	3522	298	3224
2143	3608	292	3316
2144	3584	293	3291
2145	3583	296	3287
2146	3568	295	3273
2147	3606	294	3312
2148	3650	293	3357
2149	3672	296	3376
2150	3597	292	3305
2151	3596	295	3301
2152	3647	296	3351
2153	3707	293	3414
2154	3778	300	3478
2155	3805	296	3509
2156	3796	296	3500
2157	3731	298	3433
2158	3793	291	3502
2159	3822	290	3532
2160	3766	305	3461
2161	3734	299	3435
2162	3749	298	3451
2163	3787	295	3492
2164	3730	291	3439
2165	3742	300	3442
2166	3785	297	3488
2167	3836	294	3542
2168	3863	306	3557
2169	3891	304	3587
2170	3854	298	3556
2171	3851	295	3556
2172	3860	292	3568
2173	3863	286	3577
2174	3853	295	3558
2175	3861	295	3566
2176	3841	294	3547
2177	3845	296	3549
2178	3841	295	3546
2179	3810	289	3521
2180	3760	288	3472
2181	3789	290	3499
2182	3807	293	3514
2183	3806	291	3515
2184	3790	298	3492
2185	3807	294	3513
2186	3800	296	3504
2187	3828	296	3532
2188	3872	295	3577
2189	3977	295	3682
2190	4050	299	3751
2191	4036	298	3738
2192	4034	305	3729
2193	4044	304	3740
2194	4037	295	3742
2195	4079	296	3783
2196	3984	300	3684
2197	3950	292	3658
2198	3978	294	3684
2199	3931	298	3633
2200	3940	301	3639
2201	3954	298	3656
2202	3929	292	3637
2203	3948	291	3657
2204	3970	302	3668
2205	3941	306	3635
2206	3953	305	3648
2207	4023	298	3725
2208	4004	300	3704
2209	3926	297	3629
2210	3948	299	3649
2211	4009	297	3712
2212	3900	290	3610
2213	3849	294	3555
2214	3913	304	3609
2215	3944	292	3652
2216	3908	293	3615
2217	3849	300	3549
2218	3840	295	3545
2219	3782	289	3493
2220	3785	292	3493
2221	3780	294	3486
2222	3774	304	3470
2223	3762	300	3462
2224	3803	301	3502
2225	3777	295	3482
2226	3750	287	3463
2227	3795	293	3502
2228	3778	303	3475
2229	3707	301	3406
2230	3670	293	3377
2231	3683	296	3387
2232	3715	291	3424
2233	3695	297	3398
2234	3653	297	3356
2235	3670	298	3372
2236	3647	293	3354
2237	3539	291	3248
2238	3559	295	3264
2239	3528	291	3237
2240	3479	295	3184
2241	3488	295	3193
2242	3480	295	3185
2243	3417	300	3117
2244	3398	295	3103
2245	3378	293	3085
2246	3419	298	3121
2247	3423	300	3123
2248	3429	299	3130
2249	3402	297	3105
2250	3329	302	3027
2251	3316	299	3017
2252	3352	295	3057
2253	3317	287	3030
2254	3273	295	2978
2255	3320	299	3021
2256	3307	288	3019
2257	3296	286	3010
2258	3280	291	2989
2259	3269	293	2976
2260	3258	298	2960
2261	3232	296	2936
2262	3203	297	2906
2263	3215	291	2924
2264	3191	298	2893
2265	3192	299	2893
2266	3172	296	2876
2267	3156	301	2855
2268	3179	305	2874
2269	3186	297	2889
2270	3167	298	2869
2271	3099	292	2807
2272	3122	296	2826
2273	3176	295	2881
2274	3158	305	2853
2275	3137	314	2823
2276	3077	301	2776
2277	3023	298	2725
2278	3032	299	2733
2279	3035	296	2739
2280	3040	299	2741
2281	3085	301	2784
2282	3028	303	2725
2283	3035	294	2741
2284	3042	304	2738
2285	2976	297	2679
2286	2961	301	2660
2287	2925	303	2622
2288	2924	291	2633
2289	2957	296	2661
2290	2952	307	2645
2291	2980	299	2681
2292	2963	294	2669
2293	2961	301	2660
2294	2968	300	2668
2295	2972	293	2679
2296	2901	294	2607
2297	2894	295	2599
2298	2929	293	2636
2299	2972	305	2667
2300	2930	303	2627
2301	2872	301	2571
2302	2850	300	2550
2303	2852	302	2550
2304	2871	302	2569
2305	2853	301	2552
2306	2893	298	2595
2307	2925	298	2627
2308	2875	300	2575
2309	2866	292	2574
2310	2882	286	2596
2311	2902	295	2607
2312	2926	298	2628
2313	2920	308	2612
2314	2924	310	2614
2315	2930	297	2633
2316	2942	295	2647
2317	3006	294	2712
2318	2998	294	2704
2319	2911	296	2615
2320	2978	300	2678
2321	2979	297	2682
2322	2919	299	2620
2323	2938	296	2642
2324	2950	302	2648
2325	2956	297	2659
2326	2932	297	2635
2327	2925	305	2620
2328	2908	312	2596
2329	2950	299	2651
2330	2941	289	2652
2331	2987	306	2681
2332	2924	295	2629
2333	2968	298	2670
2334	2961	296	2665
2335	2979	294	2685
2336	2956	290	2666
2337	2964	300	2664
2338	2959	299	2660
2339	2962	295	2667
2340	2980	305	2675
2341	2961	305	2656
2342	2908	304	2604
2343	2890	301	2589
2344	2881	292	2589
2345	2897	290	2607
2346	2927	295	2632
2347	2942	295	2647
2348	2943	291	2652
2349	2904	297	2607
2350	2876	303	2573
2351	2902	301	2601
2352	2896	296	2600
2353	2946	292	2654
2354	2999	290	2709
2355	3017	284	2733
2356	2972	288	2684
2357	2964	286	2678
2358	3018	296	2722
2359	2992	295	2697
2360	3032	296	2736
2361	3071	289	2782
2362	3032	300	2732
2363	3099	296	2803
2364	3117	305	2812
2365	3120	303	2817
2366	3154	292	2862
2367	3215	293	2922
2368	3211	293	2918
2369	3233	295	2938
2370	3244	293	2951
2371	3277	290	2987
2372	3279	289	2990
2373	3241	290	2951
2374	3228	299	2929
2375	3275	300	2975
2376	3279	297	2982
2377	3238	290	2948
2378	3246	288	2958
2379	3302	294	3008
2380	3264	306	2958
2381	3222	302	2920
2382	3255	296	2959
2383	3260	287	2973
2384	3214	295	2919
2385	3214	302	2912
2386	3250	306	2944
2387	3297	298	2999
2388	3320	301	3019
2389	3291	295	2996
2390	3286	300	2986
2391	3280	295	2985
2392	3262	289	2973
2393	3251	293	2958
2394	3263	290	2973
2395	3277	293	2984
2396	3250	296	2954
2397	3248	298	2950
2398	3242	298	2944
2399	3285	296	2989
2400	3292	290	3002
2401	3264	296	2968
2402	3207	295	2912
2403	3119	281	2838
2404	3196	289	2907
2405	3215	296	2919
2406	3178	298	2880
2407	3168	296	2872
2408	3201	299	2902
2409	3176	297	2879
2410	3170	295	2875
2411	3170	298	2872
2412	3146	300	2846
2413	3146	296	2850
2414	3121	296	2825
2415	3134	295	2839
2416	3135	304	2831
2417	3149	298	2851
2418	3139	303	2836
2419	3120	307	2813
2420	3122	298	2824
2421	3123	294	2829
2422	3176	293	2883
2423	3095	297	2798
2424	3091	293	2798
2425	3165	293	2872
2426	3155	302	2853
2427	3100	296	2804
2428	3078	293	2785
2429	3095	291	2804
2430	3130	298	2832
2431	3106	297	2809
2432	3048	300	2748
2433	3060	294	2766
2434	3093	296	2797
2435	3122	290	2832
2436	3116	287	2829
2437	3152	295	2857
2438	3145	295	2850
2439	3169	303	2866
2440	3174	294	2880
2441	3155	283	2872
2442	3145	291	2854
2443	3137	293	2844
2444	3147	291	2856
2445	3104	288	2816
2446	3118	290	2828
2447	3106	301	2805
2448	3111	303	2808
2449	3145	298	2847
2450	3144	302	2842
2451	3125	292	2833
2452	3078	295	2783
2453	3091	291	2800
2454	3076	290	2786
2455	3108	304	2804
2456	3080	296	2784
2457	3026	289	2737
2458	3020	294	2726
2459	3082	290	2792
2460	3044	292	2752
2461	3035	285	2750
2462	3061	290	2771
2463	3036	285	2751
2464	3103	295	2808
2465	3058	294	2764
2466	3003	286	2717
2467	2999	292	2707
2468	2991	283	2708
2469	3006	304	2702
2470	2994	296	2698
2471	3026	292	2734
2472	2985	301	2684
2473	3022	296	2726
2474	3024	301	2723
2475	2996	303	2693
2476	3008	296	2712
2477	3049	291	2758
2478	3074	290	2784
2479	3018	292	2726
2480	2990	300	2690
2481	3055	298	2757
2482	3055	299	2756
2483	2989	309	2680
2484	2927	297	2630
2485	2951	295	2656
2486	2951	298	2653
2487	2969	298	2671
2488	2927	293	2634
2489	2966	286	2680
2490	2969	291	2678
2491	2966	285	2681
2492	2980	295	2685
2493	2955	297	2658
2494	2944	291	2653
2495	2937	297	2640
2496	2950	302	2648
2497	2936	304	2632
2498	2944	301	2643
2499	2922	295	2627
2500	2921	303	2618
2501	2930	307	2623
2502	2937	299	2638
2503	2948	298	2650
2504	2926	296	2630
2505	2927	292	2635
2506	2882	294	2588
2507	2857	284	2573
2508	2927	288	2639
2509	2954	295	2659
2510	2912	282	2630
2511	2921	289	2632
2512	2890	303	2587
2513	2890	302	2588
2514	2890	299	2591
2515	2912	299	2613
2516	2981	296	2685
2517	3154	291	2863
2518	3449	296	3153
2519	3767	298	3469
2520	4096	301	3795
2521	4279	302	3977
2522	4233	296	3937
2523	4030	292	3738
2524	3788	292	3496
2525	3710	286	3424
2526	3661	293	3368
2527	3661	299	3362
2528	3584	298	3286
2529	3547	294	3253
2530	3527	298	3229
2531	3559	299	3260
2532	3549	301	3248
2533	3553	301	3252
2534	3538	299	3239
2535	3540	291	3249
2536	3499	290	3209
2537	3430	301	3129
2538	3379	292	3087
2539	3323	293	3030
2540	3256	298	2958
2541	3239	293	2946
2542	3266	294	2972
2543	3259	301	2958
2544	3264	304	2960
2545	3236	303	2933
2546	3198	295	2903
2547	3183	291	2892
2548	3161	290	2871
2549	3130	289	2841
2550	3012	296	2716
2551	3037	288	2749
2552	3064	289	2775
2553	3017	300	2717
2554	3010	305	2705
2555	2962	300	2662
2556	2892	305	2587
2557	2868	292	2576
2558	2808	289	2519
2559	2842	298	2544
2560	2819	299	2520
2561	2785	293	2492
2562	2736	300	2436
2563	2677	301	2376
2564	2639	294	2345
2565	2662	296	2366
2566	2652	294	2358
2567	2642	295	2347
2568	2668	305	2363
2569	2614	306	2308
2570	2584	300	2284
2571	2638	294	2344
2572	2608	294	2314
2573	2561	290	2271
2574	2534	299	2235
2575	2545	301	2244
2576	2518	301	2217
2577	2502	286	2216
2578	2488	284	2204
2579	2484	301	2183
2580	2419	303	2116
2581	2392	297	2095
2582	2385	298	2087
2583	2429	292	2137
2584	2401	293	2108
2585	2399	301	2098
2586	2360	301	2059
2587	2302	292	2010
2588	2335	296	2039
2589	2343	299	2044
2590	2302	296	2006
2591	2326	290	2036
2592	2302	290	2012
2593	2242	303	1939
2594	2242	302	1940
2595	2274	294	1980
2596	2258	289	1969
2597	2248	284	1964
2598	2222	292	1930
2599	2261	297	1964
2600	2285	307	1978
2601	2238	301	1937
2602	2228	283	1945
2603	2242	288	1954
2604	2202	293	1909
2605	2223	293	1930
2606	2180	302	1878
2607	2163	301	1862
2608	2136	293	1843
2609	2145	297	1848
2610	2182	291	1891
2611	2161	288	1873
2612	2167	301	1866
2613	2208	306	1902
2614	2177	302	1875
2615	2208	296	1912
2616	2193	302	1891
2617	2189	304	1885
2618	2196	297	1899
2619	2190	292	1898
2620	2187	295	1892
2621	2210	306	1904
2622	2209	305	1904
2623	2198	298	1900
2624	2187	292	1895
2625	2218	295	1923
2626	2207	296	1911
2627	2167	299	1868
2628	2122	305	1817
2629	2139	298	1841
2630	2152	296	1856
2631	2178	308	1870
2632	2156	295	1861
2633	2106	291	1815
2634	2125	293	1832
2635	2160	290	1870
2636	2176	292	1884
2637	2190	285	1905
2638	2199	291	1908
2639	2218	287	1931
2640	2203	291	1912
2641	2179	298	1881
2642	2196	291	1905
2643	2182	294	1888
2644	2185	297	1888
2645	2184	291	1893
2646	2187	296	1891
2647	2173	296	1877
2648	2187	296	1891
2649	2239	299	1940
2650	2276	300	1976
2651	2279	293	1986
2652	2240	297	1943
2653	2218	296	1922
2654	2198	302	1896
2655	2239	303	1936
2656	2265	293	1972
2657	2190	294	1896
2658	2190	302	1888
2659	2246	304	1942
2660	2256	295	1961
2661	2211	290	1921
2662	2218	293	1925
2663	2269	288	1981
2664	2239	293	1946
2665	2230	288	1942
2666	2276	292	1984
2667	2284	294	1990
2668	2266	302	1964
2669	2260	305	1955
2670	2228	305	1923
2671	2246	296	1950
2672	2254	290	1964
2673	2266	292	1974
2674	2261	291	1970
2675	2270	299	1971
2676	2300	307	1993
2677	2288	297	1991
2678	2233	292	1941
2679	2230	302	1928
2680	2200	302	1898
2681	2217	294	1923
2682	2249	291	1958
2683	2234	301	1933
2684	2253	308	1945
2685	2294	298	1996
2686	2261	290	1971
2687	2272	293	1979
2688	2278	300	1978
2689	2255	297	1958
2690	2239	292	1947
2691	2238	297	1941
2692	2234	295	1939
2693	2245	287	1958
2694	2259	293	1966
2695	2259	297	1962
2696	2204	303	1901
2697	2169	297	1872
2698	2194	300	1894
2699	2239	291	1948
2700	2238	292	1946
2701	2245	296	1949
2702	2219	297	1922
2703	2205	290	1915
2704	2207	286	1921
2705	2241	296	1945
2706	2212	298	1914
2707	2214	294	1920
2708	2191	302	1889
2709	2202	297	1905
2710	2152	298	1854
2711	2158	301	1857
2712	2194	304	1890
2713	2200	298	1902
2714	2193	301	1892
2715	2180	297	1883
2716	2162	294	1868
2717	2176	291	1885
2718	2186	295	1891
2719	2148	297	1851
2720	2135	295	1840
2721	2172	288	1884
2722	2141	298	1843
2723	2123	301	1822
2724	2142	294	1848
2725	2138	291	1847
2726	2095	294	1801
2727	2093	290	1803
2728	2112	284	1828
2729	2142	288	1854
2730	2139	283	1856
2731	2105	296	1809
2732	2113	292	1821
2733	2135	296	1839
2734	2105	297	1808
2735	2119	298	1821
2736	2142	298	1844
2737	2162	294	1868
2738	2115	295	1820
2739	2101	302	1799
2740	2087	307	1780
2741	2090	302	1788
2742	2101	296	1805
2743	2102	286	1816
2744	2078	284	1794
2745	2086	294	1792
2746	2065	294	1771
2747	2042	297	1745
2748	2070	293	1777
2749	2071	287	1784
2750	2022	298	1724
2751	2038	300	1738
2752	2071	299	1772
2753	2069	293	1776
2754	2065	295	1770
2755	2044	291	1753
2756	2040	295	1745
2757	2062	290	1772
2758	2054	299	1755
2759	2075	297	1778
2760	2056	292	1764
2761	2030	285	1745
2762	1987	289	1698
2763	2029	294	1735
2764	1989	292	1697
2765	2007	290	1717
2766	1953	293	1660
2767	1986	300	1686
2768	2000	294	1706
2769	1981	294	1687
2770	1984	296	1688
2771	2003	294	1709
2772	1996	290	1706
2773	1959	288	1671
2774	1970	293	1677
2775	2032	298	1734
2776	2008	301	1707
2777	1994	301	1693
2778	1960	296	1664
2779	1940	301	1639
2780	1940	303	1637
2781	1924	299	1625
2782	1878	298	1580
2783	1871	291	1580
2784	1880	293	1587
2785	1897	291	1606
2786	1902	299	1603
2787	1916	297	1619
2788	1887	301	1586
2789	1924	294	1630
2790	1924	280	1644
2791	1896	287	1609
2792	1837	300	1537
2793	1849	297	1552
2794	1845	302	1543
2795	1808	306	1502
2796	1823	304	1519
2797	1868	289	1579
2798	1880	290	1590
2799	1855	294	1561
2800	1828	300	1528
2801	1843	290	1553
2802	1856	288	1568
2803	1859	301	1558
2804	1825	306	1519
2805	1790	297	1493
2806	1792	298	1494
2807	1808	296	1512
2808	1799	292	1507
2809	1797	282	1515
2810	1827	293	1534
2811	1829	297	1532
2812	1813	297	1516
2813	1763	294	1469
2814	1721	293	1428
2815	1737	306	1431
2816	1746	301	1445
2817	1727	301	1426
2818	1738	306	1432
2819	1729	298	1431
2820	1701	302	1399
2821	1711	305	1406
2822	1678	300	1378
2823	1700	301	1399
2824	1712	297	1415
2825	1728	295	1433
2826	1678	300	1378
2827	1639	296	1343
2828	1664	301	1363
2829	1655	299	1356
2830	1656	296	1360
2831	1676	288	1388
2832	1649	287	1362
2833	1616	291	1325
2834	1640	290	1350
2835	1633	282	1351
2836	1608	290	1318
2837	1640	302	1338
2838	1641	293	1348
2839	1619	293	1326
2840	1615	294	1321
2841	1636	289	1347
2842	1633	296	1337
2843	1619	293	1326
2844	1601	293	1308
2845	1686	297	1389
2846	1659	288	1371
2847	1648	285	1363
2848	1590	293	1297
2849	1593	306	1287
2850	1609	299	1310
2851	1584	292	1292
2852	1614	292	1322
2853	1605	292	1313
2854	1592	291	1301
2855	1618	289	1329
2856	1624	301	1323
2857	1556	301	1255
2858	1564	296	1268
2859	1575	297	1278
2860	1552	289	1263
2861	1537	290	1247
2862	1545	290	1255
2863	1518	290	1228
2864	1515	289	1226
2865	1512	292	1220
2866	1516	306	1210
2867	1524	303	1221
2868	1515	301	1214
2869	1507	292	1215
2870	1478	297	1181
2871	1490	299	1191
2872	1483	293	1190
2873	1447	301	1146
2874	1458	286	1172
2875	1457	291	1166
2876	1447	300	1147
2877	1467	297	1170
2878	1496	288	1208
2879	1497	294	1203
2880	1463	295	1168
2881	1479	296	1183
2882	1499	295	1204
2883	1469	293	1176
2884	1484	295	1189
2885	1485	291	1194
2886	1459	289	1170
2887	1498	301	1197
2888	1486	298	1188
2889	1489	300	1189
2890	1510	291	1219
2891	1471	286	1185
2892	1435	299	1136
2893	1479	300	1179
2894	1474	292	1182
2895	1434	294	1140
2896	1433	295	1138
2897	1447	296	1151
2898	1451	294	1157
2899	1429	293	1136
2900	1422	296	1126
2901	1453	290	1163
2902	1457	291	1166
2903	1454	285	1169
2904	1399	286	1113
2905	1350	291	1059
2906	1388	294	1094
2907	1408	301	1107
2908	1394	304	1090
2909	1422	292	1130
2910	1404	289	1115
2911	1446	292	1154
2912	1458	299	1159
2913	1437	300	1137
2914	1418	295	1123
2915	1423	291	1132
2916	1443	298	1145
2917	1434	291	1143
2918	1409	286	1123
2919	1423	292	1131
2920	1407	298	1109
2921	1411	304	1107
2922	1391	302	1089
2923	1385	291	1094
2924	1384	291	1093
2925	1400	294	1106
2926	1381	300	1081
2927	1402	295	1107
2928	1424	294	1130
2929	1409	296	1113
2930	1422	289	1133
2931	1430	299	1131
2932	1400	305	1095
2933	1367	304	1063
2934	1385	299	1086
2935	1395	293	1102
2936	1378	292	1086
2937	1381	298	1083
2938	1373	293	1080
2939	1363	297	1066
2940	1390	298	1092
2941	1414	302	1112
2942	1398	304	1094
2943	1404	304	1100
2944	1403	298	1105
2945	1374	300	1074
2946	1354	294	1060
2947	1351	294	1057
2948	1341	304	1037
2949	1376	301	1075
2950	1384	298	1086
2951	1369	290	1079
2952	1396	291	1105
2953	1420	286	1134
2954	1390	297	1093
2955	1362	299	1063
2956	1378	302	1076
2957	1395	295	1100
2958	1401	289	1112
2959	1442	289	1153
2960	1392	301	1091
2961	1400	297	1103
2962	1430	293	1137
2963	1418	285	1133
2964	1392	295	1097
2965	1400	309	1091
2966	1405	301	1104
2967	1387	298	1089
2968	1409	297	1112
2969	1401	295	1106
2970	1389	293	1096
2971	1385	298	1087
2972	1396	302	1094
2973	1422	301	1121
2974	1422	297	1125
2975	1380	299	1081
2976	1343	297	1046
2977	1347	287	1060
2978	1394	292	1102
2979	1396	294	1102
2980	1370	301	1069
2981	1392	300	1092
2982	1412	297	1115
2983	1376	296	1080
2984	1368	292	1076
2985	1370	296	1074
2986	1354	299	1055
2987	1357	300	1057
2988	1385	290	1095
2989	1403	298	1105
2990	1389	297	1092
2991	1413	293	1120
2992	1422	300	1122
2993	1383	296	1087
2994	1407	293	1114
2995	1423	293	1130
2996	1419	297	1122
2997	1410	294	1116
2998	1412	291	1121
2999	1439	286	1153
3000	1446	286	1160
3001	1425	287	1138
3002	1397	292	1105
3003	1402	307	1095
3004	1386	298	1088
3005	1393	294	1099
3006	1424	303	1121
3007	1419	300	1119
3008	1404	295	1109
3009	1392	294	1098
3010	1373	304	1069
3011	1394	298	1096
3012	1393	289	1104
3013	1396	287	1109
3014	1376	301	1075
3015	1368	306	1062
3016	1396	306	1090
3017	1381	298	1083
3018	1362	295	1067
3019	1372	296	1076
3020	1364	296	1068
3021	1354	297	1057
3022	1368	289	1079
3023	1403	288	1115
3024	1352	288	1064
3025	1358	294	1064
3026	1396	295	1101
3027	1406	288	1118
3028	1416	296	1120
3029	1391	299	1092
3030	1391	298	1093
3031	1388	295	1093
3032	1398	287	1111
3033	1427	298	1129
3034	1393	304	1089
3035	1382	292	1090
3036	1387	284	1103
3037	1372	295	1077
3038	1362	295	1067
3039	1393	296	1097
3040	1374	294	1080
3041	1365	295	1070
3042	1390	282	1108
3043	1389	290	1099
3044	1355	291	1064
3045	1376	304	1072
3046	1373	307	1066
3047	1351	296	1055
3048	1381	291	1090
3049	1386	296	1090
3050	1377	295	1082
3051	1370	291	1079
3052	1372	295	1077
3053	1405	302	1103
3054	1359	300	1059
3055	1356	290	1066
3056	1399	295	1104
3057	1413	298	1115
3058	1376	291	1085
3059	1377	286	1091
3060	1382	291	1091
3061	1387	296	1091
3062	1374	298	1076
3063	1391	291	1100
3064	1381	288	1093
3065	1357	288	1069
3066	1365	287	1078
3067	1397	302	1095
3068	1386	300	1086
3069	1376	293	1083
3070	1363	301	1062
3071	1362	292	1070
3072	1355	289	1066
3073	1366	292	1074
3074	1387	287	1100
3075	1359	294	1065
3076	1369	295	1074
3077	1390	286	1104
3078	1396	288	1108
3079	1384	289	1095
3080	1374	281	1093
3081	1354	290	1064
3082	1362	296	1066
3083	1316	293	1023
3084	1318	285	1033
3085	1379	295	1084
3086	1379	300	1079
3087	1386	295	1091
3088	1397	291	1106
3089	1391	286	1105
3090	1387	295	1092
3091	1408	297	1111
3092	1402	297	1105
3093	1414	303	1111
3094	1402	292	1110
3095	1446	290	1156
3096	1452	288	1164
3097	1435	287	1148
3098	1420	286	1134
3099	1397	304	1093
3100	1391	308	1083
3101	1435	299	1136
3102	1454	300	1154
3103	1434	296	1138
3104	1413	286	1127
3105	1390	290	1100
3106	1427	303	1124
3107	1417	301	1116
3108	1421	296	1125
3109	1453	292	1161
3110	1461	297	1164
3111	1446	293	1153
3112	1421	287	1134
3113	1415	282	1133
3114	1441	292	1149
3115	1440	293	1147
3116	1460	290	1170
3117	1473	292	1181
3118	1414	291	1123
3119	1442	297	1145
3120	1498	295	1203
3121	1469	285	1184
3122	1499	292	1207
3123	1504	297	1207
3124	1490	299	1191
3125	1474	294	1180
3126	1449	291	1158
3127	1479	288	1191
3128	1490	294	1196
3129	1449	297	1152
3130	1457	294	1163
3131	1479	296	1183
3132	1486	290	1196
3133	1485	285	1200
3134	1473	288	1185
3135	1443	292	1151
3136	1412	297	1115
3137	1448	295	1153
3138	1496	294	1202
3139	1513	296	1217
3140	1506	296	1210
3141	1499	294	1205
3142	1473	295	1178
3143	1446	292	1154
3144	1504	285	1219
3145	1536	294	1242
3146	1523	309	1214
3147	1582	306	1276
3148	1569	302	1267
3149	1573	295	1278
3150	1597	292	1305
3151	1609	297	1312
3152	1604	287	1317
3153	1576	298	1278
3154	1616	297	1319
3155	1649	284	1365
3156	1689	287	1402
3157	1661	288	1373
3158	1597	296	1301
3159	1667	301	1366
3160	1711	293	1418
3161	1708	285	1423
3162	1736	294	1442
3163	1779	290	1489
3164	1811	293	1518
3165	1874	298	1576
3166	1871	301	1570
3167	1896	302	1594
3168	1864	291	1573
3169	1894	294	1600
3170	1969	296	1673
3171	2022	294	1728
3172	2029	298	1731
3173	2038	298	1740
3174	2072	292	1780
3175	2117	300	1817
3176	2099	297	1802
3177	2140	297	1843
3178	2222	305	1917
3179	2267	302	1965
3180	2258	291	1967
3181	2303	297	2006
3182	2328	298	2030
3183	2314	292	2022
3184	2351	302	2049
3185	2449	295	2154
3186	2432	287	2145
3187	2449	294	2155
3188	2508	297	2211
3189	2518	293	2225
3190	2487	290	2197
3191	2535	295	2240
3192	2523	289	2234
3193	2516	291	2225
3194	2486	304	2182
3195	2515	293	2222
3196	2578	289	2289
3197	2593	298	2295
3198	2641	290	2351
3199	2701	294	2407
3200	2792	297	2495
3201	2847	289	2558
3202	2867	289	2578
3203	2897	306	2591
3204	2898	306	2592
3205	2946	298	2648
3206	2913	300	2613
3207	2960	298	2662
3208	3043	302	2741
3209	3117	309	2808
3210	3058	303	2755
3211	3095	298	2797
3212	3121	302	2819
3213	3163	300	2863
3214	3214	304	2910
3215	3209	299	2910
3216	3258	304	2954
3217	3276	303	2973
3218	3210	290	2920
3219	3167	299	2868
3220	3190	302	2888
3221	3231	298	2933
3222	3259	301	2958
3223	3229	303	2926
3224	3269	297	2972
3225	3341	280	3061
3226	3377	285	3092
3227	3339	303	3036
3228	3344	304	3040
3229	3456	292	3164
3230	3505	292	3213
3231	3473	302	3171
3232	3474	304	3170
3233	3513	296	3217
3234	3525	291	3234
3235	3633	292	3341
3236	3692	294	3398
3237	3771	294	3477
3238	3847	292	3555
3239	3878	300	3578
3240	3877	296	3581
3241	3855	298	3557
3242	3841	305	3536
3243	3838	297	3541
3244	3790	281	3509
3245	3756	280	3476
3246	3765	294	3471
3247	3775	302	3473
3248	3757	304	3453
3249	3779	294	3485
3250	3701	292	3409
3251	3625	300	3325
3252	3664	294	3370
3253	3791	290	3501
3254	3763	292	3471
3255	3736	297	3439
3256	3724	298	3426
3257	3743	292	3451
3258	3730	293	3437
3259	3706	299	3407
3260	3729	303	3426
3261	3743	297	3446
3262	3725	298	3427
3263	3698	294	3404
3264	3727	292	3435
3265	3788	294	3494
3266	3875	290	3585
3267	3959	298	3661
3268	4079	296	3783
3269	4170	305	3865
3270	4209	301	3908
3271	4179	292	3887
3272	4215	284	3931
3273	4215	294	3921
3274	4212	300	3912
3275	4160	292	3868
3276	4133	301	3832
3277	4162	304	3858
3278	4165	300	3865
3279	4157	301	3856
3280	4070	293	3777
3281	3992	290	3702
3282	3992	295	3697
3283	3959	302	3657
3284	3931	298	3633
3285	3899	294	3605
3286	3851	300	3551
3287	3774	295	3479
3288	3671	297	3374
3289	3658	293	3365
3290	3619	294	3325
3291	3621	298	3323
3292	3670	301	3369
3293	3647	294	3353
3294	3627	289	3338
3295	3689	291	3398
3296	3679	292	3387
3297	3731	300	3431
3298	3680	303	3377
3299	3675	298	3377
3300	3711	297	3414
3301	3714	299	3415
3302	3729	295	3434
3303	3764	292	3472
3304	3731	293	3438
3305	3706	282	3424
3306	3693	281	3412
3307	3669	296	3373
3308	3655	302	3353
3309	3599	305	3294
3310	3529	305	3224
3311	3473	300	3173
3312	3465	288	3177
3313	3381	283	3098
3314	3354	294	3060
3315	3379	295	3084
3316	3410	297	3113
3317	3440	295	3145
3318	3407	281	3126
3319	3370	279	3091
3320	3323	298	3025
3321	3326	295	3031
3322	3347	281	3066
3323	3417	291	3126
3324	3359	289	3070
3325	3313	297	3016
3326	3286	302	2984
3327	3323	299	3024
3328	3371	298	3073
3329	3349	302	3047
3330	3285	305	2980
3331	3244	300	2944
3332	3243	300	2943
3333	3238	298	2940
3334	3180	290	2890
3335	3181	290	2891
3336	3072	299	2773
3337	2994	294	2700
3338	2948	283	2665
3339	2966	286	2680
3340	2920	282	2638
3341	2846	288	2558
3342	2798	308	2490
3343	2832	303	2529
3344	2780	297	2483
3345	2808	294	2514
3346	2797	294	2503
3347	2768	288	2480
3348	2747	287	2460
3349	2713	287	2426
3350	2634	300	2334
3351	2619	301	2318
3352	2622	296	2326
3353	2561	295	2266
3354	2491	294	2197
3355	2475	289	2186
3356	2429	301	2128
3357	2450	293	2157
3358	2459	300	2159
3359	2424	295	2129
3360	2399	290	2109
3361	2408	295	2113
3362	2401	300	2101
3363	2398	298	2100
3364	2311	290	2021
3365	2280	282	1998
3366	2289	292	1997
3367	2276	301	1975
3368	2335	293	2042
3369	2386	282	2104
3370	2373	303	2070
3371	2430	304	2126
3372	2450	293	2157
3373	2449	289	2160
3374	2452	302	2150
3375	2386	308	2078
3376	2374	307	2067
3377	2373	306	2067
3378	2386	291	2095
3379	2346	288	2058
3380	2304	299	2005
3381	2300	299	2001
3382	2273	287	1986
3383	2228	297	1931
3384	2220	295	1925
3385	2236	288	1948
3386	2262	290	1972
3387	2292	289	2003
3388	2251	297	1954
3389	2258	295	1963
3390	2317	297	2020
3391	2323	308	2015
3392	2275	301	1974
3393	2280	293	1987
3394	2277	306	1971
3395	2226	298	1928
3396	2200	294	1906
3397	2197	298	1899
3398	2172	296	1876
3399	2142	286	1856
3400	2100	289	1811
3401	2074	286	1788
3402	2047	287	1760
3403	2058	302	1756
3404	2047	308	1739
3405	2042	296	1746
3406	2030	286	1744
3407	2014	296	1718
3408	2005	298	1707
3409	1971	298	1673
3410	1953	298	1655
3411	1965	297	1668
3412	1971	288	1683
3413	2003	287	1716
3414	1945	299	1646
3415	1924	301	1623
3416	1938	294	1644
3417	1936	296	1640
3418	1943	303	1640
3419	1894	301	1593
3420	1885	302	1583
3421	1880	287	1593
3422	1845	284	1561
3423	1872	300	1572
3424	1917	295	1622
3425	1928	299	1629
3426	1913	294	1619
3427	1936	297	1639
3428	1938	290	1648
3429	1933	294	1639
3430	1888	296	1592
3431	1861	297	1564
3432	1872	299	1573
3433	1885	292	1593
3434	1883	296	1587
3435	1880	300	1580
3436	1876	305	1571
3437	1912	298	1614
3438	1928	286	1642
3439	1862	290	1572
3440	1876	297	1579
3441	1921	303	1618
3442	1878	295	1583
3443	1833	294	1539
3444	1833	290	1543
3445	1854	285	1569
3446	1856	292	1564
3447	1828	296	1532
3448	1839	289	1550
3449	1835	294	1541
3450	1858	300	1558
3451	1851	291	1560
3452	1776	298	1478
3453	1746	307	1439
3454	1716	300	1416
3455	1748	297	1451
3456	1768	300	1468
3457	1770	299	1471
3458	1767	299	1468
3459	1765	296	1469
3460	1736	290	1446
3461	1702	305	1397
3462	1741	305	1436
3463	1786	304	1482
3464	1778	300	1478
3465	1772	305	1467
3466	1721	299	1422
3467	1726	288	1438
3468	1807	290	1517
3469	1815	292	1523
3470	1792	291	1501
3471	1801	297	1504
3472	1757	297	1460
3473	1707	284	1423
3474	1699	290	1409
3475	1695	291	1404
3476	1686	289	1397
3477	1638	294	1344
3478	1637	306	1331
3479	1622	296	1326
3480	1650	280	1370
3481	1606	282	1324
3482	1609	287	1322
3483	1565	286	1279
3484	1564	288	1276
3485	1581	292	1289
3486	1605	297	1308
3487	1615	296	1319
3488	1604	296	1308
3489	1611	292	1319
3490	1598	288	1310
3491	1562	290	1272
3492	1593	298	1295
3493	1584	302	1282
3494	1570	301	1269
3495	1558	286	1272
3496	1534	286	1248
3497	1534	292	1242
3498	1529	297	1232
3499	1502	292	1210
3500	1483	291	1192
3501	1507	291	1216
3502	1503	289	1214
3503	1514	296	1218
3504	1511	291	1220
3505	1487	287	1200
3506	1452	297	1155
3507	1473	292	1181
3508	1447	284	1163
3509	1468	288	1180
3510	1458	293	1165
3511	1429	303	1126
3512	1387	305	1082
3513	1389	300	1089
3514	1373	297	1076
3515	1398	284	1114
3516	1379	287	1092
3517	1391	288	1103
3518	1359	296	1063
3519	1362	293	1069
3520	1360	299	1061
3521	1333	304	1029
3522	1301	301	1000
3523	1288	293	995
3524	1332	283	1049
3525	1327	285	1042
3526	1290	296	994
3527	1300	302	998
3528	1322	292	1030
3529	1287	292	995
3530	1304	291	1013
3531	1353	287	1066
3532	1358	299	1059
3533	1387	296	1091
3534	1361	303	1058
3535	1343	300	1043
3536	1314	294	1020
3537	1310	294	1016
3538	1258	304	954
3539	1271	305	966
3540	1290	303	987
3541	1248	305	943
3542	1217	303	914
3543	1237	297	940
3544	1237	286	951
3545	1221	294	927
3546	1235	290	945
3547	1225	289	936
3548	1162	296	866
3549	1199	289	910
3550	1276	296	980
3551	1236	293	943
3552	1189	299	890
3553	1188	297	891
3554	1181	292	889
3555	1152	301	851
3556	1156	296	860
3557	1171	292	879
3558	1165	293	872
3559	1169	299	870
3560	1148	298	850
3561	1152	301	851
3562	1143	295	848
3563	1107	304	803
3564	1101	308	793
3565	1123	289	834
3566	1096	293	803
3567	1076	294	782
3568	1122	291	831
3569	1130	304	826
3570	1101	303	798
3571	1093	294	799
3572	1101	288	813
3573	1121	282	839
3574	1114	295	819
3575	1102	296	806
3576	1096	286	810
3577	1063	293	770
3578	1048	298	750
3579	1070	292	778
3580	1059	293	766
3581	1043	299	744
3582	1050	296	754
3583	1084	292	792
3584	1112	302	810
3585	1109	296	813
3586	1080	297	783
3587	1069	296	773
3588	1048	288	760
3589	1039	292	747
3590	1045	293	752
3591	1017	294	723
3592	971	295	676
3593	984	294	690
3594	990	295	695
3595	974	298	676
3596	972	292	680
3597	987	287	700
3598	959	289	670
3599	973	295	678
3600	950	295	655
3601	933	290	643
3602	955	289	666
3603	944	302	642
3604	922	302	620
3605	964	298	666
3606	962	303	659
3607	975	300	675
3608	939	305	634
3609	940	296	644
3610	903	296	607
3611	914	304	610
3612	928	303	625
3613	918	295	623
3614	890	295	595
3615	901	294	607
3616	868	291	577
3617	853	287	566
3618	882	293	589
3619	884	289	595
3620	874	285	589
3621	866	295	571
3622	851	299	552
3623	841	290	551
3624	856	284	572
3625	835	296	539
3626	819	303	516
3627	838	305	533
3628	839	301	538
3629	834	296	538
3630	828	296	532
3631	837	292	545
3632	858	296	562
3633	852	292	560
3634	829	284	545
3635	809	289	520
3636	781	294	487
3637	760	295	465
3638	753	301	452
3639	773	301	472
3640	760	292	468
3641	736	292	444
3642	753	298	455
3643	787	298	489
3644	777	301	476
3645	767	294	473
3646	774	291	483
3647	773	295	478
3648	761	296	465
