index	original	background	difference
-----------------------------------------------------
1	730	249	481
2	726	238	488
3	715	236	479
4	712	240	472
5	712	244	468
6	748	252	496
7	739	249	490
8	740	247	493
9	738	254	484
10	755	256	499
11	767	257	510
12	767	245	522
13	741	250	491
14	774	252	522
15	817	255	562
16	788	261	527
17	791	261	530
18	802	258	544
19	753	253	500
20	738	260	478
21	768	253	515
22	755	250	505
23	772	259	513
24	785	261	524
25	792	257	535
26	776	261	515
27	769	266	503
28	796	254	542
29	792	264	528
30	792	265	527
31	781	257	524
32	789	255	534
33	825	267	558
34	798	261	537
35	786	264	522
36	814	271	543
37	801	272	529
38	796	272	524
39	788	263	525
40	805	266	539
41	791	264	527
42	786	270	516
43	798	269	529
44	792	265	527
45	791	269	522
46	788	274	514
47	804	273	531
48	798	267	531
49	831	267	564
50	864	267	597
51	826	269	557
52	805	264	541
53	809	259	550
54	813	267	546
55	809	267	542
56	818	281	537
57	831	278	553
58	843	272	571
59	840	275	565
60	842	269	573
61	874	266	608
62	849	265	584
63	828	275	553
64	849	273	576
65	840	270	570
66	842	270	572
67	857	277	580
68	840	273	567
69	824	280	544
70	831	289	542
71	833	278	555
72	869	280	589
73	857	281	576
74	878	271	607
75	887	268	619
76	866	268	598
77	846	271	575
78	870	274	596
79	899	279	620
80	892	280	612
81	867	274	593
82	881	270	611
83	879	277	602
84	853	273	580
85	855	277	578
86	896	287	609
87	915	283	632
88	925	275	650
89	927	274	653
90	906	268	638
91	885	272	613
92	903	273	630
93	916	261	655
94	913	274	639
95	932	277	655
96	932	274	658
97	897	277	620
98	883	272	611
99	901	271	630
100	938	278	660
101	937	281	656
102	911	272	639
103	910	275	635
104	943	276	667
105	963	277	686
106	973	286	687
107	959	279	680
108	968	272	696
109	966	284	682
110	972	274	698
111	982	276	706
112	977	287	690
113	959	274	685
114	977	272	705
115	1007	280	727
116	1015	277	738
117	1009	276	733
118	1020	293	727
119	1024	288	736
120	1024	269	755
121	993	272	721
122	1012	274	738
123	1043	287	756
124	1028	294	734
125	1047	281	766
126	1040	281	759
127	1034	290	744
128	1059	281	778
129	1081	279	802
130	1081	275	806
131	1057	277	780
132	1055	279	776
133	1034	276	758
134	1075	282	793
135	1103	279	824
136	1080	287	793
137	1076	283	793
138	1127	278	849
139	1114	278	836
140	1086	278	808
141	1069	280	789
142	1065	276	789
143	1081	291	790
144	1091	288	803
145	1123	279	844
146	1122	274	848
147	1097	277	820
148	1109	276	833
149	1111	282	829
150	1130	278	852
151	1122	278	844
152	1121	279	842
153	1108	287	821
154	1119	278	841
155	1112	271	841
156	1131	269	862
157	1147	274	873
158	1176	279	897
159	1159	280	879
160	1164	284	880
161	1156	277	879
162	1181	279	902
163	1174	279	895
164	1160	276	884
165	1161	279	882
166	1182	283	899
167	1179	286	893
168	1202	287	915
169	1203	292	911
170	1196	283	913
171	1203	288	915
172	1213	275	938
173	1179	269	910
174	1204	277	927
175	1197	288	909
176	1202	281	921
177	1202	282	920
178	1214	285	929
179	1272	281	991
180	1266	280	986
181	1235	280	955
182	1225	279	946
183	1231	285	946
184	1282	285	997
185	1290	279	1011
186	1255	282	973
187	1254	286	968
188	1294	280	1014
189	1296	283	1013
190	1277	279	998
191	1245	281	964
192	1261	280	981
193	1268	279	989
194	1289	284	1005
195	1283	283	1000
196	1292	284	1008
197	1306	277	1029
198	1310	281	1029
199	1336	283	1053
200	1347	287	1060
201	1300	288	1012
202	1319	276	1043
203	1330	282	1048
204	1351	289	1062
205	1348	286	1062
206	1356	281	1075
207	1376	282	1094
208	1364	279	1085
209	1309	279	1030
210	1350	281	1069
211	1354	283	1071
212	1347	278	1069
213	1353	276	1077
214	1355	274	1081
215	1334	268	1066
216	1370	275	1095
217	1351	284	1067
218	1332	267	1065
219	1346	290	1056
220	1369	274	1095
221	1352	272	1080
222	1370	276	1094
223	1383	281	1102
224	1390	285	1105
225	1371	280	1091
226	1355	280	1075
227	1393	284	1109
228	1410	281	1129
229	1378	274	1104
230	1383	285	1098
231	1388	275	1113
232	1392	274	1118
233	1392	285	1107
234	1407	286	1121
235	1394	286	1108
236	1413	278	1135
237	1394	277	1117
238	1412	270	1142
239	1426	275	1151
240	1424	276	1148
241	1424	280	1144
242	1469	287	1182
243	1467	288	1179
244	1407	280	1127
245	1396	273	1123
246	1431	276	1155
247	1392	287	1105
248	1419	283	1136
249	1476	280	1196
250	1434	281	1153
251	1410	279	1131
252	1474	276	1198
253	1447	283	1164
254	1448	280	1168
255	1424	278	1146
256	1421	279	1142
257	1447	280	1167
258	1488	282	1206
259	1492	276	1216
260	1490	276	1214
261	1498	279	1219
262	1488	275	1213
263	1473	279	1194
264	1471	276	1195
265	1483	269	1214
266	1507	274	1233
267	1482	280	1202
268	1476	277	1199
269	1522	272	1250
270	1545	272	1273
271	1549	272	1277
272	1517	275	1242
273	1530	279	1251
274	1538	282	1256
275	1542	282	1260
276	1537	283	1254
277	1575	287	1288
278	1578	273	1305
279	1578	276	1302
280	1547	273	1274
281	1550	278	1272
282	1603	280	1323
283	1568	282	1286
284	1588	282	1306
285	1550	288	1262
286	1553	282	1271
287	1557	292	1265
288	1593	293	1300
289	1577	286	1291
290	1594	280	1314
291	1596	274	1322
292	1581	273	1308
293	1576	277	1299
294	1571	276	1295
295	1580	280	1300
296	1609	279	1330
297	1610	277	1333
298	1642	279	1363
299	1628	279	1349
300	1633	280	1353
301	1657	285	1372
302	1679	273	1406
303	1647	274	1373
304	1633	275	1358
305	1641	283	1358
306	1667	285	1382
307	1665	290	1375
308	1657	297	1360
309	1659	280	1379
310	1666	279	1387
311	1664	279	1385
312	1719	282	1437
313	1694	272	1422
314	1711	269	1442
315	1693	276	1417
316	1669	283	1386
317	1702	278	1424
318	1700	280	1420
319	1683	284	1399
320	1682	277	1405
321	1723	281	1442
322	1756	271	1485
323	1731	268	1463
324	1732	269	1463
325	1716	278	1438
326	1751	276	1475
327	1719	275	1444
328	1729	283	1446
329	1730	278	1452
330	1752	280	1472
331	1727	277	1450
332	1754	275	1479
333	1782	284	1498
334	1768	274	1494
335	1739	276	1463
336	1776	283	1493
337	1783	281	1502
338	1793	283	1510
339	1818	284	1534
340	1837	279	1558
341	1855	283	1572
342	1872	279	1593
343	1861	276	1585
344	1882	270	1612
345	1868	268	1600
346	1845	267	1578
347	1811	272	1539
348	1821	271	1550
349	1849	286	1563
350	1862	273	1589
351	1836	270	1566
352	1878	274	1604
353	1912	281	1631
354	1927	277	1650
355	1895	275	1620
356	1915	271	1644
357	1894	273	1621
358	1920	278	1642
359	1917	271	1646
360	1904	264	1640
361	1951	274	1677
362	1991	267	1724
363	1990	268	1722
364	1949	271	1678
365	1943	278	1665
366	2018	281	1737
367	2053	288	1765
368	1992	290	1702
369	1970	290	1680
370	1984	284	1700
371	2017	274	1743
372	1995	273	1722
373	2001	277	1724
374	2019	282	1737
375	1995	281	1714
376	2010	274	1736
377	2020	274	1746
378	2030	279	1751
379	2064	282	1782
380	2083	271	1812
381	2100	288	1812
382	2071	285	1786
383	2060	270	1790
384	2126	264	1862
385	2118	274	1844
386	2144	280	1864
387	2163	280	1883
388	2144	273	1871
389	2137	280	1857
390	2157	286	1871
391	2132	279	1853
392	2179	282	1897
393	2123	279	1844
394	2133	273	1860
395	2147	282	1865
396	2153	278	1875
397	2178	278	1900
398	2189	274	1915
399	2170	286	1884
400	2194	284	1910
401	2161	276	1885
402	2153	278	1875
403	2162	284	1878
404	2167	275	1892
405	2206	273	1933
406	2207	273	1934
407	2229	276	1953
408	2254	273	1981
409	2242	265	1977
410	2210	272	1938
411	2240	281	1959
412	2231	287	1944
413	2270	281	1989
414	2317	279	2038
415	2291	271	2020
416	2272	278	1994
417	2255	282	1973
418	2316	279	2037
419	2337	273	2064
420	2329	271	2058
421	2300	269	2031
422	2332	278	2054
423	2340	286	2054
424	2365	283	2082
425	2368	284	2084
426	2341	287	2054
427	2357	288	2069
428	2389	285	2104
429	2360	283	2077
430	2328	275	2053
431	2339	276	2063
432	2335	281	2054
433	2337	276	2061
434	2397	274	2123
435	2403	281	2122
436	2405	276	2129
437	2370	276	2094
438	2384	282	2102
439	2416	284	2132
440	2402	280	2122
441	2403	286	2117
442	2427	289	2138
443	2449	284	2165
444	2472	277	2195
445	2450	286	2164
446	2463	279	2184
447	2477	283	2194
448	2469	284	2185
449	2434	281	2153
450	2433	282	2151
451	2411	281	2130
452	2430	267	2163
453	2481	278	2203
454	2517	284	2233
455	2483	287	2196
456	2448	282	2166
457	2492	277	2215
458	2482	273	2209
459	2481	277	2204
460	2513	284	2229
461	2527	281	2246
462	2467	279	2188
463	2486	279	2207
464	2513	277	2236
465	2504	281	2223
466	2522	279	2243
467	2516	276	2240
468	2511	263	2248
469	2575	299	2276
470	2568	281	2287
471	2538	281	2257
472	2572	283	2289
473	2559	280	2279
474	2575	279	2296
475	2593	280	2313
476	2569	277	2292
477	2593	274	2319
478	2619	268	2351
479	2595	272	2323
480	2612	278	2334
481	2617	278	2339
482	2586	279	2307
483	2591	284	2307
484	2607	281	2326
485	2685	273	2412
486	2707	271	2436
487	2671	280	2391
488	2640	287	2353
489	2582	289	2293
490	2600	291	2309
491	2626	290	2336
492	2663	283	2380
493	2708	275	2433
494	2713	282	2431
495	2683	288	2395
496	2669	283	2386
497	2684	275	2409
498	2702	272	2430
499	2706	278	2428
500	2712	279	2433
501	2724	279	2445
502	2721	276	2445
503	2696	282	2414
504	2665	282	2383
505	2680	284	2396
506	2717	279	2438
507	2712	285	2427
508	2749	281	2468
509	2727	276	2451
510	2698	275	2423
511	2715	276	2439
512	2769	277	2492
513	2743	280	2463
514	2741	277	2464
515	2784	276	2508
516	2788	277	2511
517	2773	281	2492
518	2787	284	2503
519	2744	287	2457
520	2790	288	2502
521	2791	285	2506
522	2775	283	2492
523	2812	290	2522
524	2813	282	2531
525	2802	273	2529
526	2833	278	2555
527	2810	276	2534
528	2807	278	2529
529	2818	285	2533
530	2831	280	2551
531	2805	280	2525
532	2827	289	2538
533	2865	282	2583
534	2867	270	2597
535	2836	272	2564
536	2867	274	2593
537	2849	290	2559
538	2779	285	2494
539	2859	281	2578
540	2921	281	2640
541	2865	281	2584
542	2872	287	2585
543	2915	283	2632
544	2931	277	2654
545	2852	285	2567
546	2882	276	2606
547	2895	285	2610
548	2903	293	2610
549	2856	285	2571
550	2942	284	2658
551	2995	285	2710
552	2987	285	2702
553	2965	276	2689
554	2970	278	2692
555	3014	282	2732
556	3029	269	2760
557	2994	287	2707
558	2987	284	2703
559	3009	287	2722
560	3044	287	2757
561	3089	283	2806
562	3079	280	2799
563	3012	277	2735
564	3074	282	2792
565	3123	293	2830
566	3083	285	2798
567	3067	280	2787
568	3119	272	2847
569	3089	276	2813
570	3042	282	2760
571	3087	295	2792
572	3170	293	2877
573	3124	289	2835
574	3109	285	2824
575	3100	281	2819
576	3157	282	2875
577	3153	272	2881
578	3167	276	2891
579	3183	267	2916
580	3199	272	2927
581	3183	272	2911
582	3129	274	2855
583	3180	285	2895
584	3277	273	3004
585	3254	274	2980
586	3227	280	2947
587	3267	287	2980
588	3278	279	2999
589	3209	278	2931
590	3194	283	2911
591	3269	283	2986
592	3308	280	3028
593	3302	277	3025
594	3358	278	3080
595	3367	281	3086
596	3377	279	3098
597	3391	281	3110
598	3415	276	3139
599	3336	282	3054
600	3349	284	3065
601	3384	285	3099
602	3390	283	3107
603	3437	281	3156
604	3459	268	3191
605	3453	272	3181
606	3501	270	3231
607	3485	274	3211
608	3462	276	3186
609	3494	281	3213
610	3510	276	3234
611	3503	280	3223
612	3471	284	3187
613	3507	286	3221
614	3562	282	3280
615	3553	275	3278
616	3569	277	3292
617	3537	271	3266
618	3548	267	3281
619	3569	283	3286
620	3647	277	3370
621	3617	284	3333
622	3604	282	3322
623	3613	279	3334
624	3655	286	3369
625	3723	289	3434
626	3715	280	3435
627	3711	281	3430
628	3760	272	3488
629	3752	270	3482
630	3748	272	3476
631	3779	278	3501
632	3772	273	3499
633	3722	277	3445
634	3812	281	3531
635	3764	279	3485
636	3794	274	3520
637	3846	278	3568
638	3901	283	3618
639	3880	292	3588
640	3896	283	3613
641	3887	276	3611
642	3918	272	3646
643	3949	281	3668
644	3925	279	3646
645	3826	284	3542
646	3917	277	3640
647	3894	280	3614
648	3896	276	3620
649	3934	286	3648
650	3999	280	3719
651	4008	280	3728
652	4011	281	3730
653	4018	287	3731
654	4027	291	3736
655	4034	282	3752
656	4006	277	3729
657	4025	286	3739
658	4066	287	3779
659	4096	280	3816
660	4134	282	3852
661	4126	289	3837
662	4129	277	3852
663	4151	285	3866
664	4110	278	3832
665	4079	268	3811
666	4103	272	3831
667	4135	276	3859
668	4214	274	3940
669	4240	280	3960
670	4258	275	3983
671	4199	275	3924
672	4190	284	3906
673	4207	294	3913
674	4230	283	3947
675	4175	279	3896
676	4163	281	3882
677	4229	277	3952
678	4269	274	3995
679	4259	276	3983
680	4276	275	4001
681	4348	279	4069
682	4337	273	4064
683	4313	278	4035
684	4298	279	4019
685	4385	288	4097
686	4384	283	4101
687	4326	275	4051
688	4350	279	4071
689	4416	284	4132
690	4383	287	4096
691	4355	287	4068
692	4419	277	4142
693	4387	275	4112
694	4310	277	4033
695	4393	285	4108
696	4407	273	4134
697	4432	282	4150
698	4377	284	4093
699	4339	283	4056
700	4438	288	4150
701	4417	294	4123
702	4404	286	4118
703	4432	279	4153
704	4442	278	4164
705	4436	273	4163
706	4460	280	4180
707	4484	282	4202
708	4481	276	4205
709	4460	269	4191
710	4495	275	4220
711	4476	287	4189
712	4515	282	4233
713	4502	284	4218
714	4454	278	4176
715	4413	267	4146
716	4450	272	4178
717	4428	280	4148
718	4481	267	4214
719	4514	291	4223
720	4569	285	4284
721	4568	279	4289
722	4494	286	4208
723	4550	290	4260
724	4593	280	4313
725	4621	287	4334
726	4563	284	4279
727	4482	276	4206
728	4514	274	4240
729	4527	280	4247
730	4606	292	4314
731	4607	289	4318
732	4565	282	4283
733	4545	284	4261
734	4552	280	4272
735	4544	279	4265
736	4556	279	4277
737	4589	277	4312
738	4559	277	4282
739	4577	278	4299
740	4617	281	4336
741	4560	281	4279
742	4581	288	4293
743	4632	287	4345
744	4621	269	4352
745	4648	281	4367
746	4665	284	4381
747	4604	282	4322
748	4582	286	4296
749	4595	283	4312
750	4637	275	4362
751	4685	280	4405
752	4652	286	4366
753	4635	281	4354
754	4577	278	4299
755	4597	283	4314
756	4712	277	4435
757	4633	278	4355
758	4694	274	4420
759	4722	277	4445
760	4660	280	4380
761	4697	282	4415
762	4740	276	4464
763	4764	280	4484
764	4751	278	4473
765	4677	282	4395
766	4709	284	4425
767	4714	287	4427
768	4703	278	4425
769	4667	277	4390
770	4701	276	4425
771	4699	288	4411
772	4708	284	4424
773	4744	280	4464
774	4753	276	4477
775	4706	284	4422
776	4671	285	4386
777	4727	273	4454
778	4723	276	4447
779	4650	284	4366
780	4712	274	4438
781	4706	267	4439
782	4744	272	4472
783	4732	280	4452
784	4745	281	4464
785	4768	278	4490
786	4746	278	4468
787	4755	285	4470
788	4771	274	4497
789	4739	278	4461
790	4740	287	4453
791	4813	279	4534
792	4773	283	4490
793	4747	281	4466
794	4773	276	4497
795	4753	278	4475
796	4739	277	4462
797	4759	277	4482
798	4756	278	4478
799	4818	275	4543
800	4797	278	4519
801	4806	291	4515
802	4747	281	4466
803	4830	286	4544
804	4900	293	4607
805	4894	290	4604
806	4906	285	4621
807	4881	288	4593
808	4853	290	4563
809	4880	286	4594
810	4921	280	4641
811	4870	279	4591
812	4859	290	4569
813	4913	281	4632
814	4934	272	4662
815	4931	292	4639
816	4918	285	4633
817	4932	275	4657
818	4939	281	4658
819	4907	290	4617
820	4914	286	4628
821	4999	285	4714
822	4986	285	4701
823	4968	284	4684
824	4952	275	4677
825	4979	274	4705
826	5005	281	4724
827	4959	277	4682
828	4995	286	4709
829	4997	285	4712
830	5038	271	4767
831	5071	279	4792
832	5069	275	4794
833	5128	269	4859
834	5192	278	4914
835	5164	279	4885
836	5123	278	4845
837	5167	282	4885
838	5198	285	4913
839	5253	284	4969
840	5289	286	5003
841	5247	283	4964
842	5249	280	4969
843	5253	286	4967
844	5274	285	4989
845	5374	287	5087
846	5434	279	5155
847	5354	269	5085
848	5310	266	5044
849	5352	277	5075
850	5360	282	5078
851	5391	282	5109
852	5406	284	5122
853	5432	274	5158
854	5385	269	5116
855	5442	277	5165
856	5544	284	5260
857	5523	285	5238
858	5504	284	5220
859	5443	281	5162
860	5456	275	5181
861	5506	276	5230
862	5545	273	5272
863	5546	275	5271
864	5589	280	5309
865	5602	281	5321
866	5632	273	5359
867	5702	273	5429
868	5693	276	5417
869	5611	283	5328
870	5690	279	5411
871	5688	273	5415
872	5610	275	5335
873	5601	275	5326
874	5641	274	5367
875	5713	284	5429
876	5761	280	5481
877	5793	283	5510
878	5822	280	5542
879	5800	284	5516
880	5810	286	5524
881	5877	285	5592
882	5916	282	5634
883	5940	278	5662
884	5942	279	5663
885	5889	288	5601
886	5921	280	5641
887	6005	272	5733
888	6016	279	5737
889	6000	280	5720
890	6082	277	5805
891	6116	281	5835
892	6099	286	5813
893	6132	281	5851
894	6118	272	5846
895	6129	279	5850
896	6170	289	5881
897	6220	288	5932
898	6192	283	5909
899	6212	273	5939
900	6312	267	6045
901	6297	273	6024
902	6278	275	6003
903	6228	280	5948
904	6300	279	6021
905	6317	290	6027
906	6407	283	6124
907	6464	271	6193
908	6431	277	6154
909	6369	284	6085
910	6480	279	6201
911	6544	281	6263
912	6481	284	6197
913	6558	278	6280
914	6547	284	6263
915	6501	283	6218
916	6500	282	6218
917	6579	282	6297
918	6571	296	6275
919	6496	286	6210
920	6477	283	6194
921	6535	282	6253
922	6560	271	6289
923	6597	276	6321
924	6578	273	6305
925	6634	268	6366
926	6685	288	6397
927	6729	292	6437
928	6846	288	6558
929	6844	282	6562
930	6833	274	6559
931	6778	272	6506
932	6834	280	6554
933	6930	283	6647
934	6865	284	6581
935	6940	276	6664
936	6949	275	6674
937	7015	277	6738
938	7056	277	6779
939	6977	286	6691
940	6978	283	6695
941	7076	284	6792
942	7094	286	6808
943	7055	280	6775
944	7135	278	6857
945	7103	279	6824
946	7121	278	6843
947	7115	274	6841
948	7194	273	6921
949	7105	276	6829
950	7141	278	6863
951	7166	279	6887
952	7199	279	6920
953	7247	278	6969
954	7315	282	7033
955	7319	271	7048
956	7354	270	7084
957	7377	283	7094
958	7404	289	7115
959	7368	289	7079
960	7394	280	7114
961	7403	281	7122
962	7374	279	7095
963	7381	290	7091
964	7478	291	7187
965	7538	287	7251
966	7521	289	7232
967	7455	286	7169
968	7463	265	7198
969	7454	291	7163
970	7498	279	7219
971	7611	282	7329
972	7628	284	7344
973	7499	282	7217
974	7491	283	7208
975	7501	278	7223
976	7586	280	7306
977	7531	280	7251
978	7427	281	7146
979	7465	272	7193
980	7578	272	7306
981	7583	282	7301
982	7546	277	7269
983	7565	284	7281
984	7532	288	7244
985	7552	279	7273
986	7587	282	7305
987	7563	280	7283
988	7588	277	7311
989	7566	275	7291
990	7629	279	7350
991	7619	282	7337
992	7570	280	7290
993	7556	281	7275
994	7643	286	7357
995	7652	289	7363
996	7584	277	7307
997	7544	282	7262
998	7589	275	7314
999	7560	282	7278
1000	7533	274	7259
1001	7575	269	7306
1002	7551	282	7269
1003	7522	286	7236
1004	7609	271	7338
1005	7646	272	7374
1006	7645	283	7362
1007	7560	284	7276
1008	7621	283	7338
1009	7623	284	7339
1010	7623	285	7338
1011	7612	282	7330
1012	7627	281	7346
1013	7608	283	7325
1014	7637	284	7353
1015	7604	288	7316
1016	7667	289	7378
1017	7662	280	7382
1018	7617	274	7343
1019	7576	281	7295
1020	7658	275	7383
1021	7697	277	7420
1022	7658	276	7382
1023	7643	276	7367
1024	7592	280	7312
1025	7552	284	7268
1026	7569	277	7292
1027	7623	275	7348
1028	7601	272	7329
1029	7567	276	7291
1030	7533	285	7248
1031	7559	288	7271
1032	7549	285	7264
1033	7655	281	7374
1034	7682	282	7400
1035	7638	273	7365
1036	7542	277	7265
1037	7542	285	7257
1038	7612	276	7336
1039	7594	276	7318
1040	7500	277	7223
1041	7552	280	7272
1042	7550	284	7266
1043	7508	281	7227
1044	7478	278	7200
1045	7515	272	7243
1046	7542	266	7276
1047	7473	275	7198
1048	7441	282	7159
1049	7474	288	7186
1050	7463	277	7186
1051	7519	278	7241
1052	7512	286	7226
1053	7512	283	7229
1054	7464	285	7179
1055	7384	285	7099
1056	7426	278	7148
1057	7380	281	7099
1058	7395	277	7118
1059	7439	286	7153
1060	7449	284	7165
1061	7408	273	7135
1062	7413	278	7135
1063	7421	288	7133
1064	7386	279	7107
1065	7381	276	7105
1066	7408	276	7132
1067	7401	275	7126
1068	7444	272	7172
1069	7422	290	7132
1070	7449	288	7161
1071	7442	278	7164
1072	7295	287	7008
1073	7256	289	6967
1074	7307	284	7023
1075	7333	290	7043
1076	7374	284	7090
1077	7384	279	7105
1078	7393	278	7115
1079	7436	281	7155
1080	7347	286	7061
1081	7359	285	7074
1082	7386	274	7112
1083	7394	273	7121
1084	7339	274	7065
1085	7325	286	7039
1086	7336	288	7048
1087	7319	282	7037
1088	7356	282	7074
1089	7352	282	7070
1090	7331	280	7051
1091	7341	279	7062
1092	7318	274	7044
1093	7258	274	6984
1094	7218	276	6942
1095	7215	288	6927
1096	7234	290	6944
1097	7221	275	6946
1098	7319	280	7039
1099	7264	276	6988
1100	7269	273	6996
1101	7304	279	7025
1102	7325	282	7043
1103	7352	288	7064
1104	7345	294	7051
1105	7365	286	7079
1106	7400	283	7117
1107	7292	282	7010
1108	7283	284	6999
1109	7350	286	7064
1110	7389	288	7101
1111	7427	282	7145
1112	7288	288	7000
1113	7305	284	7021
1114	7235	282	6953
1115	7207	282	6925
1116	7351	276	7075
1117	7397	272	7125
1118	7409	271	7138
1119	7453	284	7169
1120	7360	285	7075
1121	7358	283	7075
1122	7389	288	7101
1123	7412	291	7121
1124	7436	271	7165
1125	7428	274	7154
1126	7459	280	7179
1127	7426	281	7145
1128	7434	271	7163
1129	7440	272	7168
1130	7460	273	7187
1131	7573	284	7289
1132	7560	284	7276
1133	7486	281	7205
1134	7488	277	7211
1135	7505	278	7227
1136	7503	279	7224
1137	7526	271	7255
1138	7546	275	7271
1139	7631	289	7342
1140	7609	285	7324
1141	7604	284	7320
1142	7660	277	7383
1143	7682	276	7406
1144	7784	285	7499
1145	7776	283	7493
1146	7749	274	7475
1147	7743	276	7467
1148	7684	276	7408
1149	7709	279	7430
1150	7803	274	7529
1151	7823	278	7545
1152	7853	287	7566
1153	7859	282	7577
1154	7854	281	7573
1155	7829	286	7543
1156	7791	280	7511
1157	7837	278	7559
1158	7925	278	7647
1159	7966	282	7684
1160	7928	298	7630
1161	7971	297	7674
1162	8026	283	7743
1163	8040	281	7759
1164	7979	277	7702
1165	7924	277	7647
1166	8032	270	7762
1167	8066	278	7788
1168	8104	281	7823
1169	8109	290	7819
1170	8082	285	7797
1171	8117	283	7834
1172	8192	283	7909
1173	8170	275	7895
1174	8121	281	7840
1175	8233	281	7952
1176	8280	277	8003
1177	8213	274	7939
1178	8334	279	8055
1179	8340	284	8056
1180	8462	275	8187
1181	8459	280	8179
1182	8461	272	8189
1183	8395	275	8120
1184	8360	278	8082
1185	8468	272	8196
1186	8632	266	8366
1187	8589	281	8308
1188	8645	280	8365
1189	8641	277	8364
1190	8617	284	8333
1191	8548	278	8270
1192	8691	276	8415
1193	8698	278	8420
1194	8703	285	8418
1195	8804	282	8522
1196	8811	275	8536
1197	8875	285	8590
1198	8962	275	8687
1199	8870	280	8590
1200	8925	288	8637
1201	8997	279	8718
1202	8979	277	8702
1203	8976	281	8695
1204	9041	280	8761
1205	9126	291	8835
1206	9170	284	8886
1207	9108	283	8825
1208	9213	279	8934
1209	9244	282	8962
1210	9235	279	8956
1211	9203	279	8924
1212	9229	272	8957
1213	9332	264	9068
1214	9392	268	9124
1215	9327	274	9053
1216	9366	274	9092
1217	9410	282	9128
1218	9460	266	9194
1219	9463	287	9176
1220	9470	269	9201
1221	9520	274	9246
1222	9600	275	9325
1223	9651	284	9367
1224	9634	279	9355
1225	9666	282	9384
1226	9624	285	9339
1227	9687	289	9398
1228	9672	282	9390
1229	9729	272	9457
1230	9740	270	9470
1231	9766	270	9496
1232	9804	262	9542
1233	9864	273	9591
1234	9853	280	9573
1235	9827	281	9546
1236	9916	275	9641
1237	9913	281	9632
1238	9962	285	9677
1239	10084	277	9807
1240	10171	271	9900
1241	10212	278	9934
1242	10229	279	9950
1243	10189	282	9907
1244	10232	292	9940
1245	10255	291	9964
1246	10342	275	10067
1247	10209	270	9939
1248	10232	274	9958
1249	10273	284	9989
1250	10378	287	10091
1251	10395	283	10112
1252	10446	274	10172
1253	10479	279	10200
1254	10489	282	10207
1255	10488	280	10208
1256	10488	283	10205
1257	10516	284	10232
1258	10485	279	10206
1259	10474	276	10198
1260	10575	280	10295
1261	10609	277	10332
1262	10564	283	10281
1263	10592	286	10306
1264	10633	284	10349
1265	10645	286	10359
1266	10741	279	10462
1267	10773	280	10493
1268	10742	286	10456
1269	10747	280	10467
1270	10785	281	10504
1271	10879	277	10602
1272	10876	272	10604
1273	10853	281	10572
1274	10877	283	10594
1275	10867	273	10594
1276	10836	272	10564
1277	10828	280	10548
1278	10871	283	10588
1279	10943	280	10663
1280	10919	276	10643
1281	10903	275	10628
1282	10949	275	10674
1283	10898	281	10617
1284	10840	286	10554
1285	10848	277	10571
1286	10841	269	10572
1287	10781	279	10502
1288	10932	273	10659
1289	11027	276	10751
1290	10912	279	10633
1291	10818	284	10534
1292	10971	273	10698
1293	11074	273	10801
1294	11034	283	10751
1295	10989	277	10712
1296	11148	272	10876
1297	11224	273	10951
1298	11106	268	10838
1299	11039	281	10758
1300	11161	287	10874
1301	11179	279	10900
1302	11114	277	10837
1303	11025	281	10744
1304	11062	278	10784
1305	11033	267	10766
1306	11050	270	10780
1307	11102	281	10821
1308	11099	279	10820
1309	11022	276	10746
1310	11022	280	10742
1311	11078	273	10805
1312	11092	281	10811
1313	11072	290	10782
1314	11051	276	10775
1315	11016	273	10743
1316	11093	277	10816
1317	11172	277	10895
1318	11090	274	10816
1319	11056	279	10777
1320	11133	274	10859
1321	11132	282	10850
1322	11089	278	10811
1323	11115	281	10834
1324	11004	280	10724
1325	10910	271	10639
1326	10928	273	10655
1327	10972	280	10692
1328	11028	273	10755
1329	11052	276	10776
1330	11045	278	10767
1331	10991	280	10711
1332	10976	280	10696
1333	11014	281	10733
1334	11039	278	10761
1335	11092	280	10812
1336	10982	272	10710
1337	10952	274	10678
1338	10975	271	10704
1339	11007	272	10735
1340	10893	283	10610
1341	10786	279	10507
1342	10780	268	10512
1343	10779	275	10504
1344	10806	275	10531
1345	10837	274	10563
1346	10849	272	10577
1347	10849	273	10576
1348	10829	270	10559
1349	10758	279	10479
1350	10808	275	10533
1351	10814	271	10543
1352	10755	271	10484
1353	10668	278	10390
1354	10695	273	10422
1355	10738	271	10467
1356	10737	273	10464
1357	10580	271	10309
1358	10584	276	10308
1359	10524	276	10248
1360	10516	275	10241
1361	10544	280	10264
1362	10598	273	10325
1363	10468	271	10197
1364	10379	284	10095
1365	10430	279	10151
1366	10477	269	10208
1367	10396	273	10123
1368	10391	278	10113
1369	10413	279	10134
1370	10413	270	10143
1371	10301	276	10025
1372	10289	280	10009
1373	10257	282	9975
1374	10306	285	10021
1375	10320	287	10033
1376	10343	287	10056
1377	10263	281	9982
1378	10300	276	10024
1379	10242	280	9962
1380	10192	286	9906
1381	10119	279	9840
1382	10186	281	9905
1383	10123	282	9841
1384	10090	272	9818
1385	10119	274	9845
1386	10110	273	9837
1387	10064	266	9798
1388	10117	278	9839
1389	10135	280	9855
1390	10131	268	9863
1391	10161	281	9880
1392	10090	276	9814
1393	10000	277	9723
1394	10029	284	9745
1395	10064	278	9786
1396	10071	278	9793
1397	10020	282	9738
1398	9948	283	9665
1399	9914	278	9636
1400	9994	272	9722
1401	9976	271	9705
1402	9958	268	9690
1403	9837	272	9565
1404	9788	277	9511
1405	9806	281	9525
1406	9765	269	9496
1407	9718	280	9438
1408	9803	282	9521
1409	9750	272	9478
1410	9625	265	9360
1411	9631	271	9360
1412	9579	271	9308
1413	9518	285	9233
1414	9514	293	9221
1415	9529	283	9246
1416	9541	269	9272
1417	9544	266	9278
1418	9602	266	9336
1419	9537	273	9264
1420	9535	276	9259
1421	9578	275	9303
1422	9545	272	9273
1423	9530	277	9253
1424	9597	274	9323
1425	9663	278	9385
1426	9581	286	9295
1427	9531	285	9246
1428	9555	280	9275
1429	9561	273	9288
1430	9541	275	9266
1431	9566	278	9288
1432	9561	273	9288
1433	9474	275	9199
1434	9511	270	9241
1435	9562	271	9291
1436	9555	276	9279
1437	9582	280	9302
1438	9504	276	9228
1439	9521	280	9241
1440	9445	276	9169
1441	9456	266	9190
1442	9507	270	9237
1443	9458	276	9182
1444	9419	280	9139
1445	9387	278	9109
1446	9433	270	9163
1447	9420	276	9144
1448	9438	276	9162
1449	9349	279	9070
1450	9368	282	9086
1451	9361	281	9080
1452	9393	281	9112
1453	9420	284	9136
1454	9411	285	9126
1455	9397	284	9113
1456	9395	286	9109
1457	9387	275	9112
1458	9349	272	9077
1459	9403	288	9115
1460	9514	277	9237
1461	9479	276	9203
1462	9424	286	9138
1463	9459	287	9172
1464	9381	276	9105
1465	9365	275	9090
1466	9448	283	9165
1467	9419	278	9141
1468	9340	262	9078
1469	9493	278	9215
1470	9515	272	9243
1471	9529	283	9246
1472	9520	272	9248
1473	9481	278	9203
1474	9448	280	9168
1475	9378	279	9099
1476	9415	282	9133
1477	9432	278	9154
1478	9513	276	9237
1479	9401	277	9124
1480	9381	276	9105
1481	9485	277	9208
1482	9510	290	9220
1483	9476	286	9190
1484	9472	281	9191
1485	9554	283	9271
1486	9571	283	9288
1487	9615	287	9328
1488	9615	274	9341
1489	9591	267	9324
1490	9473	267	9206
1491	9509	283	9226
1492	9532	282	9250
1493	9579	281	9298
1494	9653	286	9367
1495	9636	275	9361
1496	9609	270	9339
1497	9638	272	9366
1498	9688	286	9402
1499	9716	296	9420
1500	9651	278	9373
1501	9613	274	9339
1502	9678	272	9406
1503	9732	270	9462
1504	9615	279	9336
1505	9619	278	9341
1506	9679	265	9414
1507	9710	270	9440
1508	9787	282	9505
1509	9814	292	9522
1510	9823	288	9535
1511	9821	279	9542
1512	9873	278	9595
1513	9905	286	9619
1514	9935	288	9647
1515	9904	286	9618
1516	9860	284	9576
1517	9872	276	9596
1518	9834	282	9552
1519	9900	289	9611
1520	9947	283	9664
1521	10037	278	9759
1522	10143	273	9870
1523	10086	275	9811
1524	10049	278	9771
1525	10072	280	9792
1526	10075	280	9795
1527	10109	284	9825
1528	10286	287	9999
1529	10236	287	9949
1530	10256	283	9973
1531	10178	281	9897
1532	10283	275	10008
1533	10386	281	10105
1534	10366	282	10084
1535	10330	281	10049
1536	10399	278	10121
1537	10401	278	10123
1538	10400	280	10120
1539	10442	278	10164
1540	10417	278	10139
1541	10377	277	10100
1542	10549	276	10273
1543	10578	285	10293
1544	10622	291	10331
1545	10636	279	10357
1546	10645	274	10371
1547	10584	280	10304
1548	10628	272	10356
1549	10667	270	10397
1550	10767	267	10500
1551	10755	269	10486
1552	10734	270	10464
1553	10779	271	10508
1554	10874	270	10604
1555	10849	270	10579
1556	10806	272	10534
1557	10862	279	10583
1558	10882	277	10605
1559	10902	277	10625
1560	10960	275	10685
1561	10965	281	10684
1562	11039	280	10759
1563	11033	283	10750
1564	11071	282	10789
1565	11094	274	10820
1566	11144	276	10868
1567	11254	278	10976
1568	11301	279	11022
1569	11306	280	11026
1570	11357	288	11069
1571	11349	291	11058
1572	11277	288	10989
1573	11304	284	11020
1574	11357	285	11072
1575	11274	282	10992
1576	11303	282	11021
1577	11372	290	11082
1578	11411	293	11118
1579	11394	292	11102
1580	11434	280	11154
1581	11451	280	11171
1582	11553	288	11265
1583	11594	286	11308
1584	11503	275	11228
1585	11537	276	11261
1586	11636	275	11361
1587	11648	279	11369
1588	11712	282	11430
1589	11670	277	11393
1590	11708	273	11435
1591	11736	282	11454
1592	11707	285	11422
1593	11773	272	11501
1594	11864	270	11594
1595	11801	278	11523
1596	11839	280	11559
1597	11941	283	11658
1598	11997	273	11724
1599	12102	281	11821
1600	11998	282	11716
1601	11917	277	11640
1602	11972	284	11688
1603	11943	284	11659
1604	12067	276	11791
1605	12172	278	11894
1606	12136	284	11852
1607	12124	285	11839
1608	12149	280	11869
1609	12294	282	12012
1610	12327	277	12050
1611	12335	295	12040
1612	12382	291	12091
1613	12309	291	12018
1614	12383	288	12095
1615	12429	288	12141
1616	12373	278	12095
1617	12384	283	12101
1618	12379	291	12088
1619	12422	288	12134
1620	12510	280	12230
1621	12382	287	12095
1622	12314	285	12029
1623	12429	287	12142
1624	12513	290	12223
1625	12613	289	12324
1626	12573	280	12293
1627	12557	274	12283
1628	12757	277	12480
1629	12787	282	12505
1630	12841	280	12561
1631	12720	285	12435
1632	12666	283	12383
1633	12756	283	12473
1634	12872	282	12590
1635	12906	280	12626
1636	12918	276	12642
1637	13008	281	12727
1638	13004	286	12718
1639	12875	279	12596
1640	12979	277	12702
1641	12964	290	12674
1642	12928	282	12646
1643	12973	276	12697
1644	12962	277	12685
1645	12998	284	12714
1646	13044	289	12755
1647	13100	285	12815
1648	13163	287	12876
1649	13241	280	12961
1650	13217	276	12941
1651	13217	282	12935
1652	13245	285	12960
1653	13317	282	13035
1654	13436	279	13157
1655	13408	285	13123
1656	13338	278	13060
1657	13320	282	13038
1658	13444	281	13163
1659	13369	285	13084
1660	13349	291	13058
1661	13403	286	13117
1662	13574	282	13292
1663	13531	282	13249
1664	13481	273	13208
1665	13458	278	13180
1666	13431	282	13149
1667	13437	277	13160
1668	13509	279	13230
1669	13505	289	13216
1670	13554	280	13274
1671	13697	273	13424
1672	13827	282	13545
1673	13834	287	13547
1674	13799	279	13520
1675	13785	286	13499
1676	13746	280	13466
1677	13788	284	13504
1678	13903	279	13624
1679	13944	277	13667
1680	13906	281	13625
1681	13806	274	13532
1682	13822	267	13555
1683	13862	274	13588
1684	13843	286	13557
1685	13742	288	13454
1686	14016	283	13733
1687	14059	281	13778
1688	13974	294	13680
1689	14048	299	13749
1690	13988	294	13694
1691	13908	277	13631
1692	13961	274	13687
1693	14015	281	13734
1694	13946	272	13674
1695	13996	271	13725
1696	14095	278	13817
1697	14070	286	13784
1698	14173	278	13895
1699	14218	274	13944
1700	14174	274	13900
1701	14217	285	13932
1702	14257	283	13974
1703	14167	284	13883
1704	14185	283	13902
1705	14210	277	13933
1706	14206	281	13925
1707	14129	277	13852
1708	14095	282	13813
1709	14121	291	13830
1710	13999	284	13715
1711	13982	286	13696
1712	14059	282	13777
1713	14011	279	13732
1714	13961	284	13677
1715	13988	276	13712
1716	14053	275	13778
1717	14065	284	13781
1718	14107	268	13839
1719	14168	298	13870
1720	14260	286	13974
1721	14283	274	14009
1722	14237	281	13956
1723	14321	285	14036
1724	14301	286	14015
1725	14231	283	13948
1726	14289	274	14015
1727	14252	268	13984
1728	14257	277	13980
1729	14288	276	14012
1730	14238	277	13961
1731	14283	282	14001
1732	14214	279	13935
1733	14130	279	13851
1734	14092	287	13805
1735	14102	285	13817
1736	14105	272	13833
1737	14137	272	13865
1738	14165	280	13885
1739	14118	286	13832
1740	14127	281	13846
1741	14170	278	13892
1742	14181	277	13904
1743	14137	273	13864
1744	14082	272	13810
1745	13991	276	13715
1746	14032	274	13758
1747	14036	272	13764
1748	14028	274	13754
1749	13967	283	13684
1750	14041	281	13760
1751	13983	280	13703
1752	13911	277	13634
1753	13973	281	13692
1754	13963	279	13684
1755	13914	278	13636
1756	13899	281	13618
1757	13847	275	13572
1758	13907	276	13631
1759	13847	278	13569
1760	13744	284	13460
1761	13696	287	13409
1762	13761	282	13479
1763	13737	289	13448
1764	13707	284	13423
1765	13717	280	13437
1766	13670	281	13389
1767	13651	280	13371
1768	13627	272	13355
1769	13655	272	13383
1770	13551	281	13270
1771	13504	289	13215
1772	13490	285	13205
1773	13469	284	13185
1774	13485	285	13200
1775	13463	280	13183
1776	13374	278	13096
1777	13330	287	13043
1778	13292	286	13006
1779	13208	286	12922
1780	13296	285	13011
1781	13327	286	13041
1782	13279	280	12999
1783	13225	279	12946
1784	13208	276	12932
1785	13180	276	12904
1786	13172	285	12887
1787	13173	289	12884
1788	13037	284	12753
1789	12992	277	12715
1790	13029	278	12751
1791	12962	281	12681
1792	13068	279	12789
1793	13026	279	12747
1794	12930	287	12643
1795	12867	285	12582
1796	12939	278	12661
1797	12833	286	12547
1798	12800	284	12516
1799	12774	281	12493
1800	12688	266	12422
1801	12658	272	12386
1802	12718	277	12441
1803	12707	275	12432
1804	12612	274	12338
1805	12515	281	12234
1806	12534	278	12256
1807	12537	275	12262
1808	12471	267	12204
1809	12371	272	12099
1810	12343	278	12065
1811	12262	277	11985
1812	12218	282	11936
1813	12229	290	11939
1814	12186	293	11893
1815	12136	292	11844
1816	12142	282	11860
1817	12114	283	11831
1818	12080	285	11795
1819	12001	273	11728
1820	11986	273	11713
1821	12026	283	11743
1822	12030	278	11752
1823	12042	278	11764
1824	11876	286	11590
1825	11781	281	11500
1826	11800	276	11524
1827	11801	276	11525
1828	11869	282	11587
1829	11880	284	11596
1830	11810	277	11533
1831	11762	283	11479
1832	11794	283	11511
1833	11767	277	11490
1834	11696	270	11426
1835	11600	278	11322
1836	11692	285	11407
1837	11714	271	11443
1838	11619	269	11350
1839	11623	278	11345
1840	11687	285	11402
1841	11574	285	11289
1842	11592	277	11315
1843	11612	278	11334
1844	11491	275	11216
1845	11331	275	11056
1846	11446	276	11170
1847	11536	277	11259
1848	11426	270	11156
1849	11460	270	11190
1850	11429	272	11157
1851	11321	277	11044
1852	11427	286	11141
1853	11390	283	11107
1854	11335	276	11059
1855	11312	273	11039
1856	11378	269	11109
1857	11278	270	11008
1858	11170	282	10888
1859	11149	280	10869
1860	11168	272	10896
1861	11244	276	10968
1862	11234	282	10952
1863	11229	283	10946
1864	11141	276	10865
1865	11091	274	10817
1866	11064	274	10790
1867	11106	280	10826
1868	11103	280	10823
1869	11104	282	10822
1870	11095	277	10818
1871	10990	271	10719
1872	10933	277	10656
1873	10957	285	10672
1874	10860	282	10578
1875	10858	279	10579
1876	10865	275	10590
1877	10892	288	10604
1878	10901	288	10613
1879	10788	280	10508
1880	10878	275	10603
1881	10815	275	10540
1882	10842	279	10563
1883	10813	281	10532
1884	10826	280	10546
1885	10884	279	10605
1886	10926	284	10642
1887	10752	288	10464
1888	10744	283	10461
1889	10773	280	10493
1890	10703	274	10429
1891	10722	281	10441
1892	10745	286	10459
1893	10684	289	10395
1894	10616	287	10329
1895	10635	280	10355
1896	10756	271	10485
1897	10758	277	10481
1898	10595	273	10322
1899	10622	271	10351
1900	10667	272	10395
1901	10614	270	10344
1902	10625	282	10343
1903	10485	290	10195
1904	10594	280	10314
1905	10564	287	10277
1906	10686	290	10396
1907	10638	276	10362
1908	10512	281	10231
1909	10464	282	10182
1910	10483	283	10200
1911	10518	284	10234
1912	10517	283	10234
1913	10510	286	10224
1914	10464	280	10184
1915	10408	276	10132
1916	10517	278	10239
1917	10445	283	10162
1918	10417	286	10131
1919	10337	287	10050
1920	10313	280	10033
1921	10323	280	10043
1922	10325	274	10051
1923	10238	278	9960
1924	10325	283	10042
1925	10273	284	9989
1926	10273	284	9989
1927	10321	285	10036
1928	10244	278	9966
1929	10194	273	9921
1930	10310	282	10028
1931	10232	281	9951
1932	10285	277	10008
1933	10371	282	10089
1934	10439	287	10152
1935	10393	284	10109
1936	10269	279	9990
1937	10260	276	9984
1938	10300	287	10013
1939	10415	290	10125
1940	10354	277	10077
1941	10349	282	10067
1942	10293	294	9999
1943	10326	285	10041
1944	10362	275	10087
1945	10345	279	10066
1946	10345	276	10069
1947	10422	278	10144
1948	10448	279	10169
1949	10369	290	10079
1950	10252	285	9967
1951	10325	269	10056
1952	10447	266	10181
1953	10450	279	10171
1954	10473	289	10184
1955	10469	286	10183
1956	10354	277	10077
1957	10247	276	9971
1958	10348	279	10069
1959	10431	283	10148
1960	10436	279	10157
1961	10476	270	10206
1962	10438	274	10164
1963	10376	281	10095
1964	10300	283	10017
1965	10459	280	10179
1966	10454	280	10174
1967	10379	285	10094
1968	10269	271	9998
1969	10261	291	9970
1970	10355	274	10081
1971	10433	270	10163
1972	10449	272	10177
1973	10343	276	10067
1974	10348	278	10070
1975	10349	283	10066
1976	10424	285	10139
1977	10388	277	10111
1978	10356	282	10074
1979	10369	281	10088
1980	10313	284	10029
1981	10402	289	10113
1982	10581	286	10295
1983	10556	286	10270
1984	10535	280	10255
1985	10610	275	10335
1986	10546	278	10268
1987	10469	287	10182
1988	10487	279	10208
1989	10561	284	10277
1990	10665	291	10374
1991	10608	285	10323
1992	10659	276	10383
1993	10730	272	10458
1994	10641	274	10367
1995	10647	281	10366
1996	10762	282	10480
1997	10823	279	10544
1998	10811	280	10531
1999	10931	281	10650
2000	10892	282	10610
2001	10797	281	10516
2002	10851	280	10571
2003	10878	282	10596
2004	10925	281	10644
2005	11010	284	10726
2006	10963	283	10680
2007	10960	281	10679
2008	10998	279	10719
2009	11042	281	10761
2010	11051	274	10777
2011	10990	277	10713
2012	10947	281	10666
2013	11038	280	10758
2014	11045	278	10767
2015	11029	279	10750
2016	11029	284	10745
2017	11050	289	10761
2018	11062	281	10781
2019	11094	275	10819
2020	11088	280	10808
2021	11048	284	10764
2022	11065	280	10785
2023	10999	270	10729
2024	10942	267	10675
2025	10896	270	10626
2026	10954	270	10684
2027	10997	281	10716
2028	10953	288	10665
2029	10982	277	10705
2030	11048	272	10776
2031	11066	288	10778
2032	11084	289	10795
2033	11077	290	10787
2034	11049	279	10770
2035	11040	275	10765
2036	11019	285	10734
2037	10931	285	10646
2038	10917	279	10638
2039	10908	288	10620
2040	10875	288	10587
2041	10880	283	10597
2042	10973	280	10693
2043	10897	279	10618
2044	10942	280	10662
2045	10929	279	10650
2046	10964	276	10688
2047	11033	277	10756
2048	11004	278	10726
2049	10971	279	10692
2050	10987	280	10707
2051	11044	283	10761
2052	11123	283	10840
2053	11002	291	10711
2054	10985	280	10705
2055	11000	283	10717
2056	11055	280	10775
2057	11130	277	10853
2058	11212	278	10934
2059	11199	278	10921
2060	11216	274	10942
2061	11176	285	10891
2062	11148	285	10863
2063	11096	281	10815
2064	11112	272	10840
2065	11109	266	10843
2066	11163	274	10889
2067	11103	283	10820
2068	11105	290	10815
2069	11155	285	10870
2070	11111	280	10831
2071	11104	279	10825
2072	11227	284	10943
2073	11250	291	10959
2074	11164	286	10878
2075	11197	286	10911
2076	11238	288	10950
2077	11259	285	10974
2078	11290	284	11006
2079	11219	283	10936
2080	11255	271	10984
2081	11321	279	11042
2082	11359	288	11071
2083	11370	283	11087
2084	11379	275	11104
2085	11359	284	11075
2086	11315	285	11030
2087	11271	278	10993
2088	11395	265	11130
2089	11350	277	11073
2090	11382	281	11101
2091	11337	277	11060
2092	11326	269	11057
2093	11330	276	11054
2094	11234	282	10952
2095	11219	284	10935
2096	11261	285	10976
2097	11424	280	11144
2098	11467	278	11189
2099	11396	285	11111
2100	11412	285	11127
2101	11427	278	11149
2102	11369	276	11093
2103	11346	278	11068
2104	11392	274	11118
2105	11387	284	11103
2106	11362	281	11081
2107	11368	278	11090
2108	11387	274	11113
2109	11407	269	11138
2110	11361	272	11089
2111	11474	274	11200
2112	11385	283	11102
2113	11324	279	11045
2114	11312	278	11034
2115	11333	274	11059
2116	11430	274	11156
2117	11417	276	11141
2118	11468	282	11186
2119	11483	278	11205
2120	11329	281	11048
2121	11331	281	11050
2122	11362	280	11082
2123	11301	291	11010
2124	11312	286	11026
2125	11307	272	11035
2126	11318	272	11046
2127	11335	280	11055
2128	11386	278	11108
2129	11382	276	11106
2130	11443	274	11169
2131	11562	280	11282
2132	11447	274	11173
2133	11404	279	11125
2134	11385	279	11106
2135	11414	278	11136
2136	11482	281	11201
2137	11383	283	11100
2138	11398	281	11117
2139	11361	279	11082
2140	11369	282	11087
2141	11400	275	11125
2142	11432	273	11159
2143	11398	277	11121
2144	11473	277	11196
2145	11547	280	11267
2146	11430	276	11154
2147	11390	278	11112
2148	11328	279	11049
2149	11347	282	11065
2150	11356	287	11069
2151	11334	284	11050
2152	11291	274	11017
2153	11321	274	11047
2154	11355	279	11076
2155	11333	288	11045
2156	11278	279	10999
2157	11332	278	11054
2158	11374	295	11079
2159	11297	281	11016
2160	11306	272	11034
2161	11399	277	11122
2162	11334	273	11061
2163	11329	278	11051
2164	11291	283	11008
2165	11309	287	11022
2166	11318	281	11037
2167	11251	277	10974
2168	11250	280	10970
2169	11283	277	11006
2170	11278	285	10993
2171	11303	282	11021
2172	11214	284	10930
2173	11182	277	10905
2174	11178	280	10898
2175	11185	281	10904
2176	11185	273	10912
2177	11196	272	10924
2178	11219	284	10935
2179	11189	280	10909
2180	11149	274	10875
2181	11111	276	10835
2182	11086	285	10801
2183	11123	289	10834
2184	11076	280	10796
2185	11068	280	10788
2186	11159	281	10878
2187	11193	278	10915
2188	11134	273	10861
2189	11130	278	10852
2190	11150	282	10868
2191	11109	285	10824
2192	11006	281	10725
2193	10926	277	10649
2194	10909	282	10627
2195	10922	281	10641
2196	10830	279	10551
2197	10835	281	10554
2198	10902	274	10628
2199	10913	270	10643
2200	10767	274	10493
2201	10743	285	10458
2202	10780	285	10495
2203	10757	284	10473
2204	10724	280	10444
2205	10659	277	10382
2206	10770	278	10492
2207	10840	278	10562
2208	10763	278	10485
2209	10695	277	10418
2210	10741	278	10463
2211	10678	286	10392
2212	10656	275	10381
2213	10635	274	10361
2214	10755	279	10476
2215	10654	278	10376
2216	10629	280	10349
2217	10552	280	10272
2218	10536	264	10272
2219	10618	288	10330
2220	10593	280	10313
2221	10573	281	10292
2222	10491	273	10218
2223	10460	279	10181
2224	10469	280	10189
2225	10411	271	10140
2226	10389	280	10109
2227	10319	283	10036
2228	10290	280	10010
2229	10331	276	10055
2230	10278	276	10002
2231	10184	276	9908
2232	10157	277	9880
2233	10140	273	9867
2234	10184	278	9906
2235	10130	287	9843
2236	10111	287	9824
2237	10019	292	9727
2238	10084	283	9801
2239	10055	280	9775
2240	9979	281	9698
2241	9936	290	9646
2242	9911	288	9623
2243	9845	276	9569
2244	9814	275	9539
2245	9779	277	9502
2246	9823	279	9544
2247	9817	280	9537
2248	9634	275	9359
2249	9665	283	9382
2250	9639	285	9354
2251	9521	274	9247
2252	9506	269	9237
2253	9516	275	9241
2254	9510	270	9240
2255	9626	269	9357
2256	9554	279	9275
2257	9403	281	9122
2258	9489	280	9209
2259	9462	276	9186
2260	9396	283	9113
2261	9365	277	9088
2262	9300	274	9026
2263	9323	292	9031
2264	9305	285	9020
2265	9225	283	8942
2266	9187	270	8917
2267	9158	274	8884
2268	9211	281	8930
2269	9204	273	8931
2270	9098	270	8828
2271	9036	273	8763
2272	9056	282	8774
2273	8996	285	8711
2274	8868	280	8588
2275	8924	283	8641
2276	8976	287	8689
2277	8902	287	8615
2278	8826	285	8541
2279	8828	272	8556
2280	8957	275	8682
2281	8877	275	8602
2282	8736	281	8455
2283	8729	285	8444
2284	8713	282	8431
2285	8719	287	8432
2286	8792	285	8507
2287	8707	279	8428
2288	8625	286	8339
2289	8615	282	8333
2290	8625	275	8350
2291	8569	274	8295
2292	8536	283	8253
2293	8536	285	8251
2294	8558	284	8274
2295	8477	296	8181
2296	8508	288	8220
2297	8512	280	8232
2298	8421	279	8142
2299	8479	286	8193
2300	8516	277	8239
2301	8458	275	8183
2302	8452	274	8178
2303	8364	283	8081
2304	8224	282	7942
2305	8250	278	7972
2306	8297	288	8009
2307	8258	289	7969
2308	8304	280	8024
2309	8308	279	8029
2310	8223	288	7935
2311	8137	280	7857
2312	8033	270	7763
2313	8040	275	7765
2314	8167	275	7892
2315	8206	281	7925
2316	8085	281	7804
2317	8011	286	7725
2318	7984	283	7701
2319	7992	286	7706
2320	7982	284	7698
2321	7898	278	7620
2322	7920	271	7649
2323	7908	276	7632
2324	7853	277	7576
2325	7792	278	7514
2326	7781	277	7504
2327	7762	267	7495
2328	7773	271	7502
2329	7704	281	7423
2330	7698	279	7419
2331	7655	279	7376
2332	7713	280	7433
2333	7705	275	7430
2334	7673	270	7403
2335	7580	275	7305
2336	7603	274	7329
2337	7605	272	7333
2338	7587	275	7312
2339	7575	276	7299
2340	7537	277	7260
2341	7441	281	7160
2342	7559	287	7272
2343	7568	278	7290
2344	7395	277	7118
2345	7425	279	7146
2346	7425	271	7154
2347	7482	277	7205
2348	7497	276	7221
2349	7423	281	7142
2350	7336	279	7057
2351	7348	279	7069
2352	7399	283	7116
2353	7343	281	7062
2354	7382	269	7113
2355	7359	271	7088
2356	7299	281	7018
2357	7206	283	6923
2358	7175	283	6892
2359	7162	280	6882
2360	7272	271	7001
2361	7228	270	6958
2362	7122	268	6854
2363	7098	271	6827
2364	7162	271	6891
2365	7118	280	6838
2366	7121	283	6838
2367	7165	269	6896
2368	7138	271	6867
2369	7042	279	6763
2370	7008	267	6741
2371	7045	270	6775
2372	7111	275	6836
2373	7015	282	6733
2374	7099	289	6810
2375	7150	274	6876
2376	7072	275	6797
2377	6954	287	6667
2378	6950	290	6660
2379	6860	285	6575
2380	6830	276	6554
2381	6953	282	6671
2382	7011	278	6733
2383	6960	275	6685
2384	6934	277	6657
2385	6852	282	6570
2386	6810	280	6530
2387	6858	275	6583
2388	6864	275	6589
2389	6770	276	6494
2390	6721	276	6445
2391	6735	280	6455
2392	6776	278	6498
2393	6746	272	6474
2394	6780	276	6504
2395	6839	288	6551
2396	6788	287	6501
2397	6795	287	6508
2398	6730	283	6447
2399	6648	272	6376
2400	6684	269	6415
2401	6719	275	6444
2402	6668	277	6391
2403	6649	282	6367
2404	6599	285	6314
2405	6602	290	6312
2406	6702	285	6417
2407	6615	272	6343
2408	6511	268	6243
2409	6517	279	6238
2410	6551	281	6270
2411	6561	276	6285
2412	6505	270	6235
2413	6504	276	6228
2414	6520	282	6238
2415	6482	284	6198
2416	6466	280	6186
2417	6473	278	6195
2418	6437	280	6157
2419	6321	283	6038
2420	6413	286	6127
2421	6404	286	6118
2422	6374	277	6097
2423	6402	272	6130
2424	6405	267	6138
2425	6433	274	6159
2426	6351	277	6074
2427	6322	285	6037
2428	6372	285	6087
2429	6282	280	6002
2430	6272	275	5997
2431	6289	268	6021
2432	6223	265	5958
2433	6226	272	5954
2434	6277	276	6001
2435	6321	273	6048
2436	6321	281	6040
2437	6299	272	6027
2438	6223	262	5961
2439	6181	266	5915
2440	6195	279	5916
2441	6185	271	5914
2442	6226	270	5956
2443	6185	280	5905
2444	6198	274	5924
2445	6194	273	5921
2446	6171	276	5895
2447	6153	280	5873
2448	6183	283	5900
2449	6155	282	5873
2450	6087	283	5804
2451	6135	286	5849
2452	6053	285	5768
2453	6001	285	5716
2454	6082	290	5792
2455	6153	288	5865
2456	6097	283	5814
2457	6067	291	5776
2458	6084	281	5803
2459	6117	274	5843
2460	6153	284	5869
2461	6040	284	5756
2462	6031	286	5745
2463	6045	288	5757
2464	6044	278	5766
2465	6007	281	5726
2466	6020	282	5738
2467	6052	282	5770
2468	6041	267	5774
2469	6018	290	5728
2470	5988	277	5711
2471	5954	283	5671
2472	5984	286	5698
2473	5953	285	5668
2474	5977	276	5701
2475	5958	278	5680
2476	5935	276	5659
2477	5957	280	5677
2478	5999	282	5717
2479	5929	283	5646
2480	5947	286	5661
2481	5955	290	5665
2482	5958	280	5678
2483	5929	274	5655
2484	5953	274	5679
2485	5890	276	5614
2486	5873	282	5591
2487	5815	279	5536
2488	5836	276	5560
2489	5844	278	5566
2490	5873	272	5601
2491	5874	279	5595
2492	5859	278	5581
2493	5832	282	5550
2494	5829	283	5546
2495	5793	282	5511
2496	5780	285	5495
2497	5819	288	5531
2498	5800	271	5529
2499	5795	275	5520
2500	5801	270	5531
2501	5717	278	5439
2502	5743	282	5461
2503	5760	279	5481
2504	5819	284	5535
2505	5862	281	5581
2506	5783	276	5507
2507	5835	267	5568
2508	5799	274	5525
2509	5778	286	5492
2510	5815	273	5542
2511	5816	269	5547
2512	5750	267	5483
2513	5802	276	5526
2514	5748	276	5472
2515	5724	279	5445
2516	5747	276	5471
2517	5788	280	5508
2518	5721	288	5433
2519	5708	286	5422
2520	5686	268	5418
2521	5720	269	5451
2522	5734	276	5458
2523	5660	283	5377
2524	5716	290	5426
2525	5740	286	5454
2526	5703	279	5424
2527	5702	274	5428
2528	5729	270	5459
2529	5655	282	5373
2530	5637	277	5360
2531	5738	274	5464
2532	5751	282	5469
2533	5737	289	5448
2534	5758	282	5476
2535	5707	282	5425
2536	5681	276	5405
2537	5689	269	5420
2538	5709	280	5429
2539	5673	289	5384
2540	5661	285	5376
2541	5705	274	5431
2542	5712	270	5442
2543	5655	276	5379
2544	5663	276	5387
2545	5678	281	5397
2546	5676	281	5395
2547	5653	284	5369
2548	5679	279	5400
2549	5630	271	5359
2550	5675	275	5400
2551	5631	279	5352
2552	5573	276	5297
2553	5617	277	5340
2554	5653	280	5373
2555	5596	279	5317
2556	5622	282	5340
2557	5545	278	5267
2558	5557	273	5284
2559	5502	273	5229
2560	5518	283	5235
2561	5610	290	5320
2562	5558	281	5277
2563	5583	282	5301
2564	5657	283	5374
2565	5616	283	5333
2566	5576	283	5293
2567	5528	292	5236
2568	5606	292	5314
2569	5614	288	5326
2570	5645	273	5372
2571	5611	271	5340
2572	5633	279	5354
2573	5665	284	5381
2574	5673	277	5396
2575	5646	279	5367
2576	5627	275	5352
2577	5573	281	5292
2578	5620	282	5338
2579	5638	276	5362
2580	5588	269	5319
2581	5627	273	5354
2582	5711	274	5437
2583	5716	279	5437
2584	5593	280	5313
2585	5547	274	5273
2586	5588	273	5315
2587	5600	281	5319
2588	5647	281	5366
2589	5639	284	5355
2590	5602	283	5319
2591	5557	280	5277
2592	5578	281	5297
2593	5582	284	5298
2594	5655	279	5376
2595	5606	282	5324
2596	5587	273	5314
2597	5574	277	5297
2598	5653	279	5374
2599	5694	282	5412
2600	5600	277	5323
2601	5561	268	5293
2602	5606	277	5329
2603	5591	278	5313
2604	5563	282	5281
2605	5550	288	5262
2606	5570	281	5289
2607	5632	275	5357
2608	5643	272	5371
2609	5592	278	5314
2610	5577	281	5296
2611	5558	280	5278
2612	5627	273	5354
2613	5672	275	5397
2614	5611	281	5330
2615	5641	277	5364
2616	5636	280	5356
2617	5580	281	5299
2618	5592	277	5315
2619	5554	279	5275
2620	5597	284	5313
2621	5598	282	5316
2622	5555	280	5275
2623	5608	276	5332
2624	5661	274	5387
2625	5636	268	5368
2626	5634	278	5356
2627	5662	286	5376
2628	5596	281	5315
2629	5576	283	5293
2630	5649	281	5368
2631	5628	286	5342
2632	5599	282	5317
2633	5551	279	5272
2634	5514	283	5231
2635	5575	280	5295
2636	5616	279	5337
2637	5547	280	5267
2638	5528	274	5254
2639	5587	273	5314
2640	5542	265	5277
2641	5473	267	5206
2642	5538	267	5271
2643	5654	278	5376
2644	5665	283	5382
2645	5634	287	5347
2646	5626	286	5340
2647	5549	279	5270
2648	5587	279	5308
2649	5612	289	5323
2650	5639	278	5361
2651	5577	270	5307
2652	5591	276	5315
2653	5581	279	5302
2654	5552	283	5269
2655	5587	278	5309
2656	5620	277	5343
2657	5647	279	5368
2658	5682	284	5398
2659	5647	288	5359
2660	5677	277	5400
2661	5618	277	5341
2662	5636	282	5354
2663	5606	293	5313
2664	5618	294	5324
2665	5666	285	5381
2666	5692	276	5416
2667	5669	277	5392
2668	5605	282	5323
2669	5588	277	5311
2670	5599	273	5326
2671	5633	281	5352
2672	5652	288	5364
2673	5685	282	5403
2674	5690	274	5416
2675	5679	278	5401
2676	5701	278	5423
2677	5626	277	5349
2678	5664	279	5385
2679	5709	281	5428
2680	5733	280	5453
2681	5739	285	5454
2682	5686	286	5400
2683	5641	283	5358
2684	5654	279	5375
2685	5682	285	5397
2686	5728	281	5447
2687	5740	279	5461
2688	5663	275	5388
2689	5648	277	5371
2690	5662	273	5389
2691	5655	277	5378
2692	5729	281	5448
2693	5717	279	5438
2694	5695	284	5411
2695	5727	288	5439
2696	5688	289	5399
2697	5636	280	5356
2698	5629	283	5346
2699	5652	274	5378
2700	5593	266	5327
2701	5630	275	5355
2702	5725	287	5438
2703	5683	285	5398
2704	5615	275	5340
2705	5631	283	5348
2706	5630	280	5350
2707	5627	285	5342
2708	5658	290	5368
2709	5668	285	5383
2710	5601	287	5314
2711	5559	288	5271
2712	5620	281	5339
2713	5615	288	5327
2714	5648	289	5359
2715	5711	283	5428
2716	5635	277	5358
2717	5588	277	5311
2718	5645	263	5382
2719	5660	279	5381
2720	5746	274	5472
2721	5716	274	5442
2722	5700	273	5427
2723	5743	283	5460
2724	5751	272	5479
2725	5697	273	5424
2726	5722	281	5441
2727	5720	280	5440
2728	5694	277	5417
2729	5712	278	5434
2730	5726	285	5441
2731	5693	290	5403
2732	5701	290	5411
2733	5717	288	5429
2734	5733	284	5449
2735	5749	283	5466
2736	5737	291	5446
2737	5729	283	5446
2738	5721	280	5441
2739	5688	280	5408
2740	5640	273	5367
2741	5728	276	5452
2742	5735	276	5459
2743	5749	278	5471
2744	5723	276	5447
2745	5635	275	5360
2746	5659	278	5381
2747	5681	276	5405
2748	5678	275	5403
2749	5673	275	5398
2750	5724	286	5438
2751	5694	298	5396
2752	5650	282	5368
2753	5652	285	5367
2754	5686	287	5399
2755	5653	285	5368
2756	5660	290	5370
2757	5713	289	5424
2758	5702	272	5430
2759	5676	274	5402
2760	5661	284	5377
2761	5645	277	5368
2762	5724	283	5441
2763	5757	284	5473
2764	5723	274	5449
2765	5735	273	5462
2766	5746	277	5469
2767	5673	278	5395
2768	5727	277	5450
2769	5661	279	5382
2770	5640	278	5362
2771	5663	283	5380
2772	5724	281	5443
2773	5739	279	5460
2774	5753	277	5476
2775	5716	283	5433
2776	5635	277	5358
2777	5669	283	5386
2778	5721	285	5436
2779	5647	283	5364
2780	5612	281	5331
2781	5596	281	5315
2782	5619	274	5345
2783	5647	282	5365
2784	5671	285	5386
2785	5583	280	5303
2786	5547	285	5262
2787	5636	286	5350
2788	5649	277	5372
2789	5617	282	5335
2790	5654	287	5367
2791	5648	277	5371
2792	5631	272	5359
2793	5651	276	5375
2794	5685	277	5408
2795	5632	282	5350
2796	5660	283	5377
2797	5623	281	5342
2798	5571	281	5290
2799	5657	279	5378
2800	5618	281	5337
2801	5546	278	5268
2802	5592	276	5316
2803	5637	281	5356
2804	5702	287	5415
2805	5657	283	5374
2806	5622	285	5337
2807	5654	288	5366
2808	5615	279	5336
2809	5581	283	5298
2810	5635	283	5352
2811	5626	278	5348
2812	5612	274	5338
2813	5608	282	5326
2814	5595	291	5304
2815	5585	284	5301
2816	5617	264	5353
2817	5579	267	5312
2818	5572	284	5288
2819	5588	279	5309
2820	5600	278	5322
2821	5603	286	5317
2822	5607	288	5319
2823	5539	283	5256
2824	5543	270	5273
2825	5563	275	5288
2826	5583	284	5299
2827	5526	290	5236
2828	5538	284	5254
2829	5512	279	5233
2830	5504	274	5230
2831	5499	274	5225
2832	5493	276	5217
2833	5489	286	5203
2834	5485	282	5203
2835	5440	287	5153
2836	5464	285	5179
2837	5475	291	5184
2838	5457	285	5172
2839	5413	287	5126
2840	5445	292	5153
2841	5451	281	5170
2842	5431	273	5158
2843	5445	273	5172
2844	5535	274	5261
2845	5493	276	5217
2846	5491	272	5219
2847	5439	270	5169
2848	5385	270	5115
2849	5385	276	5109
2850	5419	289	5130
2851	5434	286	5148
2852	5431	274	5157
2853	5400	281	5119
2854	5371	282	5089
2855	5355	278	5077
2856	5412	279	5133
2857	5400	282	5118
2858	5327	282	5045
2859	5387	276	5111
2860	5401	274	5127
2861	5418	277	5141
2862	5379	277	5102
2863	5344	285	5059
2864	5349	283	5066
2865	5377	280	5097
2866	5374	283	5091
2867	5292	286	5006
2868	5297	288	5009
2869	5303	292	5011
2870	5260	286	4974
2871	5299	286	5013
2872	5342	272	5070
2873	5294	273	5021
2874	5354	279	5075
2875	5314	288	5026
2876	5220	279	4941
2877	5237	283	4954
2878	5223	277	4946
2879	5201	262	4939
2880	5281	272	5009
2881	5295	280	5015
2882	5314	292	5022
2883	5243	277	4966
2884	5199	268	4931
2885	5171	278	4893
2886	5212	282	4930
2887	5251	278	4973
2888	5207	278	4929
2889	5179	281	4898
2890	5152	275	4877
2891	5121	287	4834
2892	5113	289	4824
2893	5107	282	4825
2894	5088	278	4810
2895	5032	286	4746
2896	5027	289	4738
2897	5027	286	4741
2898	5084	277	4807
2899	5013	282	4731
2900	5025	292	4733
2901	5033	282	4751
2902	5019	280	4739
2903	5010	280	4730
2904	4949	274	4675
2905	4948	273	4675
2906	4991	272	4719
2907	4941	275	4666
2908	4901	277	4624
2909	4880	280	4600
2910	4914	280	4634
2911	4931	277	4654
2912	4928	278	4650
2913	4933	275	4658
2914	4919	275	4644
2915	4958	277	4681
2916	4932	285	4647
2917	4831	286	4545
2918	4863	280	4583
2919	4898	278	4620
2920	4881	279	4602
2921	4851	287	4564
2922	4896	273	4623
2923	4852	275	4577
2924	4819	273	4546
2925	4832	276	4556
2926	4864	281	4583
2927	4785	285	4500
2928	4729	282	4447
2929	4777	282	4495
2930	4789	280	4509
2931	4785	288	4497
2932	4720	280	4440
2933	4684	274	4410
2934	4772	284	4488
2935	4759	283	4476
2936	4669	279	4390
2937	4675	284	4391
2938	4678	287	4391
2939	4631	275	4356
2940	4605	277	4328
2941	4615	281	4334
2942	4633	273	4360
2943	4615	271	4344
2944	4638	276	4362
2945	4634	280	4354
2946	4609	280	4329
2947	4638	280	4358
2948	4570	275	4295
2949	4555	278	4277
2950	4608	273	4335
2951	4543	270	4273
2952	4501	277	4224
2953	4493	275	4218
2954	4444	273	4171
2955	4455	272	4183
2956	4505	280	4225
2957	4491	279	4212
2958	4469	271	4198
2959	4408	270	4138
2960	4410	279	4131
2961	4401	284	4117
2962	4379	273	4106
2963	4397	280	4117
2964	4393	289	4104
2965	4351	281	4070
2966	4290	279	4011
2967	4273	288	3985
2968	4330	276	4054
2969	4302	283	4019
2970	4271	271	4000
2971	4263	281	3982
2972	4244	287	3957
2973	4260	280	3980
2974	4329	276	4053
2975	4292	271	4021
2976	4198	276	3922
2977	4164	281	3883
2978	4163	267	3896
2979	4141	278	3863
2980	4103	278	3825
2981	4142	283	3859
2982	4132	285	3847
2983	4113	282	3831
2984	4093	279	3814
2985	4066	282	3784
2986	4053	283	3770
2987	4022	276	3746
2988	3990	261	3729
2989	3992	270	3722
2990	4020	271	3749
2991	4080	286	3794
2992	4036	282	3754
2993	4032	271	3761
2994	4000	269	3731
2995	3986	275	3711
2996	3987	278	3709
2997	3889	278	3611
2998	3864	281	3583
2999	3927	294	3633
3000	3877	288	3589
3001	3825	284	3541
3002	3831	285	3546
3003	3785	278	3507
3004	3747	282	3465
3005	3806	279	3527
3006	3822	278	3544
3007	3817	277	3540
3008	3770	276	3494
3009	3732	290	3442
3010	3728	271	3457
3011	3673	277	3396
3012	3671	280	3391
3013	3708	277	3431
3014	3687	277	3410
3015	3654	272	3382
3016	3622	274	3348
3017	3565	279	3286
3018	3557	275	3282
3019	3614	275	3339
3020	3595	283	3312
3021	3516	279	3237
3022	3525	276	3249
3023	3527	284	3243
3024	3506	286	3220
3025	3483	285	3198
3026	3463	279	3184
3027	3388	283	3105
3028	3375	283	3092
3029	3393	276	3117
3030	3374	273	3101
3031	3312	280	3032
3032	3281	274	3007
3033	3299	281	3018
3034	3272	281	2991
3035	3222	279	2943
3036	3210	287	2923
3037	3178	287	2891
3038	3172	278	2894
3039	3151	280	2871
3040	3130	283	2847
3041	3114	285	2829
3042	3058	278	2780
3043	3080	277	2803
3044	3082	282	2800
3045	3038	291	2747
3046	3037	285	2752
3047	2987	282	2705
3048	2982	287	2695
3049	3001	287	2714
3050	3004	282	2722
3051	2978	282	2696
3052	2931	278	2653
3053	2863	273	2590
3054	2878	285	2593
3055	2901	287	2614
3056	2861	274	2587
3057	2825	270	2555
3058	2823	264	2559
3059	2790	264	2526
3060	2810	270	2540
3061	2797	281	2516
3062	2756	281	2475
3063	2767	278	2489
3064	2705	282	2423
3065	2666	287	2379
3066	2650	285	2365
3067	2651	284	2367
3068	2647	275	2372
3069	2584	275	2309
3070	2605	278	2327
3071	2580	278	2302
3072	2558	274	2284
3073	2545	282	2263
3074	2541	288	2253
3075	2506	277	2229
3076	2488	281	2207
3077	2422	283	2139
3078	2455	287	2168
3079	2455	292	2163
3080	2450	285	2165
3081	2386	281	2105
3082	2369	278	2091
3083	2343	283	2060
3084	2331	278	2053
3085	2304	270	2034
3086	2324	282	2042
3087	2299	297	2002
3088	2282	288	1994
3089	2227	290	1937
3090	2185	279	1906
3091	2209	276	1933
3092	2242	279	1963
3093	2274	288	1986
3094	2205	287	1918
3095	2107	285	1822
3096	2077	289	1788
3097	2097	287	1810
3098	2082	274	1808
3099	2036	280	1756
3100	2032	281	1751
3101	2023	279	1744
3102	2001	274	1727
3103	2002	275	1727
3104	1991	278	1713
3105	1962	285	1677
3106	1950	284	1666
3107	1914	281	1633
3108	1892	275	1617
3109	1852	282	1570
3110	1856	277	1579
3111	1882	281	1601
3112	1824	278	1546
3113	1798	274	1524
3114	1817	283	1534
3115	1771	288	1483
3116	1727	282	1445
3117	1737	281	1456
3118	1756	278	1478
3119	1677	280	1397
3120	1655	278	1377
3121	1714	283	1431
3122	1685	287	1398
3123	1645	285	1360
3124	1641	278	1363
3125	1644	278	1366
3126	1613	278	1335
3127	1562	280	1282
3128	1580	270	1310
3129	1550	268	1282
3130	1496	275	1221
3131	1521	285	1236
3132	1521	278	1243
3133	1491	274	1217
3134	1488	271	1217
3135	1462	272	1190
3136	1466	279	1187
3137	1452	285	1167
3138	1476	281	1195
3139	1460	280	1180
3140	1405	291	1114
3141	1388	282	1106
3142	1380	275	1105
3143	1365	282	1083
3144	1390	281	1109
3145	1304	279	1025
3146	1300	284	1016
3147	1280	286	994
3148	1274	279	995
3149	1265	276	989
3150	1258	282	976
3151	1262	286	976
3152	1218	284	934
3153	1189	286	903
3154	1199	288	911
3155	1188	278	910
3156	1200	282	918
3157	1164	284	880
3158	1149	281	868
3159	1142	281	861
3160	1157	282	875
3161	1121	282	839
3162	1127	273	854
3163	1109	282	827
3164	1109	280	829
3165	1109	278	831
3166	1083	282	801
3167	1077	283	794
3168	1029	284	745
3169	1033	283	750
3170	1019	283	736
3171	985	281	704
3172	982	284	698
3173	985	278	707
3174	998	281	717
3175	987	286	701
3176	963	286	677
3177	910	286	624
3178	913	289	624
3179	926	282	644
3180	903	285	618
3181	915	291	624
3182	916	282	634
3183	920	278	642
3184	909	277	632
3185	874	279	595
3186	883	276	607
3187	849	274	575
3188	837	277	560
3189	863	279	584
3190	854	274	580
3191	857	273	584
3192	850	277	573
3193	832	283	549
3194	810	278	532
3195	790	284	506
3196	817	286	531
3197	783	287	496
3198	776	282	494
3199	799	274	525
3200	803	281	522
3201	773	289	484
3202	748	278	470
3203	746	284	462
3204	712	287	425
3205	701	287	414
3206	715	283	432
3207	722	284	438
3208	725	279	446
3209	679	284	395
3210	675	279	396
3211	693	281	412
3212	693	288	405
3213	707	280	427
3214	690	277	413
3215	655	288	367
3216	690	275	415
3217	667	279	388
3218	658	277	381
3219	653	303	350
3220	656	285	371
3221	646	287	359
3222	667	295	372
3223	681	293	388
3224	649	281	368
3225	650	277	373
3226	672	285	387
3227	669	288	381
3228	654	283	371
3229	629	286	343
3230	607	279	328
3231	586	281	305
3232	589	285	304
3233	627	279	348
3234	618	282	336
3235	585	288	297
3236	579	288	291
3237	589	274	315
3238	569	274	295
3239	586	274	312
3240	626	280	346
3241	586	284	302
3242	576	281	295
3243	589	277	312
3244	590	278	312
3245	592	286	306
3246	608	283	325
3247	586	279	307
3248	559	282	277
3249	531	279	252
3250	538	278	260
3251	529	291	238
3252	533	292	241
3253	531	285	246
3254	526	284	242
3255	519	273	246
3256	540	282	258
3257	518	284	234
3258	534	278	256
3259	532	280	252
3260	522	273	249
3261	525	278	247
3262	537	287	250
3263	530	278	252
3264	515	273	242
3265	506	279	227
3266	524	279	245
3267	528	283	245
3268	506	281	225
3269	493	288	205
3270	484	278	206
3271	490	277	213
3272	509	285	224
3273	519	286	233
3274	506	281	225
3275	486	288	198
3276	502	288	214
3277	509	284	225
3278	504	276	228
3279	498	277	221
3280	487	277	210
3281	477	276	201
3282	486	267	219
3283	490	272	218
3284	467	274	193
3285	471	273	198
3286	487	272	215
3287	478	283	195
3288	482	284	198
3289	483	285	198
3290	463	284	179
3291	441	285	156
3292	459	285	174
3293	484	282	202
3294	465	277	188
3295	444	282	162
3296	454	279	175
3297	468	287	181
3298	472	278	194
3299	454	279	175
3300	463	285	178
3301	447	283	164
3302	429	282	147
3303	437	278	159
3304	448	276	172
3305	454	283	171
3306	451	277	174
3307	445	281	164
3308	449	273	176
3309	449	262	187
3310	441	268	173
3311	425	275	150
3312	418	277	141
3313	453	278	175
3314	435	275	160
3315	403	279	124
3316	413	279	134
3317	410	286	124
3318	417	283	134
3319	419	280	139
3320	439	278	161
3321	425	281	144
3322	419	283	136
3323	423	279	144
3324	432	284	148
3325	412	283	129
3326	434	281	153
3327	442	277	165
3328	419	282	137
3329	424	288	136
3330	428	281	147
3331	420	285	135
3332	421	277	144
3333	432	282	150
3334	435	282	153
3335	428	279	149
3336	419	287	132
3337	423	282	141
3338	419	278	141
3339	397	280	117
3340	411	282	129
3341	428	285	143
3342	446	280	166
3343	428	286	142
3344	416	285	131
3345	387	291	96
3346	402	287	115
3347	419	279	140
3348	420	273	147
3349	417	279	138
3350	395	286	109
3351	390	282	108
3352	401	286	115
3353	412	285	127
3354	433	282	151
3355	413	281	132
3356	412	283	129
3357	410	294	116
3358	405	287	118
3359	396	288	108
3360	426	286	140
3361	425	286	139
3362	421	282	139
3363	401	284	117
3364	402	283	119
3365	412	288	124
3366	392	285	107
3367	391	279	112
3368	412	289	123
3369	429	290	139
3370	411	283	128
3371	405	286	119
3372	421	278	143
3373	445	287	158
3374	415	285	130
3375	406	282	124
3376	415	280	135
3377	419	279	140
3378	402	285	117
3379	407	291	116
3380	413	289	124
3381	391	290	101
3382	388	288	100
3383	382	281	101
3384	398	274	124
3385	390	284	106
3386	385	282	103
3387	405	287	118
3388	413	286	127
3389	391	280	111
3390	403	284	119
3391	392	283	109
3392	400	279	121
3393	404	283	121
3394	416	287	129
3395	397	282	115
3396	389	276	113
3397	389	273	116
3398	401	280	121
3399	399	295	104
3400	393	288	105
3401	407	275	132
3402	402	270	132
3403	412	280	132
3404	409	276	133
3405	389	281	108
3406	405	286	119
3407	419	283	136
3408	415	276	139
3409	407	277	130
3410	403	289	114
3411	385	290	95
3412	389	281	108
3413	389	277	112
3414	402	274	128
3415	401	275	126
3416	389	270	119
3417	390	265	125
3418	396	260	136
3419	396	263	133
3420	389	271	118
3421	401	281	120
3422	404	282	122
3423	391	275	116
3424	397	279	118
3425	408	272	136
3426	405	274	131
3427	382	281	101
3428	360	279	81
3429	370	276	94
3430	401	275	126
3431	410	275	135
3432	389	277	112
3433	362	280	82
3434	394	288	106
3435	416	288	128
3436	399	279	120
3437	396	283	113
3438	389	285	104
3439	379	280	99
3440	386	282	104
3441	403	273	130
3442	409	274	135
3443	397	273	124
3444	386	277	109
3445	396	276	120
3446	401	284	117
3447	391	290	101
3448	405	275	130
3449	370	275	95
3450	382	281	101
3451	394	281	113
3452	390	286	104
3453	383	285	98
3454	376	281	95
3455	391	286	105
3456	398	279	119
3457	398	281	117
3458	396	282	114
3459	407	289	118
3460	398	289	109
3461	375	289	86
3462	384	277	107
3463	386	283	103
3464	369	294	75
3465	378	289	89
3466	394	279	115
3467	382	286	96
3468	363	272	91
3469	382	290	92
3470	416	277	139
3471	398	275	123
3472	379	287	92
3473	364	285	79
3474	400	279	121
3475	397	281	116
3476	387	285	102
3477	380	287	93
3478	395	282	113
3479	394	284	110
3480	394	275	119
3481	408	280	128
3482	395	280	115
3483	366	271	95
3484	388	275	113
3485	381	281	100
3486	389	283	106
3487	386	280	106
3488	394	281	113
3489	386	273	113
3490	373	270	103
3491	375	282	93
3492	397	277	120
3493	398	278	120
3494	365	279	86
3495	362	277	85
3496	369	270	99
3497	372	269	103
3498	389	280	109
3499	398	286	112
3500	396	276	120
3501	378	274	104
3502	386	276	110
3503	397	272	125
3504	380	274	106
3505	388	281	107
3506	386	282	104
3507	380	284	96
3508	379	279	100
3509	385	276	109
3510	398	276	122
3511	374	272	102
3512	370	271	99
3513	380	279	101
3514	366	272	94
3515	371	274	97
3516	380	290	90
3517	387	291	96
3518	383	280	103
3519	380	284	96
3520	377	275	102
3521	373	273	100
3522	384	279	105
3523	373	278	95
3524	371	282	89
3525	381	293	88
3526	390	284	106
3527	368	283	85
3528	386	282	104
3529	390	283	107
3530	393	280	113
3531	393	281	112
3532	403	282	121
3533	379	270	109
3534	393	273	120
3535	401	278	123
3536	408	280	128
3537	378	284	94
3538	376	277	99
3539	369	282	87
3540	365	287	78
3541	370	285	85
3542	381	279	102
3543	376	273	103
3544	383	273	110
3545	398	282	116
3546	396	282	114
3547	372	286	86
3548	382	274	108
3549	383	269	114
3550	376	269	107
3551	380	278	102
3552	389	277	112
3553	376	285	91
3554	390	289	101
3555	383	282	101
3556	397	283	114
3557	395	281	114
3558	393	280	113
3559	394	278	116
3560	392	285	107
3561	368	286	82
3562	367	271	96
3563	360	279	81
3564	373	283	90
3565	381	285	96
3566	368	277	91
3567	372	281	91
3568	390	280	110
3569	388	280	108
3570	374	282	92
3571	366	280	86
3572	376	273	103
3573	387	279	108
3574	389	281	108
3575	360	281	79
3576	363	289	74
3577	367	288	79
3578	379	280	99
3579	364	285	79
3580	371	285	86
3581	369	287	82
3582	381	290	91
3583	380	280	100
3584	383	283	100
3585	390	281	109
3586	367	272	95
3587	351	279	72
3588	376	284	92
3589	411	288	123
3590	415	280	135
3591	380	289	91
3592	373	288	85
3593	392	280	112
3594	378	276	102
3595	371	284	87
3596	359	297	62
3597	397	289	108
3598	389	275	114
3599	369	282	87
3600	383	277	106
3601	382	276	106
3602	381	282	99
3603	357	283	74
3604	359	284	75
3605	377	286	91
3606	388	297	91
3607	385	299	86
3608	363	280	83
3609	361	276	85
3610	386	283	103
3611	361	288	73
3612	372	277	95
3613	360	274	86
3614	361	279	82
3615	374	280	94
3616	386	286	100
3617	392	287	105
3618	395	291	104
3619	395	288	107
3620	367	281	86
3621	346	286	60
3622	370	278	92
3623	408	281	127
3624	397	280	117
3625	384	279	105
3626	375	288	87
3627	353	293	60
3628	358	288	70
3629	373	281	92
3630	367	278	89
3631	330	279	51
3632	341	275	66
3633	360	276	84
3634	379	274	105
3635	376	275	101
3636	363	268	95
3637	370	279	91
3638	376	288	88
3639	371	291	80
3640	372	281	91
3641	355	277	78
3642	347	281	66
3643	378	275	103
3644	375	277	98
3645	340	290	50
3646	351	285	66
3647	358	278	80
3648	352	272	80
