index	original	background	difference
-----------------------------------------------------
1	307	237	70
2	322	244	78
3	314	241	73
4	299	236	63
5	297	239	58
6	330	238	92
7	306	251	55
8	293	249	44
9	291	246	45
10	316	256	60
11	328	260	68
12	313	245	68
13	287	245	42
14	318	247	71
15	330	248	82
16	317	239	78
17	304	236	68
18	332	237	95
19	330	246	84
20	326	245	81
21	330	249	81
22	322	252	70
23	321	249	72
24	327	247	80
25	348	256	92
26	354	251	103
27	333	256	77
28	325	254	71
29	311	251	60
30	329	247	82
31	325	251	74
32	312	249	63
33	313	260	53
34	330	259	71
35	336	261	75
36	331	255	76
37	313	255	58
38	331	249	82
39	339	254	85
40	339	254	85
41	340	261	79
42	323	265	58
43	301	264	37
44	313	254	59
45	309	255	54
46	315	262	53
47	314	260	54
48	332	259	73
49	346	268	78
50	355	256	99
51	342	259	83
52	323	259	64
53	322	257	65
54	344	255	89
55	327	260	67
56	320	251	69
57	339	256	83
58	341	271	70
59	336	267	69
60	344	261	83
61	340	273	67
62	331	265	66
63	320	270	50
64	322	265	57
65	303	264	39
66	305	266	39
67	306	273	33
68	317	258	59
69	325	262	63
70	336	262	74
71	339	260	79
72	333	260	73
73	341	261	80
74	348	260	88
75	314	265	49
76	331	251	80
77	333	263	70
78	342	264	78
79	327	266	61
80	326	265	61
81	347	264	83
82	338	258	80
83	320	266	54
84	333	271	62
85	342	266	76
86	343	253	90
87	320	259	61
88	326	257	69
89	321	267	54
90	340	270	70
91	360	275	85
92	369	260	109
93	348	258	90
94	340	264	76
95	326	279	47
96	348	272	76
97	328	270	58
98	332	272	60
99	346	274	72
100	351	266	85
101	330	270	60
102	337	258	79
103	326	260	66
104	331	264	67
105	360	263	97
106	361	266	95
107	341	266	75
108	338	273	65
109	341	279	62
110	352	263	89
111	353	260	93
112	356	267	89
113	331	275	56
114	323	270	53
115	324	265	59
116	330	269	61
117	333	271	62
118	332	264	68
119	342	269	73
120	334	282	52
121	343	278	65
122	354	262	92
123	337	271	66
124	337	261	76
125	329	272	57
126	344	260	84
127	315	259	56
128	321	264	57
129	362	272	90
130	360	272	88
131	339	272	67
132	334	263	71
133	337	270	67
134	354	271	83
135	339	270	69
136	330	271	59
137	329	277	52
138	346	273	73
139	365	270	95
140	351	269	82
141	347	270	77
142	378	266	112
143	360	283	77
144	340	282	58
145	352	279	73
146	354	277	77
147	358	274	84
148	342	262	80
149	355	259	96
150	376	268	108
151	360	280	80
152	330	277	53
153	325	272	53
154	348	272	76
155	339	288	51
156	324	270	54
157	330	263	67
158	333	269	64
159	361	272	89
160	343	267	76
161	332	276	56
162	336	274	62
163	336	269	67
164	350	261	89
165	358	266	92
166	362	264	98
167	354	268	86
168	345	265	80
169	343	275	68
170	344	270	74
171	343	268	75
172	351	264	87
173	336	275	61
174	345	271	74
175	362	271	91
176	369	268	101
177	352	271	81
178	327	262	65
179	339	278	61
180	327	276	51
181	337	280	57
182	345	272	73
183	347	270	77
184	315	270	45
185	328	278	50
186	362	275	87
187	361	274	87
188	356	272	84
189	337	273	64
190	322	272	50
191	321	267	54
192	343	260	83
193	340	263	77
194	336	267	69
195	349	280	69
196	352	260	92
197	346	265	81
198	363	276	87
199	330	280	50
200	318	273	45
201	348	271	77
202	366	257	109
203	342	269	73
204	335	265	70
205	337	267	70
206	356	265	91
207	328	269	59
208	326	269	57
209	332	269	63
210	341	274	67
211	337	282	55
212	345	268	77
213	329	275	54
214	332	270	62
215	350	275	75
216	357	273	84
217	356	271	85
218	360	271	89
219	354	269	85
220	339	273	66
221	356	283	73
222	351	276	75
223	336	280	56
224	336	281	55
225	346	281	65
226	341	272	69
227	332	274	58
228	318	265	53
229	343	276	67
230	355	269	86
231	337	272	65
232	310	275	35
233	328	275	53
234	356	273	83
235	344	268	76
236	339	267	72
237	339	274	65
238	352	269	83
239	330	273	57
240	346	272	74
241	367	280	87
242	365	283	82
243	350	271	79
244	346	267	79
245	330	271	59
246	337	265	72
247	348	266	82
248	345	264	81
249	360	276	84
250	364	267	97
251	336	270	66
252	334	267	67
253	362	269	93
254	378	260	118
255	354	270	84
256	333	267	66
257	339	274	65
258	359	276	83
259	359	277	82
260	342	265	77
261	336	263	73
262	364	262	102
263	377	269	108
264	366	265	101
265	356	279	77
266	343	266	77
267	363	274	89
268	369	277	92
269	348	277	71
270	351	273	78
271	356	275	81
272	355	271	84
273	345	272	73
274	342	267	75
275	348	269	79
276	351	273	78
277	344	280	64
278	349	279	70
279	354	277	77
280	344	269	75
281	361	274	87
282	362	269	93
283	339	269	70
284	340	264	76
285	351	264	87
286	355	260	95
287	342	270	72
288	350	262	88
289	347	264	83
290	346	272	74
291	376	281	95
292	365	273	92
293	331	270	61
294	337	261	76
295	333	263	70
296	338	264	74
297	333	270	63
298	328	278	50
299	317	286	31
300	345	270	75
301	365	271	94
302	363	273	90
303	344	271	73
304	340	261	79
305	342	260	82
306	335	265	70
307	341	279	62
308	362	264	98
309	337	259	78
310	333	271	62
311	358	268	90
312	368	262	106
313	350	273	77
314	349	268	81
315	359	269	90
316	356	262	94
317	348	271	77
318	343	268	75
319	343	269	74
320	322	264	58
321	344	271	73
322	348	259	89
323	343	264	79
324	345	260	85
325	326	259	67
326	344	262	82
327	335	277	58
328	348	278	70
329	326	278	48
330	323	280	43
331	349	279	70
332	352	271	81
333	324	282	42
334	337	280	57
335	342	277	65
336	330	274	56
337	313	276	37
338	333	264	69
339	341	268	73
340	342	275	67
341	331	269	62
342	310	271	39
343	310	283	27
344	332	267	65
345	345	270	75
346	360	272	88
347	354	272	82
348	369	272	97
349	351	278	73
350	336	275	61
351	323	275	48
352	315	274	41
353	329	269	60
354	341	264	77
355	356	275	81
356	354	278	76
357	333	278	55
358	338	277	61
359	313	282	31
360	329	277	52
361	333	288	45
362	321	275	46
363	324	269	55
364	317	266	51
365	326	271	55
366	326	276	50
367	309	273	36
368	319	266	53
369	310	284	26
370	328	281	47
371	333	278	55
372	322	270	52
373	328	278	50
374	328	284	44
375	325	279	46
376	336	274	62
377	342	274	68
378	345	272	73
379	348	276	72
380	363	275	88
381	362	279	83
382	345	273	72
383	358	271	87
384	355	272	83
385	323	276	47
386	295	267	28
387	305	275	30
388	325	275	50
389	312	275	37
390	347	268	79
391	346	271	75
392	337	272	65
393	336	267	69
394	336	274	62
395	318	272	46
396	320	277	43
397	320	281	39
398	334	276	58
399	337	280	57
400	349	278	71
401	362	274	88
402	348	268	80
403	323	274	49
404	317	279	38
405	330	283	47
406	354	269	85
407	333	270	63
408	340	264	76
409	363	267	96
410	349	257	92
411	329	269	60
412	337	274	63
413	334	273	61
414	340	267	73
415	313	282	31
416	306	281	25
417	325	275	50
418	335	270	65
419	334	266	68
420	354	263	91
421	348	264	84
422	345	263	82
423	345	264	81
424	349	259	90
425	330	269	61
426	323	275	48
427	335	272	63
428	325	271	54
429	330	274	56
430	348	270	78
431	352	273	79
432	350	267	83
433	357	268	89
434	347	262	85
435	335	271	64
436	333	272	61
437	329	266	63
438	335	264	71
439	298	270	28
440	318	267	51
441	352	274	78
442	342	267	75
443	333	261	72
444	346	272	74
445	337	279	58
446	345	271	74
447	336	271	65
448	364	273	91
449	327	277	50
450	344	273	71
451	353	269	84
452	337	271	66
453	336	269	67
454	322	265	57
455	331	267	64
456	333	274	59
457	321	277	44
458	334	266	68
459	340	264	76
460	336	262	74
461	322	279	43
462	341	283	58
463	341	275	66
464	350	261	89
465	338	268	70
466	336	261	75
467	343	266	77
468	358	268	90
469	345	279	66
470	317	273	44
471	310	276	34
472	345	270	75
473	342	258	84
474	336	264	72
475	320	271	49
476	332	264	68
477	355	261	94
478	342	264	78
479	322	271	51
480	336	271	65
481	348	275	73
482	350	263	87
483	334	255	79
484	334	261	73
485	311	274	37
486	337	268	69
487	343	271	72
488	330	268	62
489	317	263	54
490	334	253	81
491	326	269	57
492	305	275	30
493	308	268	40
494	324	262	62
495	317	265	52
496	327	266	61
497	313	273	40
498	349	267	82
499	352	267	85
500	334	269	65
501	341	265	76
502	342	261	81
503	349	265	84
504	356	270	86
505	336	277	59
506	352	276	76
507	349	272	77
508	329	262	67
509	327	265	62
510	335	276	59
511	346	275	71
512	354	269	85
513	333	278	55
514	344	277	67
515	348	265	83
516	321	265	56
517	311	270	41
518	324	268	56
519	332	279	53
520	335	272	63
521	324	273	51
522	334	269	65
523	364	270	94
524	366	270	96
525	364	274	90
526	361	262	99
527	340	259	81
528	343	265	78
529	345	267	78
530	364	265	99
531	362	270	92
532	361	268	93
533	336	282	54
534	334	276	58
535	326	279	47
536	302	273	29
537	309	264	45
538	363	258	105
539	345	269	76
540	325	274	51
541	309	276	33
542	325	273	52
543	358	281	77
544	369	279	90
545	338	273	65
546	328	272	56
547	314	281	33
548	336	275	61
549	323	275	48
550	331	268	63
551	339	275	64
552	343	270	73
553	325	271	54
554	361	271	90
555	343	276	67
556	336	265	71
557	338	273	65
558	338	269	69
559	338	268	70
560	344	270	74
561	350	277	73
562	351	269	82
563	351	272	79
564	352	278	74
565	333	277	56
566	335	266	69
567	342	279	63
568	323	276	47
569	314	264	50
570	324	265	59
571	331	272	59
572	359	272	87
573	355	284	71
574	345	276	69
575	328	274	54
576	333	275	58
577	341	270	71
578	332	264	68
579	341	271	70
580	342	270	72
581	355	274	81
582	343	267	76
583	350	267	83
584	340	270	70
585	347	282	65
586	338	281	57
587	341	279	62
588	321	275	46
589	325	275	50
590	341	269	72
591	331	270	61
592	332	259	73
593	349	260	89
594	330	270	60
595	317	279	38
596	329	275	54
597	357	279	78
598	360	270	90
599	337	277	60
600	344	273	71
601	342	272	70
602	345	265	80
603	350	263	87
604	359	260	99
605	333	272	61
606	318	269	49
607	312	268	44
608	344	274	70
609	352	273	79
610	321	274	47
611	324	275	49
612	343	269	74
613	365	275	90
614	349	275	74
615	333	276	57
616	334	271	63
617	350	269	81
618	361	261	100
619	344	270	74
620	359	279	80
621	370	278	92
622	362	263	99
623	337	265	72
624	349	266	83
625	333	273	60
626	348	272	76
627	331	271	60
628	340	273	67
629	358	270	88
630	359	262	97
631	356	269	87
632	353	273	80
633	343	278	65
634	331	265	66
635	339	267	72
636	357	266	91
637	353	274	79
638	361	271	90
639	352	266	86
640	345	272	73
641	330	277	53
642	342	272	70
643	334	283	51
644	315	277	38
645	342	279	63
646	355	278	77
647	343	278	65
648	368	267	101
649	361	275	86
650	348	262	86
651	329	261	68
652	330	268	62
653	329	269	60
654	345	270	75
655	338	284	54
656	352	273	79
657	359	272	87
658	350	275	75
659	337	272	65
660	346	272	74
661	354	271	83
662	368	270	98
663	351	275	76
664	348	277	71
665	351	272	79
666	339	261	78
667	314	269	45
668	345	268	77
669	345	276	69
670	342	275	67
671	349	270	79
672	341	259	82
673	340	262	78
674	356	275	81
675	357	267	90
676	355	271	84
677	344	278	66
678	359	269	90
679	346	274	72
680	343	267	76
681	382	274	108
682	366	268	98
683	338	268	70
684	349	280	69
685	339	281	58
686	347	270	77
687	359	269	90
688	371	275	96
689	381	272	109
690	372	266	106
691	346	275	71
692	372	274	98
693	343	264	79
694	359	265	94
695	368	268	100
696	369	275	94
697	375	275	100
698	368	255	113
699	344	267	77
700	340	265	75
701	340	271	69
702	364	270	94
703	358	275	83
704	361	273	88
705	380	272	108
706	367	263	104
707	358	270	88
708	360	270	90
709	357	268	89
710	373	267	106
711	385	275	110
712	378	271	107
713	355	268	87
714	367	266	101
715	374	276	98
716	369	264	105
717	344	261	83
718	341	259	82
719	370	279	91
720	366	270	96
721	366	278	88
722	375	269	106
723	364	266	98
724	344	268	76
725	357	256	101
726	361	262	99
727	350	270	80
728	356	262	94
729	374	265	109
730	369	268	101
731	341	276	65
732	348	270	78
733	362	270	92
734	353	264	89
735	358	268	90
736	366	265	101
737	362	268	94
738	354	273	81
739	368	268	100
740	376	267	109
741	368	268	100
742	383	266	117
743	381	271	110
744	364	269	95
745	350	275	75
746	370	272	98
747	371	278	93
748	364	272	92
749	384	265	119
750	394	265	129
751	362	263	99
752	352	263	89
753	352	281	71
754	371	271	100
755	343	268	75
756	347	266	81
757	357	277	80
758	362	279	83
759	369	269	100
760	367	265	102
761	358	276	82
762	371	271	100
763	385	271	114
764	383	264	119
765	370	277	93
766	371	272	99
767	373	273	100
768	368	267	101
769	361	271	90
770	354	267	87
771	344	276	68
772	355	271	84
773	386	267	119
774	392	268	124
775	376	270	106
776	376	265	111
777	371	280	91
778	386	276	110
779	392	264	128
780	364	266	98
781	360	276	84
782	380	272	108
783	367	280	87
784	389	275	114
785	392	277	115
786	400	280	120
787	392	281	111
788	383	261	122
789	386	268	118
790	400	272	128
791	398	281	117
792	401	283	118
793	378	281	97
794	406	272	134
795	427	272	155
796	404	275	129
797	386	283	103
798	402	280	122
799	426	271	155
800	392	262	130
801	377	269	108
802	389	272	117
803	393	279	114
804	396	272	124
805	385	269	116
806	375	264	111
807	399	262	137
808	398	266	132
809	396	276	120
810	405	270	135
811	390	259	131
812	405	265	140
813	406	283	123
814	430	278	152
815	416	272	144
816	390	269	121
817	386	272	114
818	386	264	122
819	405	267	138
820	398	272	126
821	377	272	105
822	389	271	118
823	381	270	111
824	397	269	128
825	392	282	110
826	374	281	93
827	393	278	115
828	404	264	140
829	389	269	120
830	392	266	126
831	405	266	139
832	420	268	152
833	404	277	127
834	386	277	109
835	402	279	123
836	419	269	150
837	411	273	138
838	417	273	144
839	412	271	141
840	419	259	160
841	408	262	146
842	403	268	135
843	404	274	130
844	423	262	161
845	408	266	142
846	404	271	133
847	430	272	158
848	414	268	146
849	412	263	149
850	411	263	148
851	400	274	126
852	408	274	134
853	391	272	119
854	402	267	135
855	411	268	143
856	418	270	148
857	419	264	155
858	406	269	137
859	412	275	137
860	434	267	167
861	428	278	150
862	439	272	167
863	420	273	147
864	423	272	151
865	426	278	148
866	441	274	167
867	418	272	146
868	430	272	158
869	425	272	153
870	437	264	173
871	417	266	151
872	419	264	155
873	421	274	147
874	427	268	159
875	427	273	154
876	432	271	161
877	442	278	164
878	438	265	173
879	439	264	175
880	450	255	195
881	442	268	174
882	419	270	149
883	416	276	140
884	446	278	168
885	432	274	158
886	441	263	178
887	440	264	176
888	423	265	158
889	423	273	150
890	453	271	182
891	446	266	180
892	429	264	165
893	446	272	174
894	453	270	183
895	425	278	147
896	451	271	180
897	467	274	193
898	469	265	204
899	461	272	189
900	445	270	175
901	425	262	163
902	443	273	170
903	467	283	184
904	478	269	209
905	485	279	206
906	469	276	193
907	450	280	170
908	472	274	198
909	467	277	190
910	463	274	189
911	464	272	192
912	441	262	179
913	445	269	176
914	455	273	182
915	457	268	189
916	457	262	195
917	458	274	184
918	499	269	230
919	484	265	219
920	462	263	199
921	462	274	188
922	471	271	200
923	476	279	197
924	488	271	217
925	473	265	208
926	453	269	184
927	472	264	208
928	493	265	228
929	487	279	208
930	492	266	226
931	479	267	212
932	483	276	207
933	494	277	217
934	467	271	196
935	491	275	216
936	487	269	218
937	479	273	206
938	494	266	228
939	485	272	213
940	481	269	212
941	478	272	206
942	469	267	202
943	462	269	193
944	480	273	207
945	470	280	190
946	478	264	214
947	491	277	214
948	490	274	216
949	485	273	212
950	509	271	238
951	494	271	223
952	465	261	204
953	445	272	173
954	472	273	199
955	505	276	229
956	507	273	234
957	466	272	194
958	475	277	198
959	514	280	234
960	534	276	258
961	515	275	240
962	512	268	244
963	529	281	248
964	525	271	254
965	510	267	243
966	524	267	257
967	509	273	236
968	488	263	225
969	485	269	216
970	523	270	253
971	541	276	265
972	529	282	247
973	504	281	223
974	490	278	212
975	521	276	245
976	528	271	257
977	521	272	249
978	542	273	269
979	537	282	255
980	527	271	256
981	551	271	280
982	557	280	277
983	541	284	257
984	539	272	267
985	538	276	262
986	562	271	291
987	552	268	284
988	557	257	300
989	563	262	301
990	552	263	289
991	524	276	248
992	540	270	270
993	568	274	294
994	570	280	290
995	530	271	259
996	538	260	278
997	559	272	287
998	553	265	288
999	554	269	285
1000	548	273	275
1001	533	274	259
1002	566	271	295
1003	568	274	294
1004	558	270	288
1005	570	273	297
1006	574	271	303
1007	565	269	296
1008	596	274	322
1009	607	282	325
1010	590	279	311
1011	576	279	297
1012	596	276	320
1013	598	278	320
1014	601	274	327
1015	596	269	327
1016	581	276	305
1017	602	276	326
1018	613	268	345
1019	595	271	324
1020	608	279	329
1021	620	279	341
1022	606	267	339
1023	594	278	316
1024	618	285	333
1025	598	280	318
1026	592	264	328
1027	608	268	340
1028	604	270	334
1029	591	277	314
1030	590	276	314
1031	621	274	347
1032	607	264	343
1033	611	273	338
1034	644	270	374
1035	636	266	370
1036	647	264	383
1037	621	268	353
1038	602	274	328
1039	618	280	338
1040	622	274	348
1041	609	272	337
1042	626	261	365
1043	615	263	352
1044	603	262	341
1045	617	271	346
1046	638	263	375
1047	625	275	350
1048	620	273	347
1049	612	275	337
1050	621	274	347
1051	634	273	361
1052	613	274	339
1053	620	276	344
1054	623	273	350
1055	631	276	355
1056	645	269	376
1057	639	271	368
1058	641	267	374
1059	621	269	352
1060	642	276	366
1061	657	280	377
1062	676	273	403
1063	671	278	393
1064	628	274	354
1065	662	276	386
1066	698	267	431
1067	657	286	371
1068	645	275	370
1069	658	267	391
1070	692	263	429
1071	669	265	404
1072	650	268	382
1073	668	279	389
1074	670	276	394
1075	663	270	393
1076	689	268	421
1077	676	269	407
1078	659	272	387
1079	688	271	417
1080	716	268	448
1081	709	267	442
1082	722	264	458
1083	711	271	440
1084	719	265	454
1085	720	277	443
1086	686	275	411
1087	686	271	415
1088	722	267	455
1089	707	275	432
1090	712	278	434
1091	717	283	434
1092	703	271	432
1093	705	271	434
1094	698	275	423
1095	705	279	426
1096	719	269	450
1097	725	273	452
1098	730	272	458
1099	701	276	425
1100	747	274	473
1101	760	272	488
1102	762	273	489
1103	737	273	464
1104	730	267	463
1105	741	272	469
1106	773	280	493
1107	756	273	483
1108	731	260	471
1109	723	270	453
1110	750	273	477
1111	758	274	484
1112	764	260	504
1113	759	265	494
1114	769	269	500
1115	768	283	485
1116	758	279	479
1117	763	278	485
1118	793	273	520
1119	789	271	518
1120	769	275	494
1121	761	267	494
1122	803	269	534
1123	802	277	525
1124	818	277	541
1125	793	277	516
1126	785	264	521
1127	774	272	502
1128	789	282	507
1129	787	272	515
1130	798	264	534
1131	778	276	502
1132	777	272	505
1133	815	273	542
1134	804	279	525
1135	789	275	514
1136	811	273	538
1137	822	282	540
1138	849	271	578
1139	821	269	552
1140	800	274	526
1141	801	275	526
1142	830	273	557
1143	845	278	567
1144	856	274	582
1145	821	278	543
1146	833	277	556
1147	840	275	565
1148	854	271	583
1149	866	284	582
1150	850	278	572
1151	835	272	563
1152	845	270	575
1153	863	263	600
1154	867	264	603
1155	877	277	600
1156	859	276	583
1157	872	286	586
1158	872	277	595
1159	855	272	583
1160	863	280	583
1161	859	285	574
1162	889	272	617
1163	883	270	613
1164	868	271	597
1165	865	284	581
1166	865	275	590
1167	868	268	600
1168	869	273	596
1169	885	268	617
1170	869	267	602
1171	845	276	569
1172	880	270	610
1173	891	271	620
1174	880	275	605
1175	882	274	608
1176	871	259	612
1177	871	266	605
1178	866	279	587
1179	877	283	594
1180	879	274	605
1181	899	275	624
1182	915	270	645
1183	877	271	606
1184	887	268	619
1185	902	277	625
1186	910	274	636
1187	914	272	642
1188	915	266	649
1189	899	270	629
1190	897	274	623
1191	904	270	634
1192	940	270	670
1193	923	282	641
1194	917	284	633
1195	909	277	632
1196	940	272	668
1197	914	273	641
1198	912	277	635
1199	917	278	639
1200	929	275	654
1201	948	273	675
1202	966	271	695
1203	930	278	652
1204	955	270	685
1205	945	278	667
1206	939	271	668
1207	926	263	663
1208	952	262	690
1209	957	269	688
1210	947	261	686
1211	956	276	680
1212	948	278	670
1213	961	275	686
1214	981	268	713
1215	981	274	707
1216	1001	272	729
1217	983	267	716
1218	1003	262	741
1219	1020	273	747
1220	1014	269	745
1221	991	274	717
1222	973	264	709
1223	996	265	731
1224	1021	263	758
1225	1019	273	746
1226	1012	274	738
1227	1027	270	757
1228	1044	269	775
1229	1033	267	766
1230	1035	262	773
1231	1030	274	756
1232	1046	277	769
1233	1027	271	756
1234	1045	272	773
1235	1038	283	755
1236	1045	274	771
1237	1068	278	790
1238	1059	269	790
1239	1078	278	800
1240	1087	276	811
1241	1086	273	813
1242	1084	266	818
1243	1046	262	784
1244	1103	265	838
1245	1081	273	808
1246	1103	268	835
1247	1114	271	843
1248	1127	262	865
1249	1119	266	853
1250	1137	265	872
1251	1151	272	879
1252	1130	279	851
1253	1129	281	848
1254	1117	271	846
1255	1141	270	871
1256	1149	269	880
1257	1151	269	882
1258	1154	271	883
1259	1146	276	870
1260	1191	275	916
1261	1170	284	886
1262	1154	274	880
1263	1183	270	913
1264	1182	273	909
1265	1162	282	880
1266	1183	267	916
1267	1197	263	934
1268	1181	266	915
1269	1171	268	903
1270	1148	261	887
1271	1183	264	919
1272	1202	264	938
1273	1197	268	929
1274	1205	270	935
1275	1205	276	929
1276	1221	271	950
1277	1210	278	932
1278	1233	277	956
1279	1250	280	970
1280	1216	276	940
1281	1230	269	961
1282	1230	271	959
1283	1233	273	960
1284	1262	264	998
1285	1247	271	976
1286	1285	266	1019
1287	1302	267	1035
1288	1258	259	999
1289	1250	270	980
1290	1260	268	992
1291	1249	276	973
1292	1250	277	973
1293	1283	271	1012
1294	1277	263	1014
1295	1296	266	1030
1296	1277	268	1009
1297	1275	275	1000
1298	1292	267	1025
1299	1295	270	1025
1300	1313	267	1046
1301	1305	269	1036
1302	1318	266	1052
1303	1327	270	1057
1304	1277	265	1012
1305	1294	281	1013
1306	1351	283	1068
1307	1342	267	1075
1308	1328	266	1062
1309	1343	270	1073
1310	1374	274	1100
1311	1380	281	1099
1312	1373	267	1106
1313	1350	262	1088
1314	1366	260	1106
1315	1339	272	1067
1316	1342	267	1075
1317	1359	260	1099
1318	1334	264	1070
1319	1339	273	1066
1320	1392	271	1121
1321	1369	273	1096
1322	1347	270	1077
1323	1378	266	1112
1324	1414	262	1152
1325	1421	272	1149
1326	1412	268	1144
1327	1394	262	1132
1328	1381	270	1111
1329	1408	274	1134
1330	1397	272	1125
1331	1412	265	1147
1332	1432	267	1165
1333	1407	277	1130
1334	1394	277	1117
1335	1439	266	1173
1336	1414	261	1153
1337	1415	271	1144
1338	1464	272	1192
1339	1463	278	1185
1340	1443	265	1178
1341	1431	266	1165
1342	1447	267	1180
1343	1479	277	1202
1344	1494	274	1220
1345	1468	272	1196
1346	1455	264	1191
1347	1489	266	1223
1348	1520	268	1252
1349	1522	274	1248
1350	1544	268	1276
1351	1554	265	1289
1352	1520	258	1262
1353	1526	270	1256
1354	1537	274	1263
1355	1530	266	1264
1356	1534	266	1268
1357	1487	265	1222
1358	1546	258	1288
1359	1583	262	1321
1360	1563	259	1304
1361	1580	266	1314
1362	1594	267	1327
1363	1582	269	1313
1364	1585	260	1325
1365	1596	267	1329
1366	1608	265	1343
1367	1640	266	1374
1368	1619	265	1354
1369	1558	274	1284
1370	1596	278	1318
1371	1650	281	1369
1372	1635	272	1363
1373	1653	275	1378
1374	1665	274	1391
1375	1658	267	1391
1376	1674	260	1414
1377	1659	271	1388
1378	1678	272	1406
1379	1689	271	1418
1380	1638	271	1367
1381	1632	273	1359
1382	1675	269	1406
1383	1690	277	1413
1384	1718	268	1450
1385	1681	272	1409
1386	1681	271	1410
1387	1716	282	1434
1388	1695	265	1430
1389	1713	267	1446
1390	1696	264	1432
1391	1695	274	1421
1392	1697	270	1427
1393	1740	275	1465
1394	1763	271	1492
1395	1717	270	1447
1396	1698	271	1427
1397	1733	263	1470
1398	1748	266	1482
1399	1784	273	1511
1400	1779	275	1504
1401	1746	273	1473
1402	1773	272	1501
1403	1832	276	1556
1404	1762	279	1483
1405	1737	279	1458
1406	1828	267	1561
1407	1867	277	1590
1408	1803	271	1532
1409	1821	282	1539
1410	1790	271	1519
1411	1783	280	1503
1412	1828	285	1543
1413	1808	277	1531
1414	1806	262	1544
1415	1830	264	1566
1416	1873	264	1609
1417	1833	276	1557
1418	1819	278	1541
1419	1858	269	1589
1420	1840	263	1577
1421	1835	276	1559
1422	1908	274	1634
1423	1909	276	1633
1424	1954	274	1680
1425	1932	271	1661
1426	1922	275	1647
1427	1927	275	1652
1428	1916	274	1642
1429	1925	269	1656
1430	1946	268	1678
1431	1948	275	1673
1432	1946	262	1684
1433	1927	267	1660
1434	1948	261	1687
1435	1962	273	1689
1436	1995	266	1729
1437	1951	268	1683
1438	1956	277	1679
1439	1956	270	1686
1440	1951	267	1684
1441	1998	282	1716
1442	2019	275	1744
1443	2014	274	1740
1444	2038	270	1768
1445	2067	276	1791
1446	2058	274	1784
1447	2062	269	1793
1448	2093	272	1821
1449	2095	276	1819
1450	2064	274	1790
1451	2026	279	1747
1452	2064	269	1795
1453	2079	277	1802
1454	2109	273	1836
1455	2046	273	1773
1456	2044	270	1774
1457	2080	283	1797
1458	2130	281	1849
1459	2119	273	1846
1460	2153	258	1895
1461	2159	271	1888
1462	2129	272	1857
1463	2103	271	1832
1464	2166	262	1904
1465	2209	267	1942
1466	2154	272	1882
1467	2161	270	1891
1468	2198	250	1948
1469	2229	277	1952
1470	2183	267	1916
1471	2165	277	1888
1472	2160	272	1888
1473	2196	272	1924
1474	2241	273	1968
1475	2198	280	1918
1476	2205	269	1936
1477	2209	274	1935
1478	2222	277	1945
1479	2212	276	1936
1480	2251	275	1976
1481	2270	279	1991
1482	2266	271	1995
1483	2288	276	2012
1484	2290	273	2017
1485	2322	271	2051
1486	2341	271	2070
1487	2330	275	2055
1488	2286	273	2013
1489	2302	272	2030
1490	2316	263	2053
1491	2341	281	2060
1492	2375	275	2100
1493	2336	274	2062
1494	2341	272	2069
1495	2361	275	2086
1496	2354	273	2081
1497	2373	281	2092
1498	2367	268	2099
1499	2393	267	2126
1500	2409	268	2141
1501	2392	276	2116
1502	2432	271	2161
1503	2408	271	2137
1504	2443	275	2168
1505	2481	272	2209
1506	2490	264	2226
1507	2491	268	2223
1508	2483	267	2216
1509	2427	268	2159
1510	2407	272	2135
1511	2479	286	2193
1512	2509	279	2230
1513	2485	267	2218
1514	2514	267	2247
1515	2504	272	2232
1516	2506	267	2239
1517	2466	269	2197
1518	2459	257	2202
1519	2500	271	2229
1520	2540	277	2263
1521	2588	268	2320
1522	2556	278	2278
1523	2513	285	2228
1524	2542	270	2272
1525	2527	276	2251
1526	2506	275	2231
1527	2533	280	2253
1528	2591	271	2320
1529	2577	267	2310
1530	2574	264	2310
1531	2572	277	2295
1532	2612	270	2342
1533	2643	271	2372
1534	2640	276	2364
1535	2614	272	2342
1536	2648	269	2379
1537	2606	275	2331
1538	2631	269	2362
1539	2657	275	2382
1540	2658	273	2385
1541	2650	275	2375
1542	2646	272	2374
1543	2667	275	2392
1544	2652	270	2382
1545	2677	271	2406
1546	2722	265	2457
1547	2696	267	2429
1548	2724	271	2453
1549	2692	282	2410
1550	2685	267	2418
1551	2684	270	2414
1552	2728	263	2465
1553	2728	278	2450
1554	2734	285	2449
1555	2758	275	2483
1556	2793	268	2525
1557	2746	277	2469
1558	2714	276	2438
1559	2724	264	2460
1560	2792	261	2531
1561	2761	268	2493
1562	2757	272	2485
1563	2815	274	2541
1564	2849	266	2583
1565	2817	269	2548
1566	2815	273	2542
1567	2848	274	2574
1568	2849	270	2579
1569	2838	269	2569
1570	2846	274	2572
1571	2819	275	2544
1572	2855	269	2586
1573	2872	272	2600
1574	2904	254	2650
1575	2901	270	2631
1576	2937	273	2664
1577	2937	266	2671
1578	2888	257	2631
1579	2860	269	2591
1580	2873	268	2605
1581	2913	278	2635
1582	2889	272	2617
1583	2906	264	2642
1584	2900	258	2642
1585	2935	264	2671
1586	2968	262	2706
1587	2954	260	2694
1588	3001	263	2738
1589	2984	270	2714
1590	2961	272	2689
1591	3001	268	2733
1592	2996	260	2736
1593	2933	263	2670
1594	2991	264	2727
1595	2983	270	2713
1596	3005	268	2737
1597	3014	279	2735
1598	2966	276	2690
1599	2991	278	2713
1600	3033	278	2755
1601	3024	280	2744
1602	3027	278	2749
1603	3018	285	2733
1604	3065	282	2783
1605	3120	271	2849
1606	3146	269	2877
1607	3143	273	2870
1608	3161	269	2892
1609	3156	278	2878
1610	3172	275	2897
1611	3113	267	2846
1612	3166	271	2895
1613	3205	279	2926
1614	3203	272	2931
1615	3186	270	2916
1616	3188	257	2931
1617	3229	267	2962
1618	3256	270	2986
1619	3258	277	2981
1620	3278	265	3013
1621	3299	267	3032
1622	3269	262	3007
1623	3248	264	2984
1624	3321	269	3052
1625	3345	276	3069
1626	3318	270	3048
1627	3309	271	3038
1628	3274	266	3008
1629	3345	272	3073
1630	3388	268	3120
1631	3390	273	3117
1632	3392	271	3121
1633	3383	271	3112
1634	3473	265	3208
1635	3428	270	3158
1636	3444	271	3173
1637	3443	277	3166
1638	3500	278	3222
1639	3478	275	3203
1640	3474	270	3204
1641	3486	273	3213
1642	3494	269	3225
1643	3526	281	3245
1644	3518	277	3241
1645	3545	272	3273
1646	3620	272	3348
1647	3554	276	3278
1648	3556	271	3285
1649	3600	277	3323
1650	3595	261	3334
1651	3639	265	3374
1652	3701	268	3433
1653	3641	276	3365
1654	3638	274	3364
1655	3657	272	3385
1656	3679	258	3421
1657	3649	254	3395
1658	3692	264	3428
1659	3751	280	3471
1660	3741	274	3467
1661	3751	269	3482
1662	3734	262	3472
1663	3752	273	3479
1664	3753	275	3478
1665	3763	277	3486
1666	3794	265	3529
1667	3794	267	3527
1668	3847	264	3583
1669	3879	272	3607
1670	3804	270	3534
1671	3842	280	3562
1672	3890	265	3625
1673	3884	266	3618
1674	3916	265	3651
1675	3874	267	3607
1676	3919	272	3647
1677	3916	277	3639
1678	3943	281	3662
1679	3995	278	3717
1680	4011	273	3738
1681	4008	275	3733
1682	3992	274	3718
1683	4023	286	3737
1684	4011	284	3727
1685	4013	264	3749
1686	4047	248	3799
1687	4034	259	3775
1688	4056	274	3782
1689	4088	274	3814
1690	4039	271	3768
1691	4131	279	3852
1692	4162	272	3890
1693	4122	275	3847
1694	4135	266	3869
1695	4157	273	3884
1696	4130	276	3854
1697	4136	281	3855
1698	4147	281	3866
1699	4095	286	3809
1700	4204	270	3934
1701	4240	273	3967
1702	4243	276	3967
1703	4228	275	3953
1704	4272	278	3994
1705	4235	279	3956
1706	4201	263	3938
1707	4258	273	3985
1708	4263	275	3988
1709	4271	275	3996
1710	4231	267	3964
1711	4294	268	4026
1712	4272	262	4010
1713	4287	275	4012
1714	4366	271	4095
1715	4403	271	4132
1716	4359	278	4081
1717	4250	276	3974
1718	4277	273	4004
1719	4358	271	4087
1720	4374	271	4103
1721	4319	278	4041
1722	4381	274	4107
1723	4388	269	4119
1724	4383	271	4112
1725	4401	274	4127
1726	4419	275	4144
1727	4429	270	4159
1728	4449	263	4186
1729	4492	271	4221
1730	4467	269	4198
1731	4455	264	4191
1732	4489	270	4219
1733	4519	277	4242
1734	4508	276	4232
1735	4471	284	4187
1736	4465	273	4192
1737	4458	274	4184
1738	4464	265	4199
1739	4511	277	4234
1740	4482	266	4216
1741	4527	267	4260
1742	4549	269	4280
1743	4527	279	4248
1744	4530	269	4261
1745	4517	271	4246
1746	4509	269	4240
1747	4500	276	4224
1748	4561	271	4290
1749	4611	274	4337
1750	4582	270	4312
1751	4590	274	4316
1752	4575	274	4301
1753	4597	285	4312
1754	4624	275	4349
1755	4558	277	4281
1756	4561	272	4289
1757	4604	273	4331
1758	4678	273	4405
1759	4624	272	4352
1760	4629	260	4369
1761	4681	270	4411
1762	4635	274	4361
1763	4640	281	4359
1764	4685	279	4406
1765	4670	277	4393
1766	4629	272	4357
1767	4652	275	4377
1768	4666	273	4393
1769	4686	278	4408
1770	4742	277	4465
1771	4674	280	4394
1772	4654	275	4379
1773	4697	282	4415
1774	4679	280	4399
1775	4643	282	4361
1776	4625	269	4356
1777	4609	276	4333
1778	4635	284	4351
1779	4664	280	4384
1780	4677	272	4405
1781	4749	278	4471
1782	4765	276	4489
1783	4692	277	4415
1784	4708	284	4424
1785	4655	285	4370
1786	4740	273	4467
1787	4752	278	4474
1788	4754	273	4481
1789	4769	271	4498
1790	4754	276	4478
1791	4712	280	4432
1792	4754	272	4482
1793	4772	273	4499
1794	4811	269	4542
1795	4753	276	4477
1796	4799	263	4536
1797	4739	280	4459
1798	4791	274	4517
1799	4811	275	4536
1800	4804	276	4528
1801	4800	274	4526
1802	4828	278	4550
1803	4811	282	4529
1804	4835	276	4559
1805	4902	276	4626
1806	4910	271	4639
1807	4884	270	4614
1808	4874	270	4604
1809	4880	275	4605
1810	4903	275	4628
1811	4917	275	4642
1812	4929	266	4663
1813	4963	271	4692
1814	4954	272	4682
1815	4947	277	4670
1816	4970	271	4699
1817	5012	268	4744
1818	5020	267	4753
1819	5027	276	4751
1820	5081	267	4814
1821	5072	267	4805
1822	5078	276	4802
1823	5099	277	4822
1824	5087	269	4818
1825	5114	275	4839
1826	5126	269	4857
1827	5188	274	4914
1828	5188	281	4907
1829	5141	277	4864
1830	5154	271	4883
1831	5213	284	4929
1832	5252	275	4977
1833	5240	270	4970
1834	5354	273	5081
1835	5404	267	5137
1836	5379	272	5107
1837	5316	271	5045
1838	5311	275	5036
1839	5369	273	5096
1840	5379	261	5118
1841	5357	265	5092
1842	5415	276	5139
1843	5427	287	5140
1844	5486	274	5212
1845	5550	271	5279
1846	5545	259	5286
1847	5549	279	5270
1848	5557	275	5282
1849	5582	272	5310
1850	5573	270	5303
1851	5590	271	5319
1852	5614	272	5342
1853	5614	273	5341
1854	5653	268	5385
1855	5682	285	5397
1856	5689	278	5411
1857	5767	271	5496
1858	5800	266	5534
1859	5734	267	5467
1860	5796	271	5525
1861	5794	273	5521
1862	5751	270	5481
1863	5793	271	5522
1864	5873	261	5612
1865	5851	269	5582
1866	5904	266	5638
1867	5913	275	5638
1868	5931	283	5648
1869	5924	282	5642
1870	6015	276	5739
1871	6075	275	5800
1872	6025	272	5753
1873	5957	270	5687
1874	6024	269	5755
1875	6115	277	5838
1876	6179	272	5907
1877	6129	278	5851
1878	6110	275	5835
1879	6146	281	5865
1880	6206	262	5944
1881	6232	265	5967
1882	6230	266	5964
1883	6245	276	5969
1884	6262	279	5983
1885	6263	271	5992
1886	6323	267	6056
1887	6346	263	6083
1888	6352	261	6091
1889	6414	275	6139
1890	6386	266	6120
1891	6395	271	6124
1892	6414	267	6147
1893	6403	269	6134
1894	6455	263	6192
1895	6481	269	6212
1896	6475	267	6208
1897	6511	274	6237
1898	6565	265	6300
1899	6597	271	6326
1900	6560	265	6295
1901	6636	266	6370
1902	6704	264	6440
1903	6682	283	6399
1904	6670	277	6393
1905	6675	267	6408
1906	6716	273	6443
1907	6714	279	6435
1908	6723	280	6443
1909	6741	286	6455
1910	6674	281	6393
1911	6745	280	6465
1912	6829	269	6560
1913	6816	270	6546
1914	6790	278	6512
1915	6833	287	6546
1916	6874	269	6605
1917	6854	264	6590
1918	6825	265	6560
1919	6850	281	6569
1920	6913	274	6639
1921	7026	285	6741
1922	7084	269	6815
1923	7029	266	6763
1924	6941	273	6668
1925	6946	272	6674
1926	7006	257	6749
1927	7024	267	6757
1928	7034	276	6758
1929	7077	276	6801
1930	7027	273	6754
1931	6945	272	6673
1932	7043	272	6771
1933	7059	265	6794
1934	7085	271	6814
1935	7049	272	6777
1936	7063	273	6790
1937	7086	276	6810
1938	7027	270	6757
1939	7042	276	6766
1940	7097	272	6825
1941	7181	274	6907
1942	7136	271	6865
1943	7135	273	6862
1944	7142	261	6881
1945	7105	271	6834
1946	7104	273	6831
1947	7045	271	6774
1948	7114	257	6857
1949	7203	260	6943
1950	7220	264	6956
1951	7212	274	6938
1952	7204	274	6930
1953	7149	278	6871
1954	7203	264	6939
1955	7202	270	6932
1956	7206	273	6933
1957	7292	273	7019
1958	7216	279	6937
1959	7208	288	6920
1960	7229	277	6952
1961	7293	278	7015
1962	7323	270	7053
1963	7295	272	7023
1964	7302	277	7025
1965	7264	288	6976
1966	7258	283	6975
1967	7226	285	6941
1968	7276	273	7003
1969	7252	272	6980
1970	7241	268	6973
1971	7213	271	6942
1972	7305	266	7039
1973	7293	269	7024
1974	7265	266	6999
1975	7321	271	7050
1976	7253	267	6986
1977	7239	269	6970
1978	7308	263	7045
1979	7305	270	7035
1980	7260	268	6992
1981	7218	277	6941
1982	7264	280	6984
1983	7265	278	6987
1984	7320	267	7053
1985	7319	276	7043
1986	7320	272	7048
1987	7270	278	6992
1988	7198	268	6930
1989	7212	266	6946
1990	7285	270	7015
1991	7211	268	6943
1992	7231	264	6967
1993	7202	276	6926
1994	7163	274	6889
1995	7162	274	6888
1996	7197	268	6929
1997	7249	275	6974
1998	7279	277	7002
1999	7199	284	6915
2000	7144	277	6867
2001	7142	273	6869
2002	7216	275	6941
2003	7178	274	6904
2004	7093	269	6824
2005	7086	274	6812
2006	7153	267	6886
2007	7189	270	6919
2008	7220	268	6952
2009	7200	269	6931
2010	7220	266	6954
2011	7131	259	6872
2012	7122	264	6858
2013	7120	273	6847
2014	7227	269	6958
2015	7280	269	7011
2016	7251	269	6982
2017	7204	269	6935
2018	7144	262	6882
2019	7212	275	6937
2020	7294	281	7013
2021	7210	273	6937
2022	7200	263	6937
2023	7269	280	6989
2024	7284	268	7016
2025	7247	266	6981
2026	7248	272	6976
2027	7334	270	7064
2028	7318	268	7050
2029	7415	270	7145
2030	7399	261	7138
2031	7334	280	7054
2032	7382	274	7108
2033	7375	276	7099
2034	7310	273	7037
2035	7350	275	7075
2036	7365	266	7099
2037	7430	269	7161
2038	7459	274	7185
2039	7416	274	7142
2040	7466	276	7190
2041	7427	284	7143
2042	7511	273	7238
2043	7528	278	7250
2044	7477	282	7195
2045	7531	281	7250
2046	7566	277	7289
2047	7551	278	7273
2048	7577	271	7306
2049	7574	274	7300
2050	7510	276	7234
2051	7499	282	7217
2052	7584	277	7307
2053	7651	277	7374
2054	7636	275	7361
2055	7639	273	7366
2056	7692	274	7418
2057	7640	277	7363
2058	7695	279	7416
2059	7732	273	7459
2060	7653	269	7384
2061	7647	284	7363
2062	7811	276	7535
2063	7781	277	7504
2064	7729	272	7457
2065	7759	271	7488
2066	7806	277	7529
2067	7859	278	7581
2068	7881	278	7603
2069	7861	284	7577
2070	7825	274	7551
2071	7815	275	7540
2072	7893	276	7617
2073	8023	281	7742
2074	8016	274	7742
2075	7940	277	7663
2076	7986	275	7711
2077	7961	284	7677
2078	7988	277	7711
2079	8096	278	7818
2080	8098	278	7820
2081	8153	278	7875
2082	8174	274	7900
2083	8139	278	7861
2084	8154	275	7879
2085	8142	273	7869
2086	8188	273	7915
2087	8213	274	7939
2088	8214	271	7943
2089	8217	274	7943
2090	8256	276	7980
2091	8292	278	8014
2092	8304	262	8042
2093	8306	273	8033
2094	8250	265	7985
2095	8292	264	8028
2096	8383	269	8114
2097	8452	281	8171
2098	8413	282	8131
2099	8439	273	8166
2100	8537	265	8272
2101	8535	275	8260
2102	8602	268	8334
2103	8581	271	8310
2104	8572	259	8313
2105	8609	262	8347
2106	8679	270	8409
2107	8643	272	8371
2108	8654	274	8380
2109	8593	279	8314
2110	8630	269	8361
2111	8700	270	8430
2112	8761	271	8490
2113	8833	271	8562
2114	8910	264	8646
2115	8850	273	8577
2116	8809	272	8537
2117	8866	273	8593
2118	8902	268	8634
2119	8949	271	8678
2120	8955	264	8691
2121	8954	268	8686
2122	9030	272	8758
2123	9074	270	8804
2124	9096	272	8824
2125	9128	285	8843
2126	9114	281	8833
2127	9035	275	8760
2128	9152	273	8879
2129	9233	272	8961
2130	9231	269	8962
2131	9245	275	8970
2132	9212	275	8937
2133	9258	284	8974
2134	9315	278	9037
2135	9408	269	9139
2136	9486	274	9212
2137	9447	272	9175
2138	9395	267	9128
2139	9376	276	9100
2140	9446	272	9174
2141	9529	278	9251
2142	9583	274	9309
2143	9532	282	9250
2144	9564	277	9287
2145	9613	270	9343
2146	9621	272	9349
2147	9688	271	9417
2148	9815	256	9559
2149	9786	266	9520
2150	9756	274	9482
2151	9746	278	9468
2152	9688	275	9413
2153	9772	273	9499
2154	9916	276	9640
2155	9788	275	9513
2156	9832	272	9560
2157	9943	265	9678
2158	9926	268	9658
2159	9947	281	9666
2160	10064	272	9792
2161	10029	284	9745
2162	10030	282	9748
2163	10059	267	9792
2164	10120	265	9855
2165	10130	277	9853
2166	10112	267	9845
2167	10093	264	9829
2168	10179	267	9912
2169	10291	270	10021
2170	10291	267	10024
2171	10299	274	10025
2172	10343	271	10072
2173	10326	271	10055
2174	10329	270	10059
2175	10310	281	10029
2176	10356	273	10083
2177	10434	279	10155
2178	10324	281	10043
2179	10392	269	10123
2180	10470	268	10202
2181	10474	274	10200
2182	10516	266	10250
2183	10502	261	10241
2184	10493	267	10226
2185	10582	277	10305
2186	10611	267	10344
2187	10576	274	10302
2188	10585	268	10317
2189	10604	282	10322
2190	10570	275	10295
2191	10598	266	10332
2192	10512	277	10235
2193	10531	284	10247
2194	10626	277	10349
2195	10608	271	10337
2196	10623	271	10352
2197	10658	269	10389
2198	10658	278	10380
2199	10634	281	10353
2200	10686	275	10411
2201	10729	273	10456
2202	10700	268	10432
2203	10649	277	10372
2204	10680	270	10410
2205	10744	276	10468
2206	10768	274	10494
2207	10735	277	10458
2208	10674	277	10397
2209	10803	276	10527
2210	10809	270	10539
2211	10698	275	10423
2212	10743	265	10478
2213	10843	266	10577
2214	10691	262	10429
2215	10683	269	10414
2216	10737	271	10466
2217	10767	276	10491
2218	10875	252	10623
2219	10870	282	10588
2220	10787	281	10506
2221	10831	272	10559
2222	10841	268	10573
2223	10840	273	10567
2224	10867	263	10604
2225	10898	269	10629
2226	10827	280	10547
2227	10847	281	10566
2228	10798	272	10526
2229	10788	277	10511
2230	10843	276	10567
2231	10800	270	10530
2232	10850	259	10591
2233	10854	276	10578
2234	10729	276	10453
2235	10724	272	10452
2236	10711	266	10445
2237	10706	274	10432
2238	10685	262	10423
2239	10673	274	10399
2240	10633	279	10354
2241	10644	278	10366
2242	10661	279	10382
2243	10716	280	10436
2244	10637	265	10372
2245	10581	280	10301
2246	10595	273	10322
2247	10558	279	10279
2248	10504	272	10232
2249	10472	280	10192
2250	10550	274	10276
2251	10545	272	10273
2252	10577	263	10314
2253	10533	279	10254
2254	10433	281	10152
2255	10452	269	10183
2256	10389	269	10120
2257	10502	273	10229
2258	10532	277	10255
2259	10551	279	10272
2260	10434	281	10153
2261	10381	284	10097
2262	10313	274	10039
2263	10206	279	9927
2264	10278	269	10009
2265	10343	272	10071
2266	10328	265	10063
2267	10339	274	10065
2268	10345	280	10065
2269	10303	284	10019
2270	10321	276	10045
2271	10333	276	10057
2272	10365	282	10083
2273	10242	280	9962
2274	10216	272	9944
2275	10328	270	10058
2276	10353	264	10089
2277	10248	282	9966
2278	10214	275	9939
2279	10121	267	9854
2280	10167	279	9888
2281	10192	280	9912
2282	10160	273	9887
2283	10146	274	9872
2284	10150	262	9888
2285	10162	266	9896
2286	10204	274	9930
2287	10162	281	9881
2288	10203	271	9932
2289	10170	273	9897
2290	10111	277	9834
2291	10154	273	9881
2292	10213	263	9950
2293	10173	275	9898
2294	10066	270	9796
2295	10057	282	9775
2296	10079	281	9798
2297	10080	284	9796
2298	10083	289	9794
2299	10119	291	9828
2300	10156	265	9891
2301	10023	266	9757
2302	10133	275	9858
2303	10196	279	9917
2304	10200	278	9922
2305	10160	279	9881
2306	10129	268	9861
2307	9993	278	9715
2308	10094	283	9811
2309	10145	279	9866
2310	10135	275	9860
2311	10132	286	9846
2312	10220	284	9936
2313	10198	279	9919
2314	10122	279	9843
2315	10047	285	9762
2316	10128	276	9852
2317	10115	273	9842
2318	10139	269	9870
2319	10168	275	9893
2320	10144	267	9877
2321	10198	277	9921
2322	10349	269	10080
2323	10231	260	9971
2324	10086	270	9816
2325	10090	282	9808
2326	10124	279	9845
2327	10150	271	9879
2328	10078	275	9803
2329	10085	280	9805
2330	10211	273	9938
2331	10286	282	10004
2332	10293	275	10018
2333	10185	276	9909
2334	10131	275	9856
2335	10188	271	9917
2336	10170	280	9890
2337	10231	287	9944
2338	10347	275	10072
2339	10449	272	10177
2340	10328	273	10055
2341	10284	273	10011
2342	10333	264	10069
2343	10387	266	10121
2344	10326	271	10055
2345	10232	282	9950
2346	10374	278	10096
2347	10445	281	10164
2348	10495	276	10219
2349	10462	285	10177
2350	10466	281	10185
2351	10452	280	10172
2352	10454	269	10185
2353	10450	271	10179
2354	10431	270	10161
2355	10467	281	10186
2356	10463	270	10193
2357	10582	276	10306
2358	10611	282	10329
2359	10507	291	10216
2360	10554	277	10277
2361	10518	275	10243
2362	10483	277	10206
2363	10598	280	10318
2364	10701	266	10435
2365	10745	269	10476
2366	10747	277	10470
2367	10689	281	10408
2368	10668	275	10393
2369	10707	278	10429
2370	10729	281	10448
2371	10762	282	10480
2372	10788	271	10517
2373	10767	269	10498
2374	10808	269	10539
2375	10887	280	10607
2376	10883	274	10609
2377	10857	275	10582
2378	10818	269	10549
2379	10821	270	10551
2380	10866	272	10594
2381	10848	276	10572
2382	10776	264	10512
2383	10918	263	10655
2384	10969	270	10699
2385	10926	271	10655
2386	10992	261	10731
2387	11076	264	10812
2388	11033	267	10766
2389	11049	280	10769
2390	11055	274	10781
2391	11114	280	10834
2392	11136	270	10866
2393	11099	272	10827
2394	11203	269	10934
2395	11196	276	10920
2396	11194	272	10922
2397	11249	275	10974
2398	11339	275	11064
2399	11398	279	11119
2400	11363	279	11084
2401	11359	277	11082
2402	11456	275	11181
2403	11482	281	11201
2404	11389	282	11107
2405	11368	280	11088
2406	11454	271	11183
2407	11506	275	11231
2408	11462	269	11193
2409	11461	265	11196
2410	11500	268	11232
2411	11591	276	11315
2412	11605	274	11331
2413	11554	272	11282
2414	11634	269	11365
2415	11617	277	11340
2416	11617	268	11349
2417	11684	275	11409
2418	11673	278	11395
2419	11690	276	11414
2420	11753	273	11480
2421	11790	267	11523
2422	11745	272	11473
2423	11727	278	11449
2424	11840	271	11569
2425	11894	273	11621
2426	11901	273	11628
2427	11962	268	11694
2428	11929	266	11663
2429	11911	279	11632
2430	11999	277	11722
2431	11991	271	11720
2432	11950	265	11685
2433	12006	268	11738
2434	12139	262	11877
2435	12187	270	11917
2436	12106	268	11838
2437	12131	273	11858
2438	12239	268	11971
2439	12319	274	12045
2440	12262	267	11995
2441	12197	267	11930
2442	12239	275	11964
2443	12291	275	12016
2444	12381	267	12114
2445	12354	279	12075
2446	12340	267	12073
2447	12421	267	12154
2448	12402	266	12136
2449	12386	272	12114
2450	12452	274	12178
2451	12567	268	12299
2452	12581	251	12330
2453	12659	266	12393
2454	12652	274	12378
2455	12699	270	12429
2456	12713	263	12450
2457	12709	272	12437
2458	12746	267	12479
2459	12740	267	12473
2460	12749	272	12477
2461	12731	278	12453
2462	12705	266	12439
2463	12708	273	12435
2464	12807	277	12530
2465	12806	281	12525
2466	12824	280	12544
2467	12882	278	12604
2468	12877	274	12603
2469	12911	272	12639
2470	12895	257	12638
2471	13040	272	12768
2472	13126	276	12850
2473	13093	276	12817
2474	13030	272	12758
2475	13040	280	12760
2476	13019	265	12754
2477	13040	263	12777
2478	13102	267	12835
2479	13130	273	12857
2480	13037	270	12767
2481	13073	264	12809
2482	13122	267	12855
2483	13025	286	12739
2484	13090	277	12813
2485	13178	273	12905
2486	13209	265	12944
2487	13327	275	13052
2488	13255	274	12981
2489	13323	272	13051
2490	13396	269	13127
2491	13303	283	13020
2492	13294	281	13013
2493	13296	272	13024
2494	13380	270	13110
2495	13391	269	13122
2496	13327	262	13065
2497	13253	263	12990
2498	13320	274	13046
2499	13381	277	13104
2500	13409	273	13136
2501	13296	273	13023
2502	13311	267	13044
2503	13504	261	13243
2504	13449	272	13177
2505	13341	279	13062
2506	13345	269	13076
2507	13337	277	13060
2508	13376	281	13095
2509	13344	280	13064
2510	13375	277	13098
2511	13375	274	13101
2512	13429	268	13161
2513	13432	270	13162
2514	13461	262	13199
2515	13394	264	13130
2516	13409	268	13141
2517	13433	267	13166
2518	13444	273	13171
2519	13442	279	13163
2520	13524	276	13248
2521	13486	278	13208
2522	13544	271	13273
2523	13628	267	13361
2524	13579	262	13317
2525	13578	281	13297
2526	13463	274	13189
2527	13447	268	13179
2528	13475	274	13201
2529	13451	272	13179
2530	13536	268	13268
2531	13477	271	13206
2532	13582	272	13310
2533	13542	274	13268
2534	13623	275	13348
2535	13595	272	13323
2536	13483	263	13220
2537	13563	259	13304
2538	13614	265	13349
2539	13533	275	13258
2540	13538	265	13273
2541	13536	273	13263
2542	13465	267	13198
2543	13517	269	13248
2544	13578	268	13310
2545	13488	272	13216
2546	13437	269	13168
2547	13574	281	13293
2548	13547	276	13271
2549	13526	272	13254
2550	13457	264	13193
2551	13490	274	13216
2552	13370	272	13098
2553	13417	280	13137
2554	13498	273	13225
2555	13349	278	13071
2556	13403	274	13129
2557	13361	272	13089
2558	13504	271	13233
2559	13484	267	13217
2560	13336	261	13075
2561	13247	277	12970
2562	13353	269	13084
2563	13421	271	13150
2564	13345	276	13069
2565	13236	280	12956
2566	13233	271	12962
2567	13253	268	12985
2568	13366	272	13094
2569	13337	270	13067
2570	13297	267	13030
2571	13305	269	13036
2572	13203	277	12926
2573	13192	286	12906
2574	13183	272	12911
2575	13112	275	12837
2576	13059	273	12786
2577	13113	279	12834
2578	13132	275	12857
2579	13075	266	12809
2580	13083	265	12818
2581	13019	273	12746
2582	12991	275	12716
2583	13043	275	12768
2584	13078	272	12806
2585	12966	269	12697
2586	12923	270	12653
2587	12879	273	12606
2588	13045	277	12768
2589	13164	275	12889
2590	13047	270	12777
2591	13061	274	12787
2592	12992	276	12716
2593	12915	273	12642
2594	13008	272	12736
2595	12905	266	12639
2596	12866	265	12601
2597	12890	270	12620
2598	12916	271	12645
2599	12902	269	12633
2600	12909	271	12638
2601	12876	273	12603
2602	12800	269	12531
2603	12825	271	12554
2604	12842	276	12566
2605	12811	275	12536
2606	12758	271	12487
2607	12771	280	12491
2608	12734	276	12458
2609	12737	274	12463
2610	12687	262	12425
2611	12730	262	12468
2612	12720	277	12443
2613	12666	285	12381
2614	12698	262	12436
2615	12719	267	12452
2616	12790	271	12519
2617	12694	276	12418
2618	12687	273	12414
2619	12673	282	12391
2620	12632	270	12362
2621	12642	273	12369
2622	12685	274	12411
2623	12594	280	12314
2624	12586	264	12322
2625	12511	263	12248
2626	12516	265	12251
2627	12569	268	12301
2628	12535	267	12268
2629	12581	262	12319
2630	12523	253	12270
2631	12500	277	12223
2632	12624	274	12350
2633	12586	268	12318
2634	12528	273	12255
2635	12591	286	12305
2636	12613	278	12335
2637	12593	274	12319
2638	12559	265	12294
2639	12549	266	12283
2640	12558	263	12295
2641	12414	268	12146
2642	12406	256	12150
2643	12492	268	12224
2644	12497	266	12231
2645	12505	265	12240
2646	12477	266	12211
2647	12505	265	12240
2648	12505	265	12240
2649	12472	275	12197
2650	12516	275	12241
2651	12539	270	12269
2652	12510	267	12243
2653	12524	272	12252
2654	12468	270	12198
2655	12460	278	12182
2656	12511	273	12238
2657	12465	269	12196
2658	12449	264	12185
2659	12486	265	12221
2660	12502	270	12232
2661	12453	278	12175
2662	12493	269	12224
2663	12533	263	12270
2664	12394	263	12131
2665	12334	274	12060
2666	12455	276	12179
2667	12447	266	12181
2668	12467	265	12202
2669	12474	275	12199
2670	12452	267	12185
2671	12467	271	12196
2672	12445	266	12179
2673	12498	272	12226
2674	12560	268	12292
2675	12574	273	12301
2676	12542	262	12280
2677	12492	269	12223
2678	12395	276	12119
2679	12417	278	12139
2680	12494	283	12211
2681	12417	287	12130
2682	12447	272	12175
2683	12433	271	12162
2684	12477	271	12206
2685	12419	278	12141
2686	12399	267	12132
2687	12493	273	12220
2688	12520	269	12251
2689	12569	278	12291
2690	12543	272	12271
2691	12455	269	12186
2692	12503	263	12240
2693	12589	277	12312
2694	12655	276	12379
2695	12525	280	12245
2696	12486	266	12220
2697	12481	277	12204
2698	12564	276	12288
2699	12576	276	12300
2700	12540	269	12271
2701	12534	275	12259
2702	12552	270	12282
2703	12682	277	12405
2704	12576	271	12305
2705	12578	271	12307
2706	12594	275	12319
2707	12453	272	12181
2708	12548	263	12285
2709	12524	269	12255
2710	12546	271	12275
2711	12659	274	12385
2712	12729	272	12457
2713	12610	274	12336
2714	12544	268	12276
2715	12558	280	12278
2716	12699	284	12415
2717	12614	281	12333
2718	12624	268	12356
2719	12728	270	12458
2720	12783	266	12517
2721	12716	269	12447
2722	12726	277	12449
2723	12692	278	12414
2724	12771	275	12496
2725	12838	278	12560
2726	12823	279	12544
2727	12841	278	12563
2728	12826	262	12564
2729	12922	273	12649
2730	12781	269	12512
2731	12733	267	12466
2732	12805	271	12534
2733	12718	274	12444
2734	12813	274	12539
2735	12924	274	12650
2736	12952	265	12687
2737	12851	265	12586
2738	12750	258	12492
2739	12845	268	12577
2740	12887	271	12616
2741	12923	279	12644
2742	12955	273	12682
2743	12980	274	12706
2744	13029	263	12766
2745	13018	268	12750
2746	13074	276	12798
2747	13038	279	12759
2748	13011	270	12741
2749	12989	272	12717
2750	12967	277	12690
2751	13015	278	12737
2752	13075	272	12803
2753	13072	273	12799
2754	13157	269	12888
2755	13139	267	12872
2756	13150	278	12872
2757	13080	280	12800
2758	13111	267	12844
2759	13233	274	12959
2760	13177	274	12903
2761	13209	275	12934
2762	13254	270	12984
2763	13196	274	12922
2764	13075	265	12810
2765	13159	268	12891
2766	13261	274	12987
2767	13321	276	13045
2768	13304	276	13028
2769	13261	277	12984
2770	13329	269	13060
2771	13339	269	13070
2772	13340	269	13071
2773	13412	268	13144
2774	13427	263	13164
2775	13410	264	13146
2776	13459	273	13186
2777	13426	277	13149
2778	13467	271	13196
2779	13501	273	13228
2780	13369	274	13095
2781	13429	272	13157
2782	13576	264	13312
2783	13553	257	13296
2784	13630	270	13360
2785	13599	280	13319
2786	13619	277	13342
2787	13599	278	13321
2788	13540	276	13264
2789	13630	282	13348
2790	13700	277	13423
2791	13781	273	13508
2792	13756	277	13479
2793	13690	264	13426
2794	13680	263	13417
2795	13697	274	13423
2796	13791	271	13520
2797	13723	274	13449
2798	13680	271	13409
2799	13832	281	13551
2800	13900	275	13625
2801	13866	275	13591
2802	13852	265	13587
2803	13837	272	13565
2804	13862	278	13584
2805	13852	271	13581
2806	13956	260	13696
2807	14162	267	13895
2808	14044	263	13781
2809	14022	271	13751
2810	14047	272	13775
2811	14031	275	13756
2812	13993	267	13726
2813	13968	268	13700
2814	14034	268	13766
2815	14059	276	13783
2816	14030	281	13749
2817	14019	283	13736
2818	14060	267	13793
2819	14110	270	13840
2820	14188	256	13932
2821	14220	260	13960
2822	14243	271	13972
2823	14157	285	13872
2824	14181	275	13906
2825	14280	278	14002
2826	14321	268	14053
2827	14215	266	13949
2828	14193	267	13926
2829	14355	275	14080
2830	14448	270	14178
2831	14368	270	14098
2832	14330	269	14061
2833	14402	277	14125
2834	14394	268	14126
2835	14464	267	14197
2836	14543	269	14274
2837	14458	263	14195
2838	14410	265	14145
2839	14362	277	14085
2840	14405	268	14137
2841	14600	271	14329
2842	14507	273	14234
2843	14461	277	14184
2844	14494	263	14231
2845	14315	260	14055
2846	14384	267	14117
2847	14516	266	14250
2848	14595	267	14328
2849	14484	266	14218
2850	14536	272	14264
2851	14558	271	14287
2852	14416	266	14150
2853	14445	273	14172
2854	14608	278	14330
2855	14505	288	14217
2856	14590	276	14314
2857	14575	272	14303
2858	14459	270	14189
2859	14525	274	14251
2860	14555	267	14288
2861	14412	277	14135
2862	14379	262	14117
2863	14522	272	14250
2864	14541	280	14261
2865	14495	272	14223
2866	14626	267	14359
2867	14629	273	14356
2868	14689	275	14414
2869	14609	274	14335
2870	14645	270	14375
2871	14597	276	14321
2872	14544	268	14276
2873	14591	270	14321
2874	14647	273	14374
2875	14631	271	14360
2876	14645	273	14372
2877	14624	278	14346
2878	14666	273	14393
2879	14674	287	14387
2880	14583	284	14299
2881	14582	275	14307
2882	14597	266	14331
2883	14532	273	14259
2884	14663	275	14388
2885	14786	277	14509
2886	14638	265	14373
2887	14575	273	14302
2888	14570	271	14299
2889	14580	273	14307
2890	14654	272	14382
2891	14687	285	14402
2892	14664	272	14392
2893	14669	273	14396
2894	14686	265	14421
2895	14644	269	14375
2896	14653	274	14379
2897	14573	271	14302
2898	14633	262	14371
2899	14626	266	14360
2900	14571	273	14298
2901	14553	276	14277
2902	14585	271	14314
2903	14693	277	14416
2904	14643	276	14367
2905	14453	275	14178
2906	14415	265	14150
2907	14464	263	14201
2908	14464	268	14196
2909	14529	279	14250
2910	14441	267	14174
2911	14445	268	14177
2912	14454	272	14182
2913	14344	280	14064
2914	14282	267	14015
2915	14310	266	14044
2916	14367	273	14094
2917	14320	281	14039
2918	14304	268	14036
2919	14348	271	14077
2920	14329	273	14056
2921	14330	271	14059
2922	14295	268	14027
2923	14288	275	14013
2924	14276	284	13992
2925	14336	277	14059
2926	14288	273	14015
2927	14224	275	13949
2928	14178	268	13910
2929	14188	276	13912
2930	14190	275	13915
2931	14181	275	13906
2932	14152	265	13887
2933	14123	270	13853
2934	14128	261	13867
2935	14111	263	13848
2936	14123	264	13859
2937	14053	275	13778
2938	13959	271	13688
2939	14027	275	13752
2940	13921	274	13647
2941	13933	280	13653
2942	13963	268	13695
2943	13900	271	13629
2944	13922	273	13649
2945	13876	269	13607
2946	13955	267	13688
2947	13893	274	13619
2948	13783	267	13516
2949	13845	273	13572
2950	13862	276	13586
2951	13879	269	13610
2952	13739	265	13474
2953	13670	281	13389
2954	13671	276	13395
2955	13626	272	13354
2956	13774	265	13509
2957	13792	268	13524
2958	13645	271	13374
2959	13484	284	13200
2960	13517	273	13244
2961	13598	269	13329
2962	13573	276	13297
2963	13586	280	13306
2964	13470	268	13202
2965	13431	261	13170
2966	13482	257	13225
2967	13498	264	13234
2968	13430	255	13175
2969	13449	285	13164
2970	13354	269	13085
2971	13288	266	13022
2972	13334	270	13064
2973	13213	274	12939
2974	13220	257	12963
2975	13332	265	13067
2976	13287	269	13018
2977	13262	265	12997
2978	13163	262	12901
2979	13033	273	12760
2980	13108	274	12834
2981	13136	279	12857
2982	13028	269	12759
2983	12976	276	12700
2984	13053	275	12778
2985	13019	279	12740
2986	12978	278	12700
2987	12958	272	12686
2988	12845	275	12570
2989	12898	269	12629
2990	12931	268	12663
2991	12815	268	12547
2992	12747	267	12480
2993	12715	280	12435
2994	12694	272	12422
2995	12784	271	12513
2996	12762	265	12497
2997	12523	264	12259
2998	12483	267	12216
2999	12513	274	12239
3000	12491	273	12218
3001	12477	275	12202
3002	12429	262	12167
3003	12428	273	12155
3004	12417	274	12143
3005	12408	276	12132
3006	12353	272	12081
3007	12312	270	12042
3008	12367	267	12100
3009	12285	280	12005
3010	12174	277	11897
3011	12136	269	11867
3012	12198	268	11930
3013	12174	282	11892
3014	12112	267	11845
3015	12029	279	11750
3016	12012	281	11731
3017	12012	274	11738
3018	12005	276	11729
3019	12037	282	11755
3020	11944	277	11667
3021	11887	280	11607
3022	11874	276	11598
3023	11844	272	11572
3024	11785	275	11510
3025	11774	287	11487
3026	11811	281	11530
3027	11713	282	11431
3028	11751	271	11480
3029	11702	269	11433
3030	11592	265	11327
3031	11696	278	11418
3032	11754	277	11477
3033	11712	270	11442
3034	11636	282	11354
3035	11557	275	11282
3036	11506	278	11228
3037	11612	273	11339
3038	11577	262	11315
3039	11417	274	11143
3040	11453	274	11179
3041	11446	268	11178
3042	11354	263	11091
3043	11272	271	11001
3044	11231	271	10960
3045	11256	266	10990
3046	11310	272	11038
3047	11238	272	10966
3048	11274	271	11003
3049	11295	268	11027
3050	11176	270	10906
3051	11113	278	10835
3052	11161	281	10880
3053	11092	281	10811
3054	11032	272	10760
3055	11046	276	10770
3056	11094	276	10818
3057	11100	282	10818
3058	11084	268	10816
3059	10976	274	10702
3060	10933	267	10666
3061	10991	256	10735
3062	11043	261	10782
3063	11068	274	10794
3064	11020	275	10745
3065	10911	286	10625
3066	10932	276	10656
3067	10881	271	10610
3068	10913	266	10647
3069	10920	263	10657
3070	10817	260	10557
3071	10742	271	10471
3072	10738	263	10475
3073	10822	279	10543
3074	10719	286	10433
3075	10710	279	10431
3076	10670	268	10402
3077	10637	266	10371
3078	10737	271	10466
3079	10701	277	10424
3080	10693	274	10419
3081	10638	285	10353
3082	10600	274	10326
3083	10503	278	10225
3084	10476	283	10193
3085	10577	277	10300
3086	10500	275	10225
3087	10447	276	10171
3088	10458	268	10190
3089	10471	272	10199
3090	10362	271	10091
3091	10401	279	10122
3092	10411	282	10129
3093	10447	284	10163
3094	10446	274	10172
3095	10297	279	10018
3096	10271	279	9992
3097	10375	283	10092
3098	10379	278	10101
3099	10341	276	10065
3100	10275	271	10004
3101	10199	274	9925
3102	10140	275	9865
3103	10116	276	9840
3104	10079	270	9809
3105	10219	278	9941
3106	10147	284	9863
3107	10111	280	9831
3108	10106	275	9831
3109	10003	280	9723
3110	10041	269	9772
3111	10093	278	9815
3112	9989	282	9707
3113	9948	283	9665
3114	10002	275	9727
3115	9889	269	9620
3116	9822	267	9555
3117	9890	269	9621
3118	9924	275	9649
3119	10012	276	9736
3120	9955	265	9690
3121	9989	272	9717
3122	9978	275	9703
3123	9868	279	9589
3124	9898	280	9618
3125	9907	285	9622
3126	9901	274	9627
3127	9818	264	9554
3128	9792	259	9533
3129	9874	270	9604
3130	9854	272	9582
3131	9775	279	9496
3132	9830	272	9558
3133	9818	275	9543
3134	9802	269	9533
3135	9697	269	9428
3136	9702	261	9441
3137	9783	272	9511
3138	9766	272	9494
3139	9750	278	9472
3140	9720	273	9447
3141	9683	266	9417
3142	9749	276	9473
3143	9781	279	9502
3144	9632	274	9358
3145	9551	276	9275
3146	9545	274	9271
3147	9574	277	9297
3148	9637	271	9366
3149	9603	276	9327
3150	9553	271	9282
3151	9367	276	9091
3152	9380	261	9119
3153	9498	271	9227
3154	9566	276	9290
3155	9581	273	9308
3156	9577	268	9309
3157	9472	277	9195
3158	9514	272	9242
3159	9563	276	9287
3160	9578	274	9304
3161	9524	276	9248
3162	9455	280	9175
3163	9396	287	9109
3164	9406	275	9131
3165	9452	275	9177
3166	9437	273	9164
3167	9400	267	9133
3168	9431	268	9163
3169	9412	272	9140
3170	9414	269	9145
3171	9382	273	9109
3172	9283	270	9013
3173	9326	283	9043
3174	9367	281	9086
3175	9403	279	9124
3176	9349	273	9076
3177	9280	280	9000
3178	9355	281	9074
3179	9240	270	8970
3180	9282	270	9012
3181	9369	280	9089
3182	9363	275	9088
3183	9331	277	9054
3184	9316	277	9039
3185	9320	279	9041
3186	9398	271	9127
3187	9373	279	9094
3188	9292	279	9013
3189	9312	269	9043
3190	9283	270	9013
3191	9227	271	8956
3192	9213	276	8937
3193	9319	286	9033
3194	9303	279	9024
3195	9146	285	8861
3196	9215	275	8940
3197	9210	264	8946
3198	9180	265	8915
3199	9221	275	8946
3200	9137	281	8856
3201	9161	282	8879
3202	9281	274	9007
3203	9184	277	8907
3204	9169	270	8899
3205	9179	279	8900
3206	9235	275	8960
3207	9132	285	8847
3208	9121	272	8849
3209	9129	270	8859
3210	9126	272	8854
3211	9134	277	8857
3212	9218	278	8940
3213	9231	285	8946
3214	9139	276	8863
3215	9121	263	8858
3216	9230	266	8964
3217	9170	275	8895
3218	9121	271	8850
3219	9146	272	8874
3220	9132	271	8861
3221	9178	276	8902
3222	9119	267	8852
3223	9144	272	8872
3224	9109	278	8831
3225	9092	275	8817
3226	9076	270	8806
3227	9076	274	8802
3228	9033	273	8760
3229	9065	278	8787
3230	9160	266	8894
3231	9185	276	8909
3232	9252	280	8972
3233	9151	281	8870
3234	9119	267	8852
3235	9117	273	8844
3236	9100	276	8824
3237	9092	275	8817
3238	9130	264	8866
3239	9072	267	8805
3240	9016	272	8744
3241	9003	278	8725
3242	9035	279	8756
3243	9023	288	8735
3244	9018	275	8743
3245	8996	268	8728
3246	9036	269	8767
3247	9061	270	8791
3248	9045	272	8773
3249	9001	274	8727
3250	9045	279	8766
3251	9113	285	8828
3252	9097	274	8823
3253	9032	262	8770
3254	9021	258	8763
3255	9034	267	8767
3256	9110	272	8838
3257	9139	270	8869
3258	9188	264	8924
3259	9143	267	8876
3260	9076	269	8807
3261	9056	271	8785
3262	9082	263	8819
3263	9142	270	8872
3264	9111	269	8842
3265	9123	278	8845
3266	9189	270	8919
3267	9251	263	8988
3268	9184	277	8907
3269	9120	280	8840
3270	9130	267	8863
3271	9128	276	8852
3272	9110	262	8848
3273	9090	269	8821
3274	9098	270	8828
3275	9079	277	8802
3276	9151	277	8874
3277	9179	280	8899
3278	9208	272	8936
3279	9128	271	8857
3280	9068	261	8807
3281	9121	266	8855
3282	9021	273	8748
3283	8980	276	8704
3284	8998	266	8732
3285	9068	263	8805
3286	9099	268	8831
3287	9129	272	8857
3288	9133	267	8866
3289	9113	270	8843
3290	9116	268	8848
3291	9125	270	8855
3292	9094	262	8832
3293	9087	266	8821
3294	9063	277	8786
3295	8948	276	8672
3296	9016	274	8742
3297	9008	281	8727
3298	8967	268	8699
3299	9032	266	8766
3300	9065	271	8794
3301	9029	274	8755
3302	8920	264	8656
3303	8947	271	8676
3304	8925	271	8654
3305	8876	271	8605
3306	8908	263	8645
3307	8885	274	8611
3308	8935	272	8663
3309	8893	268	8625
3310	8920	270	8650
3311	8891	268	8623
3312	8870	266	8604
3313	8861	262	8599
3314	8890	259	8631
3315	8874	273	8601
3316	8810	271	8539
3317	8784	270	8514
3318	8869	276	8593
3319	8848	286	8562
3320	8778	277	8501
3321	8774	281	8493
3322	8865	278	8587
3323	8837	275	8562
3324	8844	271	8573
3325	8840	275	8565
3326	8794	270	8524
3327	8842	266	8576
3328	8797	264	8533
3329	8864	270	8594
3330	8827	270	8557
3331	8799	274	8525
3332	8754	272	8482
3333	8758	276	8482
3334	8804	281	8523
3335	8771	281	8490
3336	8814	279	8535
3337	8748	287	8461
3338	8755	278	8477
3339	8775	273	8502
3340	8687	265	8422
3341	8640	270	8370
3342	8644	269	8375
3343	8668	276	8392
3344	8668	272	8396
3345	8660	270	8390
3346	8679	265	8414
3347	8739	272	8467
3348	8645	269	8376
3349	8580	277	8303
3350	8637	283	8354
3351	8592	278	8314
3352	8618	275	8343
3353	8557	286	8271
3354	8477	275	8202
3355	8433	276	8157
3356	8480	277	8203
3357	8487	276	8211
3358	8495	263	8232
3359	8463	270	8193
3360	8410	268	8142
3361	8358	269	8089
3362	8371	273	8098
3363	8529	281	8248
3364	8501	274	8227
3365	8403	264	8139
3366	8435	269	8166
3367	8353	273	8080
3368	8311	269	8042
3369	8295	270	8025
3370	8381	267	8114
3371	8330	269	8061
3372	8307	261	8046
3373	8275	265	8010
3374	8296	269	8027
3375	8392	275	8117
3376	8391	266	8125
3377	8332	268	8064
3378	8363	271	8092
3379	8323	276	8047
3380	8287	270	8017
3381	8331	267	8064
3382	8296	265	8031
3383	8271	277	7994
3384	8196	268	7928
3385	8175	267	7908
3386	8193	262	7931
3387	8145	265	7880
3388	8119	270	7849
3389	8168	273	7895
3390	8224	269	7955
3391	8209	279	7930
3392	8092	280	7812
3393	8021	273	7748
3394	8025	272	7753
3395	7955	280	7675
3396	7944	276	7668
3397	7899	278	7621
3398	7947	268	7679
3399	7929	272	7657
3400	7913	270	7643
3401	7963	270	7693
3402	7995	262	7733
3403	7985	272	7713
3404	7948	264	7684
3405	7878	279	7599
3406	7809	272	7537
3407	7801	275	7526
3408	7795	272	7523
3409	7780	269	7511
3410	7843	268	7575
3411	7870	273	7597
3412	7852	273	7579
3413	7819	269	7550
3414	7742	270	7472
3415	7679	278	7401
3416	7708	266	7442
3417	7705	267	7438
3418	7710	272	7438
3419	7684	279	7405
3420	7689	272	7417
3421	7632	270	7362
3422	7598	263	7335
3423	7531	265	7266
3424	7615	266	7349
3425	7601	271	7330
3426	7504	268	7236
3427	7482	267	7215
3428	7519	275	7244
3429	7523	285	7238
3430	7505	280	7225
3431	7463	282	7181
3432	7439	275	7164
3433	7439	276	7163
3434	7470	268	7202
3435	7380	273	7107
3436	7383	272	7111
3437	7344	266	7078
3438	7398	275	7123
3439	7350	273	7077
3440	7266	268	6998
3441	7252	266	6986
3442	7210	265	6945
3443	7209	273	6936
3444	7201	272	6929
3445	7185	274	6911
3446	7160	271	6889
3447	7170	278	6892
3448	7153	277	6876
3449	7076	280	6796
3450	7113	275	6838
3451	7056	279	6777
3452	6983	280	6703
3453	6914	280	6634
3454	6935	277	6658
3455	6893	276	6617
3456	6829	268	6561
3457	6854	275	6579
3458	6816	270	6546
3459	6745	279	6466
3460	6781	278	6503
3461	6768	277	6491
3462	6730	269	6461
3463	6703	282	6421
3464	6726	283	6443
3465	6709	283	6426
3466	6650	278	6372
3467	6601	281	6320
3468	6611	265	6346
3469	6626	270	6356
3470	6598	272	6326
3471	6571	272	6299
3472	6536	278	6258
3473	6531	282	6249
3474	6575	274	6301
3475	6559	277	6282
3476	6483	281	6202
3477	6472	273	6199
3478	6448	263	6185
3479	6413	276	6137
3480	6412	273	6139
3481	6362	276	6086
3482	6378	268	6110
3483	6419	262	6157
3484	6335	264	6071
3485	6330	277	6053
3486	6369	268	6101
3487	6348	270	6078
3488	6303	270	6033
3489	6269	276	5993
3490	6243	273	5970
3491	6257	283	5974
3492	6234	282	5952
3493	6254	283	5971
3494	6221	280	5941
3495	6200	279	5921
3496	6223	271	5952
3497	6165	270	5895
3498	6137	273	5864
3499	6135	274	5861
3500	6155	277	5878
3501	6174	285	5889
3502	6146	281	5865
3503	6127	282	5845
3504	6105	281	5824
3505	6018	268	5750
3506	5978	271	5707
3507	5931	278	5653
3508	5960	276	5684
3509	6010	282	5728
3510	6035	278	5757
3511	5973	280	5693
3512	5972	274	5698
3513	5926	279	5647
3514	5959	280	5679
3515	5887	277	5610
3516	5912	271	5641
3517	5864	280	5584
3518	5824	260	5564
3519	5869	268	5601
3520	5879	277	5602
3521	5829	276	5553
3522	5785	266	5519
3523	5745	273	5472
3524	5731	284	5447
3525	5771	288	5483
3526	5717	275	5442
3527	5621	275	5346
3528	5634	274	5360
3529	5590	272	5318
3530	5579	264	5315
3531	5554	264	5290
3532	5623	252	5371
3533	5563	273	5290
3534	5561	277	5284
3535	5623	268	5355
3536	5575	272	5303
3537	5527	276	5251
3538	5543	269	5274
3539	5472	268	5204
3540	5458	266	5192
3541	5437	282	5155
3542	5421	285	5136
3543	5419	287	5132
3544	5387	286	5101
3545	5436	284	5152
3546	5413	278	5135
3547	5378	269	5109
3548	5366	270	5096
3549	5283	283	5000
3550	5263	281	4982
3551	5313	282	5031
3552	5312	262	5050
3553	5289	265	5024
3554	5323	270	5053
3555	5284	281	5003
3556	5190	274	4916
3557	5129	272	4857
3558	5185	271	4914
3559	5198	265	4933
3560	5180	271	4909
3561	5150	282	4868
3562	5144	285	4859
3563	5078	288	4790
3564	5129	279	4850
3565	5138	278	4860
3566	5111	280	4831
3567	5060	285	4775
3568	5018	281	4737
3569	4991	281	4710
3570	5007	275	4732
3571	5043	282	4761
3572	5006	275	4731
3573	5039	276	4763
3574	5053	278	4775
3575	4968	286	4682
3576	4983	282	4701
3577	5025	281	4744
3578	4986	275	4711
3579	4938	273	4665
3580	4894	274	4620
3581	4929	277	4652
3582	4992	282	4710
3583	4901	283	4618
3584	4883	275	4608
3585	4842	271	4571
3586	4792	274	4518
3587	4793	279	4514
3588	4796	280	4516
3589	4754	279	4475
3590	4775	274	4501
3591	4789	277	4512
3592	4760	276	4484
3593	4686	270	4416
3594	4679	270	4409
3595	4654	273	4381
3596	4729	277	4452
3597	4685	287	4398
3598	4684	271	4413
3599	4638	268	4370
3600	4594	269	4325
3601	4596	279	4317
3602	4583	278	4305
3603	4629	282	4347
3604	4682	278	4404
3605	4636	280	4356
3606	4626	267	4359
3607	4583	270	4313
3608	4502	270	4232
3609	4538	277	4261
3610	4489	273	4216
3611	4458	277	4181
3612	4475	273	4202
3613	4477	283	4194
3614	4529	275	4254
3615	4502	278	4224
3616	4466	280	4186
3617	4426	268	4158
3618	4441	264	4177
3619	4440	278	4162
3620	4472	272	4200
3621	4403	271	4132
3622	4391	276	4115
3623	4345	286	4059
3624	4391	281	4110
3625	4308	277	4031
3626	4343	271	4072
3627	4391	280	4111
3628	4337	271	4066
3629	4260	274	3986
3630	4298	273	4025
3631	4324	274	4050
3632	4265	278	3987
3633	4232	276	3956
3634	4242	269	3973
3635	4219	269	3950
3636	4181	274	3907
3637	4218	278	3940
3638	4216	277	3939
3639	4193	274	3919
3640	4219	267	3952
3641	4216	276	3940
3642	4170	270	3900
3643	4133	274	3859
3644	4102	270	3832
3645	4119	286	3833
3646	4168	272	3896
3647	4145	266	3879
3648	4083	264	3819
