index	original	background	difference
-----------------------------------------------------
1	433	346	87
2	444	356	88
3	437	362	75
4	422	357	65
5	436	352	84
6	431	352	79
7	404	359	45
8	414	364	50
9	411	360	51
10	418	370	48
11	422	363	59
12	428	359	69
13	439	365	74
14	426	359	67
15	424	350	74
16	419	346	73
17	440	360	80
18	431	357	74
19	443	350	93
20	451	359	92
21	424	363	61
22	421	360	61
23	422	362	60
24	423	361	62
25	433	355	78
26	423	368	55
27	411	371	40
28	405	360	45
29	420	365	55
30	422	371	51
31	417	369	48
32	417	361	56
33	423	369	54
34	420	379	41
35	427	366	61
36	418	363	55
37	419	359	60
38	415	362	53
39	423	359	64
40	433	359	74
41	449	366	83
42	438	363	75
43	455	370	85
44	439	367	72
45	419	353	66
46	441	358	83
47	473	367	106
48	446	364	82
49	448	375	73
50	459	379	80
51	445	377	68
52	430	372	58
53	439	367	72
54	451	380	71
55	445	375	70
56	437	372	65
57	419	374	45
58	426	376	50
59	449	370	79
60	466	373	93
61	453	374	79
62	455	370	85
63	450	376	74
64	430	368	62
65	438	373	65
66	435	379	56
67	464	371	93
68	451	368	83
69	444	363	81
70	467	361	106
71	464	368	96
72	458	377	81
73	435	378	57
74	446	381	65
75	444	374	70
76	450	364	86
77	457	355	102
78	455	367	88
79	456	371	85
80	463	368	95
81	483	373	110
82	449	381	68
83	422	368	54
84	435	373	62
85	459	378	81
86	437	370	67
87	435	371	64
88	439	363	76
89	441	364	77
90	449	374	75
91	460	381	79
92	447	379	68
93	435	372	63
94	448	369	79
95	441	373	68
96	440	367	73
97	434	361	73
98	434	370	64
99	421	372	49
100	438	377	61
101	459	379	80
102	454	376	78
103	414	370	44
104	413	369	44
105	420	378	42
106	452	377	75
107	450	373	77
108	450	371	79
109	469	371	98
110	464	373	91
111	455	370	85
112	460	364	96
113	471	377	94
114	453	375	78
115	429	374	55
116	437	376	61
117	456	372	84
118	440	378	62
119	437	378	59
120	432	369	63
121	435	365	70
122	446	366	80
123	435	378	57
124	410	391	19
125	410	375	35
126	425	368	57
127	427	367	60
128	443	374	69
129	449	381	68
130	456	376	80
131	434	376	58
132	407	369	38
133	417	369	48
134	435	368	67
135	451	375	76
136	451	383	68
137	451	378	73
138	437	377	60
139	444	368	76
140	442	378	64
141	432	386	46
142	421	385	36
143	415	369	46
144	419	369	50
145	410	378	32
146	412	367	45
147	436	365	71
148	433	376	57
149	414	371	43
150	427	381	46
151	439	394	45
152	448	381	67
153	436	372	64
154	453	369	84
155	430	364	66
156	434	369	65
157	438	368	70
158	440	364	76
159	446	374	72
160	454	374	80
161	455	370	85
162	452	370	82
163	448	378	70
164	435	373	62
165	428	373	55
166	432	382	50
167	431	379	52
168	440	376	64
169	452	368	84
170	445	368	77
171	461	366	95
172	457	373	84
173	443	369	74
174	440	372	68
175	438	370	68
176	443	371	72
177	437	363	74
178	422	369	53
179	429	368	61
180	448	379	69
181	442	373	69
182	429	373	56
183	461	373	88
184	468	372	96
185	429	368	61
186	420	373	47
187	443	362	81
188	449	364	85
189	472	373	99
190	434	371	63
191	433	373	60
192	440	374	66
193	445	373	72
194	441	365	76
195	455	364	91
196	439	368	71
197	413	366	47
198	423	368	55
199	439	380	59
200	446	379	67
201	449	374	75
202	447	380	67
203	421	371	50
204	420	367	53
205	442	371	71
206	456	364	92
207	443	365	78
208	435	371	64
209	428	377	51
210	421	372	49
211	425	380	45
212	427	377	50
213	412	366	46
214	421	370	51
215	437	375	62
216	443	374	69
217	440	373	67
218	438	371	67
219	445	361	84
220	417	370	47
221	415	365	50
222	430	366	64
223	429	368	61
224	446	371	75
225	431	374	57
226	439	365	74
227	433	368	65
228	456	361	95
229	481	368	113
230	464	372	92
231	463	369	94
232	472	370	102
233	438	366	72
234	432	367	65
235	445	369	76
236	439	361	78
237	442	363	79
238	427	370	57
239	418	364	54
240	430	357	73
241	455	363	92
242	464	362	102
243	465	364	101
244	431	367	64
245	437	374	63
246	435	378	57
247	440	373	67
248	441	367	74
249	443	360	83
250	471	370	101
251	437	364	73
252	430	367	63
253	444	363	81
254	453	366	87
255	450	369	81
256	438	372	66
257	455	381	74
258	431	371	60
259	437	359	78
260	433	361	72
261	429	368	61
262	448	361	87
263	432	368	64
264	429	371	58
265	423	369	54
266	413	372	41
267	433	373	60
268	434	367	67
269	430	365	65
270	436	363	73
271	429	367	62
272	443	370	73
273	430	364	66
274	436	365	71
275	441	371	70
276	449	374	75
277	460	368	92
278	464	366	98
279	442	365	77
280	441	367	74
281	445	365	80
282	431	360	71
283	426	352	74
284	443	361	82
285	448	357	91
286	438	352	86
287	413	360	53
288	446	368	78
289	441	375	66
290	459	365	94
291	449	351	98
292	450	364	86
293	436	365	71
294	415	357	58
295	418	361	57
296	412	361	51
297	436	368	68
298	423	370	53
299	413	359	54
300	434	359	75
301	434	350	84
302	425	358	67
303	444	354	90
304	459	352	107
305	426	360	66
306	442	365	77
307	423	364	59
308	413	353	60
309	429	351	78
310	440	351	89
311	433	356	77
312	433	361	72
313	424	352	72
314	428	352	76
315	446	353	93
316	449	358	91
317	434	360	74
318	418	362	56
319	427	365	62
320	426	364	62
321	433	368	65
322	422	371	51
323	433	369	64
324	429	365	64
325	422	363	59
326	432	360	72
327	411	354	57
328	428	365	63
329	417	366	51
330	439	362	77
331	441	353	88
332	452	353	99
333	465	358	107
334	451	361	90
335	428	353	75
336	400	359	41
337	424	367	57
338	430	362	68
339	418	356	62
340	412	351	61
341	428	354	74
342	453	362	91
343	424	355	69
344	436	368	68
345	428	366	62
346	433	360	73
347	451	362	89
348	426	353	73
349	424	354	70
350	426	368	58
351	429	370	59
352	419	356	63
353	424	360	64
354	432	365	67
355	437	364	73
356	457	355	102
357	450	365	85
358	440	370	70
359	413	362	51
360	406	354	52
361	419	358	61
362	421	357	64
363	441	347	94
364	461	357	104
365	435	358	77
366	434	357	77
367	433	354	79
368	421	355	66
369	419	357	62
370	417	358	59
371	426	356	70
372	402	358	44
373	412	357	55
374	424	360	64
375	425	353	72
376	422	359	63
377	403	361	42
378	416	352	64
379	421	354	67
380	415	365	50
381	429	358	71
382	409	360	49
383	426	361	65
384	433	355	78
385	420	354	66
386	399	349	50
387	447	351	96
388	464	354	110
389	430	356	74
390	421	349	72
391	427	356	71
392	424	360	64
393	415	352	63
394	433	361	72
395	449	366	83
396	424	371	53
397	411	358	53
398	425	349	76
399	405	353	52
400	395	357	38
401	401	356	45
402	433	358	75
403	452	351	101
404	438	354	84
405	416	346	70
406	439	348	91
407	447	351	96
408	434	362	72
409	427	368	59
410	430	362	68
411	441	360	81
412	447	364	83
413	445	366	79
414	419	359	60
415	409	357	52
416	406	370	36
417	405	364	41
418	412	365	47
419	416	367	49
420	429	367	62
421	425	359	66
422	424	363	61
423	434	358	76
424	420	368	52
425	419	362	57
426	441	354	87
427	415	349	66
428	414	356	58
429	435	359	76
430	434	357	77
431	406	354	52
432	422	351	71
433	424	359	65
434	420	357	63
435	443	352	91
436	442	356	86
437	413	358	55
438	420	355	65
439	417	349	68
440	423	351	72
441	423	357	66
442	425	358	67
443	438	358	80
444	431	363	68
445	429	363	66
446	416	355	61
447	411	346	65
448	420	345	75
449	449	350	99
450	467	346	121
451	462	359	103
452	434	361	73
453	409	357	52
454	433	358	75
455	443	351	92
456	452	352	100
457	448	359	89
458	451	360	91
459	421	353	68
460	412	355	57
461	455	357	98
462	435	364	71
463	412	357	55
464	417	349	68
465	426	360	66
466	456	362	94
467	464	355	109
468	448	352	96
469	448	358	90
470	446	361	85
471	426	354	72
472	427	349	78
473	451	347	104
474	444	360	84
475	451	365	86
476	458	369	89
477	418	363	55
478	430	356	74
479	437	357	80
480	412	341	71
481	412	352	60
482	413	356	57
483	432	358	74
484	450	353	97
485	454	353	101
486	443	357	86
487	426	366	60
488	419	349	70
489	421	351	70
490	432	352	80
491	425	347	78
492	433	347	86
493	443	351	92
494	438	348	90
495	444	345	99
496	436	353	83
497	438	355	83
498	431	359	72
499	433	352	81
500	439	356	83
501	448	349	99
502	464	349	115
503	448	345	103
504	446	348	98
505	461	352	109
506	461	346	115
507	452	340	112
508	435	341	94
509	452	346	106
510	470	355	115
511	457	350	107
512	437	340	97
513	423	342	81
514	432	350	82
515	436	353	83
516	439	354	85
517	425	353	72
518	419	351	68
519	430	352	78
520	430	341	89
521	441	340	101
522	455	348	107
523	455	351	104
524	448	354	94
525	446	351	95
526	439	350	89
527	443	344	99
528	449	349	100
529	443	350	93
530	453	343	110
531	461	337	124
532	460	345	115
533	451	346	105
534	458	343	115
535	452	345	107
536	471	358	113
537	460	345	115
538	461	347	114
539	466	357	109
540	457	348	109
541	469	345	124
542	470	350	120
543	453	343	110
544	462	344	118
545	472	347	125
546	465	351	114
547	445	349	96
548	463	352	111
549	464	342	122
550	453	338	115
551	455	342	113
552	461	346	115
553	453	341	112
554	488	346	142
555	517	341	176
556	495	348	147
557	481	347	134
558	488	341	147
559	493	344	149
560	484	342	142
561	461	349	112
562	478	346	132
563	497	343	154
564	512	342	170
565	485	342	143
566	479	344	135
567	470	348	122
568	479	352	127
569	486	348	138
570	483	335	148
571	504	332	172
572	526	347	179
573	499	352	147
574	479	360	119
575	496	357	139
576	509	356	153
577	512	345	167
578	535	341	194
579	529	344	185
580	511	348	163
581	529	348	181
582	549	344	205
583	542	337	205
584	526	328	198
585	532	348	184
586	540	345	195
587	559	342	217
588	551	349	202
589	550	345	205
590	564	349	215
591	578	353	225
592	588	338	250
593	569	343	226
594	560	339	221
595	568	339	229
596	573	340	233
597	595	341	254
598	594	343	251
599	585	348	237
600	618	344	274
601	616	346	270
602	621	343	278
603	608	352	256
604	609	349	260
605	633	345	288
606	644	352	292
607	636	348	288
608	623	337	286
609	623	334	289
610	616	346	270
611	626	345	281
612	630	334	296
613	636	338	298
614	654	342	312
615	643	342	301
616	651	341	310
617	666	342	324
618	684	335	349
619	713	337	376
620	696	349	347
621	681	339	342
622	675	336	339
623	686	339	347
624	741	342	399
625	752	340	412
626	724	342	382
627	746	337	409
628	753	340	413
629	767	342	425
630	784	343	441
631	799	349	450
632	848	357	491
633	846	354	492
634	837	346	491
635	835	339	496
636	873	337	536
637	866	346	520
638	842	345	497
639	859	344	515
640	883	340	543
641	897	336	561
642	925	341	584
643	934	346	588
644	949	345	604
645	929	338	591
646	944	344	600
647	975	343	632
648	1029	344	685
649	991	346	645
650	1019	341	678
651	1035	345	690
652	1024	345	679
653	1037	348	689
654	1076	348	728
655	1123	344	779
656	1095	343	752
657	1083	344	739
658	1122	332	790
659	1113	329	784
660	1137	341	796
661	1182	337	845
662	1174	343	831
663	1163	350	813
664	1203	345	858
665	1214	333	881
666	1261	337	924
667	1242	346	896
668	1249	351	898
669	1317	347	970
670	1352	344	1008
671	1347	344	1003
672	1335	333	1002
673	1368	338	1030
674	1445	346	1099
675	1450	343	1107
676	1486	346	1140
677	1535	333	1202
678	1557	338	1219
679	1561	336	1225
680	1591	349	1242
681	1645	347	1298
682	1685	343	1342
683	1670	340	1330
684	1676	337	1339
685	1716	335	1381
686	1706	342	1364
687	1749	345	1404
688	1818	341	1477
689	1819	344	1475
690	1903	344	1559
691	1887	344	1543
692	1896	344	1552
693	1935	334	1601
694	1911	334	1577
695	1943	346	1597
696	2007	338	1669
697	2043	338	1705
698	2011	340	1671
699	1977	336	1641
700	1997	347	1650
701	2065	344	1721
702	2092	342	1750
703	2101	336	1765
704	2103	343	1760
705	2099	338	1761
706	2142	330	1812
707	2184	331	1853
708	2214	342	1872
709	2172	346	1826
710	2233	353	1880
711	2276	338	1938
712	2312	334	1978
713	2304	339	1965
714	2286	339	1947
715	2379	343	2036
716	2386	327	2059
717	2396	323	2073
718	2452	330	2122
719	2485	332	2153
720	2508	334	2174
721	2475	328	2147
722	2508	334	2174
723	2505	333	2172
724	2568	338	2230
725	2621	345	2276
726	2647	336	2311
727	2664	325	2339
728	2723	329	2394
729	2774	341	2433
730	2844	340	2504
731	2900	345	2555
732	2915	344	2571
733	2916	342	2574
734	2976	347	2629
735	2979	341	2638
736	3030	332	2698
737	3074	331	2743
738	3113	345	2768
739	3167	337	2830
740	3202	339	2863
741	3147	347	2800
742	3137	338	2799
743	3196	335	2861
744	3181	347	2834
745	3164	341	2823
746	3280	334	2946
747	3345	338	3007
748	3351	335	3016
749	3318	335	2983
750	3351	341	3010
751	3312	336	2976
752	3335	338	2997
753	3377	337	3040
754	3388	336	3052
755	3402	342	3060
756	3415	340	3075
757	3368	346	3022
758	3362	341	3021
759	3339	348	2991
760	3321	345	2976
761	3332	337	2995
762	3354	339	3015
763	3365	329	3036
764	3302	323	2979
765	3355	331	3024
766	3403	333	3070
767	3391	335	3056
768	3378	340	3038
769	3340	333	3007
770	3399	324	3075
771	3428	334	3094
772	3462	342	3120
773	3391	333	3058
774	3351	339	3012
775	3346	343	3003
776	3370	343	3027
777	3434	337	3097
778	3436	336	3100
779	3441	346	3095
780	3475	351	3124
781	3465	342	3123
782	3450	339	3111
783	3549	341	3208
784	3565	335	3230
785	3547	342	3205
786	3507	344	3163
787	3581	345	3236
788	3678	346	3332
789	3699	338	3361
790	3677	330	3347
791	3713	326	3387
792	3736	341	3395
793	3797	337	3460
794	3821	332	3489
795	3841	340	3501
796	3897	337	3560
797	3949	341	3608
798	3911	346	3565
799	3920	349	3571
800	3959	347	3612
801	3968	345	3623
802	3923	331	3592
803	4026	328	3698
804	3966	328	3638
805	3952	334	3618
806	3969	333	3636
807	3962	337	3625
808	3970	346	3624
809	3942	349	3593
810	4018	341	3677
811	4025	332	3693
812	4021	335	3686
813	3932	333	3599
814	3976	330	3646
815	3987	331	3656
816	3870	341	3529
817	3884	344	3540
818	3927	337	3590
819	3891	339	3552
820	3917	336	3581
821	3908	335	3573
822	3869	337	3532
823	3840	336	3504
824	3854	338	3516
825	3840	325	3515
826	3817	324	3493
827	3798	326	3472
828	3718	333	3385
829	3787	343	3444
830	3826	341	3485
831	3760	330	3430
832	3732	327	3405
833	3839	331	3508
834	3894	335	3559
835	3802	320	3482
836	3760	326	3434
837	3853	334	3519
838	3846	330	3516
839	3877	326	3551
840	3912	334	3578
841	3921	337	3584
842	3926	334	3592
843	3922	330	3592
844	3925	329	3596
845	3946	325	3621
846	3998	328	3670
847	4015	332	3683
848	4060	334	3726
849	4101	334	3767
850	4087	330	3757
851	4156	329	3827
852	4171	333	3838
853	4159	322	3837
854	4181	325	3856
855	4175	331	3844
856	4247	332	3915
857	4289	327	3962
858	4268	334	3934
859	4327	327	4000
860	4351	328	4023
861	4389	330	4059
862	4395	330	4065
863	4387	335	4052
864	4389	331	4058
865	4422	332	4090
866	4381	331	4050
867	4440	324	4116
868	4475	322	4153
869	4489	321	4168
870	4491	329	4162
871	4509	323	4186
872	4519	328	4191
873	4557	330	4227
874	4588	322	4266
875	4524	327	4197
876	4522	338	4184
877	4476	328	4148
878	4521	318	4203
879	4506	318	4188
880	4487	335	4152
881	4442	331	4111
882	4480	332	4148
883	4510	330	4180
884	4534	335	4199
885	4469	332	4137
886	4457	319	4138
887	4467	319	4148
888	4441	334	4107
889	4408	325	4083
890	4388	325	4063
891	4347	321	4026
892	4348	320	4028
893	4356	321	4035
894	4288	326	3962
895	4341	332	4009
896	4330	332	3998
897	4350	329	4021
898	4362	328	4034
899	4300	325	3975
900	4295	328	3967
901	4293	325	3968
902	4327	324	4003
903	4317	336	3981
904	4316	329	3987
905	4312	316	3996
906	4293	321	3972
907	4357	335	4022
908	4358	337	4021
909	4354	330	4024
910	4436	336	4100
911	4487	335	4152
912	4461	332	4129
913	4445	325	4120
914	4506	321	4185
915	4487	321	4166
916	4513	322	4191
917	4620	317	4303
918	4631	321	4310
919	4684	319	4365
920	4693	323	4370
921	4646	321	4325
922	4760	322	4438
923	4819	330	4489
924	4791	327	4464
925	4892	327	4565
926	4925	330	4595
927	4876	333	4543
928	4906	326	4580
929	4985	329	4656
930	5069	337	4732
931	4994	332	4662
932	5046	323	4723
933	5126	329	4797
934	5212	334	4878
935	5257	327	4930
936	5346	331	5015
937	5300	326	4974
938	5308	322	4986
939	5386	324	5062
940	5433	318	5115
941	5444	321	5123
942	5395	330	5065
943	5341	323	5018
944	5326	319	5007
945	5294	319	4975
946	5375	325	5050
947	5482	322	5160
948	5472	320	5152
949	5351	320	5031
950	5307	318	4989
951	5392	322	5070
952	5454	323	5131
953	5425	321	5104
954	5399	317	5082
955	5390	317	5073
956	5344	331	5013
957	5298	325	4973
958	5293	327	4966
959	5303	332	4971
960	5273	328	4945
961	5218	320	4898
962	5195	331	4864
963	5281	337	4944
964	5271	325	4946
965	5182	321	4861
966	5079	317	4762
967	5088	320	4768
968	5167	322	4845
969	5074	329	4745
970	5021	337	4684
971	5088	322	4766
972	5057	321	4736
973	4982	327	4655
974	4984	333	4651
975	5031	321	4710
976	5006	314	4692
977	5030	322	4708
978	5007	322	4685
979	4975	323	4652
980	5035	325	4710
981	5106	318	4788
982	5106	317	4789
983	5088	324	4764
984	5058	330	4728
985	5049	331	4718
986	5043	328	4715
987	5166	330	4836
988	5276	316	4960
989	5324	324	5000
990	5324	332	4992
991	5334	324	5010
992	5373	327	5046
993	5451	329	5122
994	5454	324	5130
995	5517	323	5194
996	5554	321	5233
997	5565	322	5243
998	5705	324	5381
999	5706	328	5378
1000	5657	332	5325
1001	5770	324	5446
1002	5848	316	5532
1003	5954	318	5636
1004	5990	326	5664
1005	5962	328	5634
1006	6052	332	5720
1007	6131	327	5804
1008	6201	322	5879
1009	6245	321	5924
1010	6307	323	5984
1011	6342	321	6021
1012	6405	315	6090
1013	6463	320	6143
1014	6481	318	6163
1015	6548	312	6236
1016	6491	322	6169
1017	6588	317	6271
1018	6557	314	6243
1019	6540	318	6222
1020	6661	317	6344
1021	6653	316	6337
1022	6605	308	6297
1023	6624	319	6305
1024	6738	324	6414
1025	6788	316	6472
1026	6718	327	6391
1027	6688	329	6359
1028	6693	320	6373
1029	6730	315	6415
1030	6719	315	6404
1031	6680	320	6360
1032	6762	323	6439
1033	6673	323	6350
1034	6687	325	6362
1035	6704	326	6378
1036	6649	327	6322
1037	6639	328	6311
1038	6665	328	6337
1039	6674	323	6351
1040	6696	317	6379
1041	6571	316	6255
1042	6524	324	6200
1043	6581	320	6261
1044	6452	324	6128
1045	6452	324	6128
1046	6486	313	6173
1047	6508	313	6195
1048	6477	323	6154
1049	6557	323	6234
1050	6530	320	6210
1051	6532	316	6216
1052	6421	318	6103
1053	6404	320	6084
1054	6429	323	6106
1055	6461	319	6142
1056	6421	319	6102
1057	6353	321	6032
1058	6343	324	6019
1059	6407	321	6086
1060	6442	324	6118
1061	6414	318	6096
1062	6407	312	6095
1063	6387	316	6071
1064	6396	315	6081
1065	6568	314	6254
1066	6582	331	6251
1067	6619	330	6289
1068	6640	309	6331
1069	6654	308	6346
1070	6709	313	6396
1071	6726	316	6410
1072	6732	318	6414
1073	6856	304	6552
1074	6850	304	6546
1075	6831	313	6518
1076	6996	326	6670
1077	7050	321	6729
1078	7044	315	6729
1079	7116	322	6794
1080	7155	309	6846
1081	7254	311	6943
1082	7335	320	7015
1083	7421	323	7098
1084	7557	322	7235
1085	7698	319	7379
1086	7693	315	7378
1087	7745	316	7429
1088	7792	306	7486
1089	7923	307	7616
1090	8047	316	7731
1091	8197	311	7886
1092	8148	310	7838
1093	8206	309	7897
1094	8323	308	8015
1095	8446	314	8132
1096	8577	314	8263
1097	8577	320	8257
1098	8618	313	8305
1099	8705	311	8394
1100	8717	313	8404
1101	8739	314	8425
1102	8792	312	8480
1103	8904	321	8583
1104	8998	324	8674
1105	9003	317	8686
1106	9043	321	8722
1107	9038	318	8720
1108	9197	314	8883
1109	9301	317	8984
1110	9267	323	8944
1111	9208	333	8875
1112	9227	326	8901
1113	9222	312	8910
1114	9220	321	8899
1115	9266	315	8951
1116	9198	309	8889
1117	9221	315	8906
1118	9329	316	9013
1119	9190	315	8875
1120	9132	313	8819
1121	9134	315	8819
1122	9182	327	8855
1123	9177	322	8855
1124	9112	317	8795
1125	9108	319	8789
1126	9127	313	8814
1127	9041	318	8723
1128	8897	320	8577
1129	8922	318	8604
1130	8928	315	8613
1131	8850	314	8536
1132	8831	313	8518
1133	8865	315	8550
1134	8816	320	8496
1135	8761	326	8435
1136	8765	318	8447
1137	8795	314	8481
1138	8743	318	8425
1139	8716	324	8392
1140	8646	322	8324
1141	8581	321	8260
1142	8579	315	8264
1143	8553	321	8232
1144	8550	321	8229
1145	8529	318	8211
1146	8513	319	8194
1147	8455	319	8136
1148	8385	316	8069
1149	8451	310	8141
1150	8449	325	8124
1151	8452	321	8131
1152	8403	327	8076
1153	8384	329	8055
1154	8388	318	8070
1155	8445	311	8134
1156	8479	312	8167
1157	8459	308	8151
1158	8414	312	8102
1159	8429	312	8117
1160	8480	311	8169
1161	8527	322	8205
1162	8612	323	8289
1163	8680	323	8357
1164	8643	318	8325
1165	8608	313	8295
1166	8627	320	8307
1167	8704	323	8381
1168	8763	325	8438
1169	8773	322	8451
1170	8750	315	8435
1171	8841	313	8528
1172	9042	319	8723
1173	9008	324	8684
1174	8997	326	8671
1175	9117	328	8789
1176	9224	322	8902
1177	9316	307	9009
1178	9356	310	9046
1179	9352	306	9046
1180	9437	307	9130
1181	9550	304	9246
1182	9681	307	9374
1183	9779	324	9455
1184	9856	325	9531
1185	9877	313	9564
1186	10033	310	9723
1187	10029	320	9709
1188	10030	322	9708
1189	10151	318	9833
1190	10257	312	9945
1191	10250	311	9939
1192	10336	309	10027
1193	10433	313	10120
1194	10583	316	10267
1195	10603	321	10282
1196	10669	319	10350
1197	10722	310	10412
1198	10705	308	10397
1199	10837	312	10525
1200	10883	315	10568
1201	10802	321	10481
1202	10865	317	10548
1203	10915	312	10603
1204	10870	314	10556
1205	10968	312	10656
1206	10921	323	10598
1207	10897	317	10580
1208	10960	321	10639
1209	10955	317	10638
1210	10985	317	10668
1211	10973	322	10651
1212	10911	325	10586
1213	10922	320	10602
1214	10839	318	10521
1215	10751	319	10432
1216	10802	313	10489
1217	10736	314	10422
1218	10718	312	10406
1219	10724	312	10412
1220	10642	309	10333
1221	10651	312	10339
1222	10639	315	10324
1223	10530	321	10209
1224	10509	316	10193
1225	10516	309	10207
1226	10474	311	10163
1227	10184	302	9882
1228	10131	297	9834
1229	10130	300	9830
1230	10131	313	9818
1231	10035	307	9728
1232	9961	305	9656
1233	9891	300	9591
1234	9828	299	9529
1235	9710	304	9406
1236	9606	305	9301
1237	9690	316	9374
1238	9620	318	9302
1239	9527	309	9218
1240	9527	310	9217
1241	9509	311	9198
1242	9430	319	9111
1243	9382	320	9062
1244	9288	312	8976
1245	9292	313	8979
1246	9254	311	8943
1247	9174	309	8865
1248	9179	306	8873
1249	9146	311	8835
1250	9123	315	8808
1251	9022	317	8705
1252	8951	310	8641
1253	9054	307	8747
1254	8946	311	8635
1255	8954	319	8635
1256	8863	306	8557
1257	8788	315	8473
1258	8844	319	8525
1259	8826	314	8512
1260	8869	313	8556
1261	8787	309	8478
1262	8749	309	8440
1263	8779	315	8464
1264	8866	315	8551
1265	8835	314	8521
1266	8864	317	8547
1267	8886	320	8566
1268	8857	313	8544
1269	8901	309	8592
1270	8922	306	8616
1271	9009	310	8699
1272	9086	320	8766
1273	9070	314	8756
1274	8960	309	8651
1275	8999	305	8694
1276	9155	301	8854
1277	9199	297	8902
1278	9211	307	8904
1279	9257	319	8938
1280	9240	319	8921
1281	9190	312	8878
1282	9312	306	9006
1283	9393	306	9087
1284	9448	317	9131
1285	9565	312	9253
1286	9615	306	9309
1287	9685	302	9383
1288	9687	310	9377
1289	9660	313	9347
1290	9709	300	9409
1291	9700	305	9395
1292	9774	313	9461
1293	9909	316	9593
1294	9939	314	9625
1295	10072	308	9764
1296	10021	307	9714
1297	10025	300	9725
1298	10097	299	9798
1299	10219	300	9919
1300	10259	304	9955
1301	10367	310	10057
1302	10391	315	10076
1303	10468	313	10155
1304	10510	308	10202
1305	10500	312	10188
1306	10572	315	10257
1307	10754	308	10446
1308	10669	306	10363
1309	10561	309	10252
1310	10562	309	10253
1311	10650	307	10343
1312	10697	314	10383
1313	10696	300	10396
1314	10683	310	10373
1315	10655	315	10340
1316	10699	307	10392
1317	10717	309	10408
1318	10737	300	10437
1319	10709	289	10420
1320	10703	302	10401
1321	10638	298	10340
1322	10578	300	10278
1323	10584	304	10280
1324	10559	303	10256
1325	10505	295	10210
1326	10534	308	10226
1327	10630	313	10317
1328	10583	310	10273
1329	10497	302	10195
1330	10468	299	10169
1331	10426	308	10118
1332	10418	312	10106
1333	10308	309	9999
1334	10235	298	9937
1335	10241	304	9937
1336	10184	320	9864
1337	10138	303	9835
1338	10135	293	9842
1339	10135	288	9847
1340	10046	302	9744
1341	10040	305	9735
1342	9945	297	9648
1343	9905	307	9598
1344	9880	307	9573
1345	9748	303	9445
1346	9702	303	9399
1347	9677	308	9369
1348	9628	315	9313
1349	9504	302	9202
1350	9433	299	9134
1351	9450	306	9144
1352	9380	310	9070
1353	9316	304	9012
1354	9181	290	8891
1355	9114	299	8815
1356	9095	307	8788
1357	9010	299	8711
1358	8899	293	8606
1359	8779	290	8489
1360	8798	290	8508
1361	8765	302	8463
1362	8709	299	8410
1363	8618	296	8322
1364	8551	306	8245
1365	8580	302	8278
1366	8632	301	8331
1367	8577	308	8269
1368	8413	306	8107
1369	8286	302	7984
1370	8408	304	8104
1371	8484	306	8178
1372	8384	310	8074
1373	8311	302	8009
1374	8264	301	7963
1375	8177	307	7870
1376	8203	305	7898
1377	8180	311	7869
1378	8196	300	7896
1379	8148	300	7848
1380	8198	305	7893
1381	8083	301	7782
1382	8097	292	7805
1383	8108	300	7808
1384	8120	304	7816
1385	8146	300	7846
1386	8178	303	7875
1387	8104	298	7806
1388	8081	295	7786
1389	8162	295	7867
1390	8192	300	7892
1391	8265	301	7964
1392	8288	305	7983
1393	8270	310	7960
1394	8242	312	7930
1395	8377	308	8069
1396	8428	297	8131
1397	8504	294	8210
1398	8579	295	8284
1399	8518	306	8212
1400	8589	302	8287
1401	8599	303	8296
1402	8661	304	8357
1403	8756	299	8457
1404	8788	299	8489
1405	8847	309	8538
1406	8949	316	8633
1407	9054	304	8750
1408	9012	309	8703
1409	9101	301	8800
1410	9151	298	8853
1411	9152	298	8854
1412	9279	299	8980
1413	9340	301	9039
1414	9357	295	9062
1415	9469	292	9177
1416	9560	303	9257
1417	9640	296	9344
1418	9733	304	9429
1419	9762	305	9457
1420	9855	302	9553
1421	9889	301	9588
1422	9895	303	9592
1423	9953	310	9643
1424	10071	309	9762
1425	10049	301	9748
1426	10071	307	9764
1427	10121	316	9805
1428	10172	311	9861
1429	10182	304	9878
1430	10194	302	9892
1431	10227	304	9923
1432	10242	302	9940
1433	10262	298	9964
1434	10419	297	10122
1435	10390	302	10088
1436	10284	294	9990
1437	10330	291	10039
1438	10372	294	10078
1439	10216	291	9925
1440	10236	297	9939
1441	10299	298	10001
1442	10326	290	10036
1443	10397	295	10102
1444	10353	297	10056
1445	10371	300	10071
1446	10282	296	9986
1447	10235	297	9938
1448	10164	300	9864
1449	10136	301	9835
1450	10210	297	9913
1451	10258	300	9958
1452	10144	296	9848
1453	9976	302	9674
1454	10042	309	9733
1455	10090	297	9793
1456	10009	298	9711
1457	9937	293	9644
1458	9923	291	9632
1459	9845	302	9543
1460	9789	311	9478
1461	9839	300	9539
1462	9744	306	9438
1463	9592	301	9291
1464	9505	293	9212
1465	9454	299	9155
1466	9424	294	9130
1467	9353	296	9057
1468	9271	298	8973
1469	9225	289	8936
1470	9180	296	8884
1471	9204	295	8909
1472	9166	306	8860
1473	9058	309	8749
1474	8952	294	8658
1475	8922	296	8626
1476	8847	296	8551
1477	8768	299	8469
1478	8694	307	8387
1479	8694	307	8387
1480	8603	304	8299
1481	8443	296	8147
1482	8432	305	8127
1483	8354	305	8049
1484	8357	296	8061
1485	8295	294	8001
1486	8187	303	7884
1487	8066	299	7767
1488	7983	297	7686
1489	7968	295	7673
1490	7956	304	7652
1491	7889	298	7591
1492	7877	295	7582
1493	7788	302	7486
1494	7725	306	7419
1495	7649	300	7349
1496	7600	299	7301
1497	7594	306	7288
1498	7584	302	7282
1499	7621	288	7333
1500	7559	288	7271
1501	7434	295	7139
1502	7343	287	7056
1503	7285	289	6996
1504	7350	306	7044
1505	7311	296	7015
1506	7284	299	6985
1507	7243	298	6945
1508	7274	296	6978
1509	7234	293	6941
1510	7124	288	6836
1511	7187	288	6899
1512	7202	299	6903
1513	7172	302	6870
1514	7226	308	6918
1515	7132	298	6834
1516	7137	296	6841
1517	7164	300	6864
1518	7185	306	6879
1519	7123	302	6821
1520	7141	298	6843
1521	7215	303	6912
1522	7186	306	6880
1523	7148	301	6847
1524	7115	298	6817
1525	7172	305	6867
1526	7186	303	6883
1527	7210	293	6917
1528	7218	289	6929
1529	7181	295	6886
1530	7256	303	6953
1531	7298	302	6996
1532	7296	308	6988
1533	7331	303	7028
1534	7337	302	7035
1535	7307	299	7008
1536	7436	293	7143
1537	7491	291	7200
1538	7475	302	7173
1539	7483	302	7181
1540	7518	301	7217
1541	7523	302	7221
1542	7593	307	7286
1543	7657	305	7352
1544	7729	297	7432
1545	7698	293	7405
1546	7848	299	7549
1547	7918	308	7610
1548	7853	298	7555
1549	7845	291	7554
1550	7893	297	7596
1551	7893	301	7592
1552	7933	301	7632
1553	7952	302	7650
1554	8010	303	7707
1555	8033	298	7735
1556	8135	299	7836
1557	8162	288	7874
1558	8196	294	7902
1559	8274	294	7980
1560	8325	299	8026
1561	8363	305	8058
1562	8380	296	8084
1563	8351	298	8053
1564	8334	295	8039
1565	8310	297	8013
1566	8383	308	8075
1567	8455	300	8155
1568	8469	296	8173
1569	8451	307	8144
1570	8491	303	8188
1571	8484	301	8183
1572	8470	297	8173
1573	8508	294	8214
1574	8606	298	8308
1575	8582	303	8279
1576	8528	293	8235
1577	8526	288	8238
1578	8468	295	8173
1579	8468	295	8173
1580	8505	287	8218
1581	8486	302	8184
1582	8473	301	8172
1583	8378	296	8082
1584	8424	294	8130
1585	8456	290	8166
1586	8357	294	8063
1587	8399	297	8102
1588	8446	304	8142
1589	8392	312	8080
1590	8352	311	8041
1591	8341	311	8030
1592	8273	306	7967
1593	8214	294	7920
1594	8229	301	7928
1595	8209	305	7904
1596	8165	302	7863
1597	8045	288	7757
1598	7988	300	7688
1599	7984	300	7684
1600	7949	295	7654
1601	7922	298	7624
1602	7864	301	7563
1603	7815	301	7514
1604	7747	304	7443
1605	7708	302	7406
1606	7710	297	7413
1607	7684	299	7385
1608	7597	304	7293
1609	7548	301	7247
1610	7542	299	7243
1611	7446	298	7148
1612	7333	295	7038
1613	7311	303	7008
1614	7323	292	7031
1615	7273	290	6983
1616	7190	297	6893
1617	7190	294	6896
1618	7193	294	6899
1619	7145	296	6849
1620	7021	292	6729
1621	6921	300	6621
1622	6810	303	6507
1623	6804	299	6505
1624	6750	303	6447
1625	6689	303	6386
1626	6664	309	6355
1627	6604	301	6303
1628	6535	303	6232
1629	6492	296	6196
1630	6462	294	6168
1631	6434	296	6138
1632	6374	302	6072
1633	6315	308	6007
1634	6240	299	5941
1635	6185	292	5893
1636	6129	300	5829
1637	6143	304	5839
1638	6216	300	5916
1639	6133	301	5832
1640	6016	306	5710
1641	6031	302	5729
1642	5984	299	5685
1643	5920	298	5622
1644	5997	297	5700
1645	5935	295	5640
1646	5884	300	5584
1647	5875	293	5582
1648	5849	300	5549
1649	5862	317	5545
1650	5870	301	5569
1651	5822	293	5529
1652	5782	293	5489
1653	5725	303	5422
1654	5725	298	5427
1655	5743	293	5450
1656	5737	299	5438
1657	5657	302	5355
1658	5689	300	5389
1659	5689	293	5396
1660	5640	299	5341
1661	5619	295	5324
1662	5627	290	5337
1663	5624	292	5332
1664	5615	306	5309
1665	5545	311	5234
1666	5585	299	5286
1667	5552	299	5253
1668	5507	301	5206
1669	5480	301	5179
1670	5510	294	5216
1671	5464	295	5169
1672	5489	293	5196
1673	5528	284	5244
1674	5444	293	5151
1675	5396	296	5100
1676	5387	296	5091
1677	5433	304	5129
1678	5421	303	5118
1679	5471	297	5174
1680	5490	298	5192
1681	5461	286	5175
1682	5459	288	5171
1683	5452	293	5159
1684	5427	289	5138
1685	5434	286	5148
1686	5477	281	5196
1687	5457	295	5162
1688	5416	300	5116
1689	5455	296	5159
1690	5483	296	5187
1691	5508	292	5216
1692	5519	285	5234
1693	5500	294	5206
1694	5598	313	5285
1695	5566	307	5259
1696	5591	300	5291
1697	5670	296	5374
1698	5695	295	5400
1699	5675	289	5386
1700	5665	289	5376
1701	5720	297	5423
1702	5754	299	5455
1703	5788	300	5488
1704	5819	299	5520
1705	5904	295	5609
1706	5964	290	5674
1707	6026	286	5740
1708	6079	288	5791
1709	6077	289	5788
1710	6109	288	5821
1711	6153	291	5862
1712	6169	298	5871
1713	6135	294	5841
1714	6180	289	5891
1715	6222	299	5923
1716	6289	298	5991
1717	6319	301	6018
1718	6411	293	6118
1719	6400	291	6109
1720	6429	289	6140
1721	6492	296	6196
1722	6578	296	6282
1723	6636	295	6341
1724	6713	292	6421
1725	6741	295	6446
1726	6736	303	6433
1727	6865	301	6564
1728	6884	288	6596
1729	6946	287	6659
1730	6965	294	6671
1731	6968	293	6675
1732	7043	295	6748
1733	7158	292	6866
1734	7122	294	6828
1735	7250	298	6952
1736	7324	286	7038
1737	7427	288	7139
1738	7518	298	7220
1739	7511	296	7215
1740	7503	290	7213
1741	7488	296	7192
1742	7435	300	7135
1743	7470	298	7172
1744	7554	295	7259
1745	7516	296	7220
1746	7530	290	7240
1747	7604	287	7317
1748	7633	301	7332
1749	7624	301	7323
1750	7545	301	7244
1751	7466	302	7164
1752	7463	298	7165
1753	7499	293	7206
1754	7522	293	7229
1755	7518	293	7225
1756	7519	294	7225
1757	7571	298	7273
1758	7580	300	7280
1759	7551	298	7253
1760	7628	308	7320
1761	7623	296	7327
1762	7478	298	7180
1763	7601	306	7295
1764	7679	302	7377
1765	7625	285	7340
1766	7533	289	7244
1767	7513	297	7216
1768	7408	301	7107
1769	7353	306	7047
1770	7423	307	7116
1771	7367	297	7070
1772	7266	292	6974
1773	7314	303	7011
1774	7310	299	7011
1775	7283	293	6990
1776	7255	299	6956
1777	7245	298	6947
1778	7169	307	6862
1779	7162	293	6869
1780	7147	292	6855
1781	7100	299	6801
1782	7097	295	6802
1783	6986	292	6694
1784	6965	295	6670
1785	6985	293	6692
1786	6944	297	6647
1787	6929	302	6627
1788	6837	291	6546
1789	6824	300	6524
1790	6792	306	6486
1791	6656	299	6357
1792	6665	300	6365
1793	6652	297	6355
1794	6667	307	6360
1795	6620	302	6318
1796	6589	296	6293
1797	6539	300	6239
1798	6524	307	6217
1799	6485	301	6184
1800	6476	297	6179
1801	6390	294	6096
1802	6405	298	6107
1803	6432	299	6133
1804	6418	298	6120
1805	6359	295	6064
1806	6225	291	5934
1807	6158	300	5858
1808	6097	304	5793
1809	6085	299	5786
1810	6011	305	5706
1811	5848	303	5545
1812	5831	286	5545
1813	5855	281	5574
1814	5825	298	5527
1815	5729	302	5427
1816	5682	311	5371
1817	5701	305	5396
1818	5769	299	5470
1819	5627	298	5329
1820	5562	288	5274
1821	5604	290	5314
1822	5663	293	5370
1823	5575	294	5281
1824	5577	311	5266
1825	5572	306	5266
1826	5516	304	5212
1827	5466	293	5173
1828	5455	288	5167
1829	5505	289	5216
1830	5521	291	5230
1831	5545	294	5251
1832	5600	299	5301
1833	5626	299	5327
1834	5675	299	5376
1835	5686	300	5386
1836	5699	294	5405
1837	5712	295	5417
1838	5729	293	5436
1839	5663	300	5363
1840	5650	311	5339
1841	5560	307	5253
1842	5541	298	5243
1843	5534	300	5234
1844	5488	302	5186
1845	5482	301	5181
1846	5498	302	5196
1847	5496	307	5189
1848	5534	302	5232
1849	5561	300	5261
1850	5491	296	5195
1851	5500	295	5205
1852	5464	289	5175
1853	5450	290	5160
1854	5489	295	5194
1855	5418	294	5124
1856	5423	297	5126
1857	5471	286	5185
1858	5422	296	5126
1859	5396	308	5088
1860	5362	299	5063
1861	5331	300	5031
1862	5375	306	5069
1863	5393	295	5098
1864	5376	292	5084
1865	5384	293	5091
1866	5413	293	5120
1867	5456	293	5163
1868	5434	294	5140
1869	5483	296	5187
1870	5579	296	5283
1871	5650	297	5353
1872	5698	294	5404
1873	5657	293	5364
1874	5741	294	5447
1875	5857	294	5563
1876	5839	295	5544
1877	5865	298	5567
1878	5839	290	5549
1879	5835	295	5540
1880	5868	305	5563
1881	5871	299	5572
1882	5938	291	5647
1883	5942	292	5650
1884	5977	299	5678
1885	5966	295	5671
1886	5941	300	5641
1887	5934	293	5641
1888	5928	290	5638
1889	5905	289	5616
1890	5867	295	5572
1891	5825	297	5528
1892	5884	299	5585
1893	5923	306	5617
1894	5996	299	5697
1895	6063	304	5759
1896	6082	304	5778
1897	6028	305	5723
1898	5970	301	5669
1899	6010	299	5711
1900	6039	291	5748
1901	6086	295	5791
1902	6059	300	5759
1903	6092	293	5799
1904	6092	299	5793
1905	6105	287	5818
1906	6131	289	5842
1907	6083	295	5788
1908	6125	289	5836
1909	6221	294	5927
1910	6234	298	5936
1911	6211	299	5912
1912	6180	297	5883
1913	6262	293	5969
1914	6270	291	5979
1915	6353	290	6063
1916	6440	295	6145
1917	6384	287	6097
1918	6420	292	6128
1919	6404	299	6105
1920	6470	286	6184
1921	6506	290	6216
1922	6485	299	6186
1923	6573	301	6272
1924	6532	297	6235
1925	6572	301	6271
1926	6584	299	6285
1927	6692	291	6401
1928	6730	295	6435
1929	6726	304	6422
1930	6750	303	6447
1931	6725	300	6425
1932	6654	295	6359
1933	6666	295	6371
1934	6592	307	6285
1935	6555	301	6254
1936	6688	298	6390
1937	6606	300	6306
1938	6545	301	6244
1939	6544	291	6253
1940	6475	284	6191
1941	6473	290	6183
1942	6443	299	6144
1943	6351	308	6043
1944	6393	308	6085
1945	6472	296	6176
1946	6389	293	6096
1947	6497	298	6199
1948	6506	289	6217
1949	6415	295	6120
1950	6453	305	6148
1951	6513	300	6213
1952	6524	297	6227
1953	6435	299	6136
1954	6442	303	6139
1955	6392	301	6091
1956	6365	295	6070
1957	6425	290	6135
1958	6398	294	6104
1959	6370	296	6074
1960	6373	286	6087
1961	6356	291	6065
1962	6348	299	6049
1963	6329	293	6036
1964	6218	294	5924
1965	6215	289	5926
1966	6253	292	5961
1967	6288	297	5991
1968	6195	300	5895
1969	6095	298	5797
1970	6080	294	5786
1971	6114	293	5821
1972	6098	287	5811
1973	6020	286	5734
1974	5950	291	5659
1975	6013	306	5707
1976	6033	303	5730
1977	6055	291	5764
1978	6081	296	5785
1979	6021	304	5717
1980	5960	308	5652
1981	5966	303	5663
1982	5948	298	5650
1983	6034	293	5741
1984	6017	285	5732
1985	5921	291	5630
1986	5888	304	5584
1987	5856	304	5552
1988	5834	296	5538
1989	5729	299	5430
1990	5612	299	5313
1991	5572	300	5272
1992	5576	298	5278
1993	5514	289	5225
1994	5445	298	5147
1995	5418	298	5120
1996	5438	299	5139
1997	5365	293	5072
1998	5293	287	5006
1999	5180	292	4888
2000	5224	292	4932
2001	5232	302	4930
2002	5144	306	4838
2003	5119	297	4822
2004	5061	295	4766
2005	5076	300	4776
2006	5076	295	4781
2007	5024	288	4736
2008	4980	294	4686
2009	4948	297	4651
2010	4901	300	4601
2011	4909	300	4609
2012	4855	295	4560
2013	4940	297	4643
2014	4915	305	4610
2015	4852	306	4546
2016	4828	302	4526
2017	4819	293	4526
2018	4774	301	4473
2019	4746	299	4447
2020	4749	283	4466
2021	4744	286	4458
2022	4727	290	4437
2023	4768	287	4481
2024	4782	292	4490
2025	4720	305	4415
2026	4722	295	4427
2027	4719	291	4428
2028	4783	294	4489
2029	4798	298	4500
2030	4795	298	4497
2031	4751	292	4459
2032	4696	290	4406
2033	4662	289	4373
2034	4715	303	4412
2035	4718	297	4421
2036	4762	297	4465
2037	4804	296	4508
2038	4780	303	4477
2039	4735	300	4435
2040	4787	287	4500
2041	4848	293	4555
2042	4864	290	4574
2043	4931	289	4642
2044	5023	300	4723
2045	4957	299	4658
2046	4947	296	4651
2047	5032	294	4738
2048	5103	291	4812
2049	5061	296	4765
2050	5068	296	4772
2051	5019	297	4722
2052	5000	297	4703
2053	5013	294	4719
2054	5001	296	4705
2055	5078	293	4785
2056	5130	294	4836
2057	5063	299	4764
2058	5052	294	4758
2059	5115	298	4817
2060	5085	299	4786
2061	5041	291	4750
2062	5079	295	4784
2063	5068	293	4775
2064	5019	300	4719
2065	4977	302	4675
2066	5004	299	4705
2067	5040	294	4746
2068	5068	298	4770
2069	5027	306	4721
2070	5104	300	4804
2071	5062	293	4769
2072	4967	296	4671
2073	4982	292	4690
2074	4929	290	4639
2075	4897	288	4609
2076	4886	293	4593
2077	4863	296	4567
2078	4835	297	4538
2079	4877	304	4573
2080	4866	301	4565
2081	4817	296	4521
2082	4790	299	4491
2083	4811	288	4523
2084	4876	285	4591
2085	4849	281	4568
2086	4897	293	4604
2087	4954	293	4661
2088	4969	291	4678
2089	5017	289	4728
2090	5013	293	4720
2091	4998	303	4695
2092	4947	301	4646
2093	4868	298	4570
2094	4885	293	4592
2095	4929	293	4636
2096	4929	299	4630
2097	4919	295	4624
2098	4976	298	4678
2099	4958	293	4665
2100	4953	294	4659
2101	5020	300	4720
2102	5140	293	4847
2103	5221	291	4930
2104	5228	299	4929
2105	5231	297	4934
2106	5266	296	4970
2107	5296	295	5001
2108	5339	298	5041
2109	5342	311	5031
2110	5282	307	4975
2111	5286	301	4985
2112	5388	293	5095
2113	5436	282	5154
2114	5391	291	5100
2115	5397	300	5097
2116	5327	295	5032
2117	5325	290	5035
2118	5324	290	5034
2119	5266	289	4977
2120	5249	294	4955
2121	5244	295	4949
2122	5277	304	4973
2123	5252	306	4946
2124	5226	302	4924
2125	5192	296	4896
2126	5169	296	4873
2127	5177	298	4879
2128	5184	292	4892
2129	5130	292	4838
2130	5204	283	4921
2131	5314	289	5025
2132	5401	296	5105
2133	5430	296	5134
2134	5541	290	5251
2135	5582	290	5292
2136	5562	292	5270
2137	5507	293	5214
2138	5492	303	5189
2139	5558	295	5263
2140	5531	293	5238
2141	5486	299	5187
2142	5594	298	5296
2143	5648	292	5356
2144	5646	293	5353
2145	5632	296	5336
2146	5714	295	5419
2147	5709	294	5415
2148	5640	293	5347
2149	5641	296	5345
2150	5721	292	5429
2151	5848	295	5553
2152	5844	296	5548
2153	5891	293	5598
2154	5913	300	5613
2155	5907	296	5611
2156	5937	296	5641
2157	5949	298	5651
2158	5865	291	5574
2159	5907	290	5617
2160	5922	305	5617
2161	5939	299	5640
2162	5887	298	5589
2163	5900	295	5605
2164	5940	291	5649
2165	6043	300	5743
2166	6091	297	5794
2167	6085	294	5791
2168	6087	306	5781
2169	6150	304	5846
2170	6192	298	5894
2171	6149	295	5854
2172	6170	292	5878
2173	6188	286	5902
2174	6196	295	5901
2175	6175	295	5880
2176	6115	294	5821
2177	6129	296	5833
2178	6128	295	5833
2179	6084	289	5795
2180	6056	288	5768
2181	5995	290	5705
2182	5944	293	5651
2183	5953	291	5662
2184	6014	298	5716
2185	5999	294	5705
2186	6070	296	5774
2187	6253	296	5957
2188	6294	295	5999
2189	6302	295	6007
2190	6352	299	6053
2191	6368	298	6070
2192	6363	305	6058
2193	6348	304	6044
2194	6383	295	6088
2195	6308	296	6012
2196	6252	300	5952
2197	6276	292	5984
2198	6243	294	5949
2199	6241	298	5943
2200	6186	301	5885
2201	6168	298	5870
2202	6240	292	5948
2203	6218	291	5927
2204	6206	302	5904
2205	6278	306	5972
2206	6267	305	5962
2207	6227	298	5929
2208	6288	300	5988
2209	6196	297	5899
2210	6132	299	5833
2211	6124	297	5827
2212	6105	290	5815
2213	6109	294	5815
2214	6051	304	5747
2215	6055	292	5763
2216	6094	293	5801
2217	6114	300	5814
2218	6029	295	5734
2219	6004	289	5715
2220	6017	292	5725
2221	6011	294	5717
2222	5911	304	5607
2223	5931	300	5631
2224	5938	301	5637
2225	5931	295	5636
2226	6000	287	5713
2227	5940	293	5647
2228	5897	303	5594
2229	5834	301	5533
2230	5771	293	5478
2231	5810	296	5514
2232	5815	291	5524
2233	5783	297	5486
2234	5761	297	5464
2235	5749	298	5451
2236	5656	293	5363
2237	5657	291	5366
2238	5633	295	5338
2239	5574	291	5283
2240	5546	295	5251
2241	5585	295	5290
2242	5487	295	5192
2243	5544	300	5244
2244	5518	295	5223
2245	5495	293	5202
2246	5537	298	5239
2247	5520	300	5220
2248	5477	299	5178
2249	5497	297	5200
2250	5432	302	5130
2251	5411	299	5112
2252	5446	295	5151
2253	5365	287	5078
2254	5333	295	5038
2255	5401	299	5102
2256	5408	288	5120
2257	5429	286	5143
2258	5421	291	5130
2259	5379	293	5086
2260	5459	298	5161
2261	5400	296	5104
2262	5316	297	5019
2263	5408	291	5117
2264	5413	298	5115
2265	5358	299	5059
2266	5302	296	5006
2267	5326	301	5025
2268	5254	305	4949
2269	5254	297	4957
2270	5227	298	4929
2271	5195	292	4903
2272	5202	296	4906
2273	5186	295	4891
2274	5223	305	4918
2275	5229	314	4915
2276	5212	301	4911
2277	5154	298	4856
2278	5052	299	4753
2279	5063	296	4767
2280	5093	299	4794
2281	5059	301	4758
2282	5046	303	4743
2283	5036	294	4742
2284	5050	304	4746
2285	5031	297	4734
2286	4898	301	4597
2287	4931	303	4628
2288	4952	291	4661
2289	4922	296	4626
2290	4970	307	4663
2291	4951	299	4652
2292	4993	294	4699
2293	4984	301	4683
2294	4929	300	4629
2295	4890	293	4597
2296	4884	294	4590
2297	4945	295	4650
2298	4871	293	4578
2299	4800	305	4495
2300	4815	303	4512
2301	4839	301	4538
2302	4787	300	4487
2303	4767	302	4465
2304	4802	302	4500
2305	4797	301	4496
2306	4796	298	4498
2307	4784	298	4486
2308	4809	300	4509
2309	4770	292	4478
2310	4743	286	4457
2311	4829	295	4534
2312	4814	298	4516
2313	4775	308	4467
2314	4755	310	4445
2315	4782	297	4485
2316	4793	295	4498
2317	4857	294	4563
2318	4885	294	4591
2319	4882	296	4586
2320	4843	300	4543
2321	4879	297	4582
2322	4849	299	4550
2323	4848	296	4552
2324	4906	302	4604
2325	4855	297	4558
2326	4853	297	4556
2327	4851	305	4546
2328	4872	312	4560
2329	4843	299	4544
2330	4800	289	4511
2331	4789	306	4483
2332	4789	295	4494
2333	4838	298	4540
2334	4834	296	4538
2335	4896	294	4602
2336	4988	290	4698
2337	4929	300	4629
2338	4895	299	4596
2339	4874	295	4579
2340	4883	305	4578
2341	4878	305	4573
2342	4848	304	4544
2343	4794	301	4493
2344	4867	292	4575
2345	4924	290	4634
2346	4923	295	4628
2347	4908	295	4613
2348	4902	291	4611
2349	4966	297	4669
2350	4950	303	4647
2351	4958	301	4657
2352	5022	296	4726
2353	5048	292	4756
2354	5042	290	4752
2355	5114	284	4830
2356	5123	288	4835
2357	5052	286	4766
2358	5122	296	4826
2359	5169	295	4874
2360	5197	296	4901
2361	5237	289	4948
2362	5273	300	4973
2363	5292	296	4996
2364	5342	305	5037
2365	5412	303	5109
2366	5388	292	5096
2367	5380	293	5087
2368	5426	293	5133
2369	5468	295	5173
2370	5471	293	5178
2371	5528	290	5238
2372	5621	289	5332
2373	5586	290	5296
2374	5571	299	5272
2375	5624	300	5324
2376	5579	297	5282
2377	5587	290	5297
2378	5628	288	5340
2379	5600	294	5306
2380	5573	306	5267
2381	5623	302	5321
2382	5688	296	5392
2383	5697	287	5410
2384	5632	295	5337
2385	5668	302	5366
2386	5748	306	5442
2387	5824	298	5526
2388	5769	301	5468
2389	5773	295	5478
2390	5708	300	5408
2391	5719	295	5424
2392	5769	289	5480
2393	5779	293	5486
2394	5670	290	5380
2395	5626	293	5333
2396	5739	296	5443
2397	5768	298	5470
2398	5760	298	5462
2399	5656	296	5360
2400	5691	290	5401
2401	5698	296	5402
2402	5688	295	5393
2403	5645	281	5364
2404	5707	289	5418
2405	5733	296	5437
2406	5691	298	5393
2407	5646	296	5350
2408	5536	299	5237
2409	5459	297	5162
2410	5537	295	5242
2411	5556	298	5258
2412	5498	300	5198
2413	5507	296	5211
2414	5523	296	5227
2415	5515	295	5220
2416	5449	304	5145
2417	5484	298	5186
2418	5452	303	5149
2419	5378	307	5071
2420	5354	298	5056
2421	5415	294	5121
2422	5501	293	5208
2423	5457	297	5160
2424	5441	293	5148
2425	5448	293	5155
2426	5467	302	5165
2427	5441	296	5145
2428	5413	293	5120
2429	5426	291	5135
2430	5336	298	5038
2431	5379	297	5082
2432	5300	300	5000
2433	5328	294	5034
2434	5361	296	5065
2435	5340	290	5050
2436	5259	287	4972
2437	5319	295	5024
2438	5428	295	5133
2439	5398	303	5095
2440	5439	294	5145
2441	5357	283	5074
2442	5308	291	5017
2443	5396	293	5103
2444	5335	291	5044
2445	5259	288	4971
2446	5207	290	4917
2447	5251	301	4950
2448	5203	303	4900
2449	5199	298	4901
2450	5331	302	5029
2451	5300	292	5008
2452	5166	295	4871
2453	5173	291	4882
2454	5237	290	4947
2455	5108	304	4804
2456	5120	296	4824
2457	5173	289	4884
2458	5151	294	4857
2459	5124	290	4834
2460	5141	292	4849
2461	5139	285	4854
2462	5116	290	4826
2463	5112	285	4827
2464	5090	295	4795
2465	5109	294	4815
2466	5081	286	4795
2467	5096	292	4804
2468	5041	283	4758
2469	5059	304	4755
2470	5116	296	4820
2471	5074	292	4782
2472	5059	301	4758
2473	5149	296	4853
2474	5118	301	4817
2475	5022	303	4719
2476	5019	296	4723
2477	5121	291	4830
2478	5097	290	4807
2479	5095	292	4803
2480	4998	300	4698
2481	4983	298	4685
2482	4954	299	4655
2483	4996	309	4687
2484	5065	297	4768
2485	5030	295	4735
2486	5038	298	4740
2487	5048	298	4750
2488	5102	293	4809
2489	5131	286	4845
2490	5073	291	4782
2491	5041	285	4756
2492	5082	295	4787
2493	5071	297	4774
2494	5078	291	4787
2495	5061	297	4764
2496	5003	302	4701
2497	4989	304	4685
2498	5048	301	4747
2499	5025	295	4730
2500	5051	303	4748
2501	5080	307	4773
2502	5105	299	4806
2503	5054	298	4756
2504	5032	296	4736
2505	5043	292	4751
2506	5131	294	4837
2507	5108	284	4824
2508	5107	288	4819
2509	5181	295	4886
2510	5270	282	4988
2511	5243	289	4954
2512	5234	303	4931
2513	5210	302	4908
2514	5208	299	4909
2515	5256	299	4957
2516	5469	296	5173
2517	5876	291	5585
2518	6331	296	6035
2519	6756	298	6458
2520	7115	301	6814
2521	7216	302	6914
2522	6917	296	6621
2523	6580	292	6288
2524	6464	292	6172
2525	6319	286	6033
2526	6193	293	5900
2527	6278	299	5979
2528	6307	298	6009
2529	6278	294	5984
2530	6218	298	5920
2531	6193	299	5894
2532	6202	301	5901
2533	6277	301	5976
2534	6258	299	5959
2535	6129	291	5838
2536	5991	290	5701
2537	5926	301	5625
2538	5912	292	5620
2539	5859	293	5566
2540	5885	298	5587
2541	5866	293	5573
2542	5871	294	5577
2543	5885	301	5584
2544	5802	304	5498
2545	5796	303	5493
2546	5695	295	5400
2547	5553	291	5262
2548	5498	290	5208
2549	5443	289	5154
2550	5493	296	5197
2551	5410	288	5122
2552	5345	289	5056
2553	5315	300	5015
2554	5273	305	4968
2555	5203	300	4903
2556	5174	305	4869
2557	5079	292	4787
2558	5018	289	4729
2559	4944	298	4646
2560	4919	299	4620
2561	4840	293	4547
2562	4804	300	4504
2563	4772	301	4471
2564	4749	294	4455
2565	4710	296	4414
2566	4770	294	4476
2567	4748	295	4453
2568	4725	305	4420
2569	4711	306	4405
2570	4675	300	4375
2571	4579	294	4285
2572	4540	294	4246
2573	4457	290	4167
2574	4396	299	4097
2575	4426	301	4125
2576	4391	301	4090
2577	4346	286	4060
2578	4342	284	4058
2579	4318	301	4017
2580	4246	303	3943
2581	4214	297	3917
2582	4195	298	3897
2583	4139	292	3847
2584	4178	293	3885
2585	4202	301	3901
2586	4110	301	3809
2587	4117	292	3825
2588	4121	296	3825
2589	4108	299	3809
2590	4100	296	3804
2591	4044	290	3754
2592	4000	290	3710
2593	3999	303	3696
2594	3999	302	3697
2595	4032	294	3738
2596	4054	289	3765
2597	3959	284	3675
2598	3907	292	3615
2599	3959	297	3662
2600	3949	307	3642
2601	3927	301	3626
2602	3925	283	3642
2603	3870	288	3582
2604	3891	293	3598
2605	3838	293	3545
2606	3821	302	3519
2607	3821	301	3520
2608	3820	293	3527
2609	3803	297	3506
2610	3801	291	3510
2611	3786	288	3498
2612	3865	301	3564
2613	3908	306	3602
2614	3810	302	3508
2615	3819	296	3523
2616	3850	302	3548
2617	3822	304	3518
2618	3796	297	3499
2619	3788	292	3496
2620	3820	295	3525
2621	3838	306	3532
2622	3861	305	3556
2623	3844	298	3546
2624	3868	292	3576
2625	3835	295	3540
2626	3831	296	3535
2627	3858	299	3559
2628	3853	305	3548
2629	3848	298	3550
2630	3848	296	3552
2631	3813	308	3505
2632	3767	295	3472
2633	3798	291	3507
2634	3873	293	3580
2635	3903	290	3613
2636	3913	292	3621
2637	3929	285	3644
2638	3958	291	3667
2639	3975	287	3688
2640	3960	291	3669
2641	4046	298	3748
2642	4084	291	3793
2643	4022	294	3728
2644	4005	297	3708
2645	4004	291	3713
2646	4056	296	3760
2647	4118	296	3822
2648	4092	296	3796
2649	4103	299	3804
2650	4096	300	3796
2651	4127	293	3834
2652	4153	297	3856
2653	4141	296	3845
2654	4147	302	3845
2655	4194	303	3891
2656	4196	293	3903
2657	4134	294	3840
2658	4178	302	3876
2659	4186	304	3882
2660	4173	295	3878
2661	4148	290	3858
2662	4186	293	3893
2663	4228	288	3940
2664	4211	293	3918
2665	4168	288	3880
2666	4215	292	3923
2667	4185	294	3891
2668	4200	302	3898
2669	4300	305	3995
2670	4243	305	3938
2671	4234	296	3938
2672	4286	290	3996
2673	4292	292	4000
2674	4329	291	4038
2675	4346	299	4047
2676	4266	307	3959
2677	4296	297	3999
2678	4345	292	4053
2679	4355	302	4053
2680	4290	302	3988
2681	4320	294	4026
2682	4342	291	4051
2683	4307	301	4006
2684	4322	308	4014
2685	4366	298	4068
2686	4285	290	3995
2687	4270	293	3977
2688	4298	300	3998
2689	4316	297	4019
2690	4292	292	4000
2691	4206	297	3909
2692	4235	295	3940
2693	4284	287	3997
2694	4313	293	4020
2695	4252	297	3955
2696	4192	303	3889
2697	4159	297	3862
2698	4182	300	3882
2699	4217	291	3926
2700	4244	292	3952
2701	4181	296	3885
2702	4172	297	3875
2703	4219	290	3929
2704	4117	286	3831
2705	4088	296	3792
2706	4134	298	3836
2707	4081	294	3787
2708	4103	302	3801
2709	4114	297	3817
2710	4051	298	3753
2711	4069	301	3768
2712	4048	304	3744
2713	3991	298	3693
2714	3953	301	3652
2715	3966	297	3669
2716	3897	294	3603
2717	3871	291	3580
2718	3973	295	3678
2719	3978	297	3681
2720	3936	295	3641
2721	3905	288	3617
2722	3863	298	3565
2723	3881	301	3580
2724	3876	294	3582
2725	3878	291	3587
2726	3909	294	3615
2727	3860	290	3570
2728	3786	284	3502
2729	3826	288	3538
2730	3776	283	3493
2731	3788	296	3492
2732	3739	292	3447
2733	3714	296	3418
2734	3698	297	3401
2735	3665	298	3367
2736	3680	298	3382
2737	3749	294	3455
2738	3664	295	3369
2739	3668	302	3366
2740	3687	307	3380
2741	3654	302	3352
2742	3613	296	3317
2743	3595	286	3309
2744	3613	284	3329
2745	3610	294	3316
2746	3613	294	3319
2747	3589	297	3292
2748	3573	293	3280
2749	3552	287	3265
2750	3592	298	3294
2751	3598	300	3298
2752	3600	299	3301
2753	3629	293	3336
2754	3553	295	3258
2755	3549	291	3258
2756	3582	295	3287
2757	3544	290	3254
2758	3490	299	3191
2759	3470	297	3173
2760	3494	292	3202
2761	3493	285	3208
2762	3519	289	3230
2763	3495	294	3201
2764	3444	292	3152
2765	3459	290	3169
2766	3418	293	3125
2767	3461	300	3161
2768	3468	294	3174
2769	3489	294	3195
2770	3483	296	3187
2771	3509	294	3215
2772	3509	290	3219
2773	3435	288	3147
2774	3484	293	3191
2775	3457	298	3159
2776	3474	301	3173
2777	3421	301	3120
2778	3371	296	3075
2779	3368	301	3067
2780	3371	303	3068
2781	3435	299	3136
2782	3450	298	3152
2783	3446	291	3155
2784	3458	293	3165
2785	3411	291	3120
2786	3367	299	3068
2787	3437	297	3140
2788	3492	301	3191
2789	3382	294	3088
2790	3348	280	3068
2791	3342	287	3055
2792	3358	300	3058
2793	3384	297	3087
2794	3441	302	3139
2795	3394	306	3088
2796	3375	304	3071
2797	3440	289	3151
2798	3391	290	3101
2799	3383	294	3089
2800	3347	300	3047
2801	3329	290	3039
2802	3381	288	3093
2803	3361	301	3060
2804	3368	306	3062
2805	3343	297	3046
2806	3405	298	3107
2807	3424	296	3128
2808	3398	292	3106
2809	3402	282	3120
2810	3405	293	3112
2811	3410	297	3113
2812	3410	297	3113
2813	3378	294	3084
2814	3309	293	3016
2815	3338	306	3032
2816	3343	301	3042
2817	3369	301	3068
2818	3383	306	3077
2819	3382	298	3084
2820	3365	302	3063
2821	3350	305	3045
2822	3340	300	3040
2823	3341	301	3040
2824	3345	297	3048
2825	3315	295	3020
2826	3268	300	2968
2827	3291	296	2995
2828	3312	301	3011
2829	3359	299	3060
2830	3368	296	3072
2831	3312	288	3024
2832	3308	287	3021
2833	3259	291	2968
2834	3244	290	2954
2835	3262	282	2980
2836	3275	290	2985
2837	3236	302	2934
2838	3214	293	2921
2839	3227	293	2934
2840	3239	294	2945
2841	3251	289	2962
2842	3191	296	2895
2843	3188	293	2895
2844	3240	293	2947
2845	3235	297	2938
2846	3237	288	2949
2847	3197	285	2912
2848	3195	293	2902
2849	3177	306	2871
2850	3160	299	2861
2851	3162	292	2870
2852	3236	292	2944
2853	3115	292	2823
2854	3101	291	2810
2855	3119	289	2830
2856	3096	301	2795
2857	3053	301	2752
2858	3048	296	2752
2859	3019	297	2722
2860	3003	289	2714
2861	3003	290	2713
2862	2991	290	2701
2863	2959	290	2669
2864	2968	289	2679
2865	2958	292	2666
2866	2989	306	2683
2867	2928	303	2625
2868	2844	301	2543
2869	2811	292	2519
2870	2823	297	2526
2871	2846	299	2547
2872	2869	293	2576
2873	2883	301	2582
2874	2841	286	2555
2875	2802	291	2511
2876	2817	300	2517
2877	2821	297	2524
2878	2777	288	2489
2879	2790	294	2496
2880	2760	295	2465
2881	2677	296	2381
2882	2684	295	2389
2883	2723	293	2430
2884	2706	295	2411
2885	2681	291	2390
2886	2712	289	2423
2887	2667	301	2366
2888	2635	298	2337
2889	2667	300	2367
2890	2666	291	2375
2891	2673	286	2387
2892	2623	299	2324
2893	2601	300	2301
2894	2581	292	2289
2895	2585	294	2291
2896	2639	295	2344
2897	2629	296	2333
2898	2582	294	2288
2899	2549	293	2256
2900	2573	296	2277
2901	2543	290	2253
2902	2543	291	2252
2903	2561	285	2276
2904	2502	286	2216
2905	2482	291	2191
2906	2492	294	2198
2907	2478	301	2177
2908	2474	304	2170
2909	2457	292	2165
2910	2496	289	2207
2911	2492	292	2200
2912	2505	299	2206
2913	2450	300	2150
2914	2454	295	2159
2915	2479	291	2188
2916	2482	298	2184
2917	2410	291	2119
2918	2377	286	2091
2919	2406	292	2114
2920	2440	298	2142
2921	2470	304	2166
2922	2444	302	2142
2923	2382	291	2091
2924	2382	291	2091
2925	2419	294	2125
2926	2413	300	2113
2927	2411	295	2116
2928	2358	294	2064
2929	2381	296	2085
2930	2393	289	2104
2931	2358	299	2059
2932	2357	305	2052
2933	2331	304	2027
2934	2374	299	2075
2935	2392	293	2099
2936	2433	292	2141
2937	2410	298	2112
2938	2422	293	2129
2939	2338	297	2041
2940	2354	298	2056
2941	2381	302	2079
2942	2398	304	2094
2943	2420	304	2116
2944	2383	298	2085
2945	2375	300	2075
2946	2409	294	2115
2947	2391	294	2097
2948	2404	304	2100
2949	2418	301	2117
2950	2371	298	2073
2951	2357	290	2067
2952	2407	291	2116
2953	2433	286	2147
2954	2416	297	2119
2955	2406	299	2107
2956	2419	302	2117
2957	2415	295	2120
2958	2454	289	2165
2959	2451	289	2162
2960	2408	301	2107
2961	2457	297	2160
2962	2419	293	2126
2963	2373	285	2088
2964	2443	295	2148
2965	2451	309	2142
2966	2440	301	2139
2967	2433	298	2135
2968	2401	297	2104
2969	2414	295	2119
2970	2452	293	2159
2971	2502	298	2204
2972	2401	302	2099
2973	2438	301	2137
2974	2479	297	2182
2975	2462	299	2163
2976	2450	297	2153
2977	2447	287	2160
2978	2467	292	2175
2979	2446	294	2152
2980	2467	301	2166
2981	2496	300	2196
2982	2475	297	2178
2983	2473	296	2177
2984	2482	292	2190
2985	2529	296	2233
2986	2521	299	2222
2987	2482	300	2182
2988	2499	290	2209
2989	2545	298	2247
2990	2550	297	2253
2991	2511	293	2218
2992	2568	300	2268
2993	2602	296	2306
2994	2576	293	2283
2995	2535	293	2242
2996	2553	297	2256
2997	2578	294	2284
2998	2565	291	2274
2999	2563	286	2277
3000	2552	286	2266
3001	2547	287	2260
3002	2530	292	2238
3003	2526	307	2219
3004	2526	298	2228
3005	2542	294	2248
3006	2585	303	2282
3007	2521	300	2221
3008	2507	295	2212
3009	2550	294	2256
3010	2564	304	2260
3011	2546	298	2248
3012	2528	289	2239
3013	2536	287	2249
3014	2522	301	2221
3015	2550	306	2244
3016	2521	306	2215
3017	2529	298	2231
3018	2521	295	2226
3019	2474	296	2178
3020	2450	296	2154
3021	2458	297	2161
3022	2476	289	2187
3023	2480	288	2192
3024	2509	288	2221
3025	2488	294	2194
3026	2507	295	2212
3027	2539	288	2251
3028	2512	296	2216
3029	2497	299	2198
3030	2497	298	2199
3031	2529	295	2234
3032	2481	287	2194
3033	2431	298	2133
3034	2456	304	2152
3035	2436	292	2144
3036	2465	284	2181
3037	2475	295	2180
3038	2418	295	2123
3039	2400	296	2104
3040	2437	294	2143
3041	2418	295	2123
3042	2372	282	2090
3043	2356	290	2066
3044	2371	291	2080
3045	2416	304	2112
3046	2434	307	2127
3047	2364	296	2068
3048	2341	291	2050
3049	2423	296	2127
3050	2359	295	2064
3051	2378	291	2087
3052	2364	295	2069
3053	2351	302	2049
3054	2351	300	2051
3055	2369	290	2079
3056	2386	295	2091
3057	2389	298	2091
3058	2340	291	2049
3059	2316	286	2030
3060	2332	291	2041
3061	2341	296	2045
3062	2353	298	2055
3063	2320	291	2029
3064	2295	288	2007
3065	2327	288	2039
3066	2344	287	2057
3067	2314	302	2012
3068	2327	300	2027
3069	2319	293	2026
3070	2295	301	1994
3071	2276	292	1984
3072	2296	289	2007
3073	2268	292	1976
3074	2223	287	1936
3075	2237	294	1943
3076	2226	295	1931
3077	2216	286	1930
3078	2205	288	1917
3079	2232	289	1943
3080	2225	281	1944
3081	2224	290	1934
3082	2269	296	1973
3083	2242	293	1949
3084	2199	285	1914
3085	2197	295	1902
3086	2216	300	1916
3087	2229	295	1934
3088	2207	291	1916
3089	2213	286	1927
3090	2271	295	1976
3091	2241	297	1944
3092	2256	297	1959
3093	2218	303	1915
3094	2236	292	1944
3095	2249	290	1959
3096	2275	288	1987
3097	2263	287	1976
3098	2276	286	1990
3099	2277	304	1973
3100	2227	308	1919
3101	2179	299	1880
3102	2256	300	1956
3103	2288	296	1992
3104	2249	286	1963
3105	2226	290	1936
3106	2223	303	1920
3107	2214	301	1913
3108	2215	296	1919
3109	2211	292	1919
3110	2234	297	1937
3111	2267	293	1974
3112	2268	287	1981
3113	2302	282	2020
3114	2269	292	1977
3115	2250	293	1957
3116	2238	290	1948
3117	2215	292	1923
3118	2243	291	1952
3119	2275	297	1978
3120	2273	295	1978
3121	2264	285	1979
3122	2271	292	1979
3123	2275	297	1978
3124	2324	299	2025
3125	2330	294	2036
3126	2311	291	2020
3127	2296	288	2008
3128	2293	294	1999
3129	2287	297	1990
3130	2337	294	2043
3131	2281	296	1985
3132	2201	290	1911
3133	2274	285	1989
3134	2303	288	2015
3135	2292	292	2000
3136	2287	297	1990
3137	2260	295	1965
3138	2269	294	1975
3139	2314	296	2018
3140	2299	296	2003
3141	2292	294	1998
3142	2306	295	2011
3143	2352	292	2060
3144	2367	285	2082
3145	2361	294	2067
3146	2375	309	2066
3147	2439	306	2133
3148	2429	302	2127
3149	2429	295	2134
3150	2457	292	2165
3151	2453	297	2156
3152	2454	287	2167
3153	2501	298	2203
3154	2505	297	2208
3155	2561	284	2277
3156	2574	287	2287
3157	2608	288	2320
3158	2622	296	2326
3159	2580	301	2279
3160	2640	293	2347
3161	2711	285	2426
3162	2723	294	2429
3163	2711	290	2421
3164	2809	293	2516
3165	2899	298	2601
3166	2901	301	2600
3167	2887	302	2585
3168	2915	291	2624
3169	2968	294	2674
3170	3079	296	2783
3171	3124	294	2830
3172	3069	298	2771
3173	3115	298	2817
3174	3120	292	2828
3175	3139	300	2839
3176	3173	297	2876
3177	3249	297	2952
3178	3343	305	3038
3179	3373	302	3071
3180	3413	291	3122
3181	3466	297	3169
3182	3508	298	3210
3183	3560	292	3268
3184	3631	302	3329
3185	3672	295	3377
3186	3690	287	3403
3187	3725	294	3431
3188	3733	297	3436
3189	3708	293	3415
3190	3691	290	3401
3191	3706	295	3411
3192	3717	289	3428
3193	3720	291	3429
3194	3733	304	3429
3195	3812	293	3519
3196	3943	289	3654
3197	4046	298	3748
3198	4108	290	3818
3199	4141	294	3847
3200	4132	297	3835
3201	4201	289	3912
3202	4261	289	3972
3203	4244	306	3938
3204	4275	306	3969
3205	4371	298	4073
3206	4424	300	4124
3207	4490	298	4192
3208	4506	302	4204
3209	4514	309	4205
3210	4559	303	4256
3211	4616	298	4318
3212	4678	302	4376
3213	4646	300	4346
3214	4679	304	4375
3215	4705	299	4406
3216	4641	304	4337
3217	4649	303	4346
3218	4664	290	4374
3219	4708	299	4409
3220	4734	302	4432
3221	4704	298	4406
3222	4686	301	4385
3223	4794	303	4491
3224	4847	297	4550
3225	4878	280	4598
3226	4886	285	4601
3227	4904	303	4601
3228	4917	304	4613
3229	4961	292	4669
3230	5029	292	4737
3231	5034	302	4732
3232	5088	304	4784
3233	5184	296	4888
3234	5304	291	5013
3235	5397	292	5105
3236	5470	294	5176
3237	5511	294	5217
3238	5537	292	5245
3239	5529	300	5229
3240	5460	296	5164
3241	5391	298	5093
3242	5435	305	5130
3243	5425	297	5128
3244	5351	281	5070
3245	5357	280	5077
3246	5278	294	4984
3247	5298	302	4996
3248	5369	304	5065
3249	5408	294	5114
3250	5349	292	5057
3251	5332	300	5032
3252	5418	294	5124
3253	5354	290	5064
3254	5291	292	4999
3255	5297	297	5000
3256	5335	298	5037
3257	5334	292	5042
3258	5241	293	4948
3259	5283	299	4984
3260	5294	303	4991
3261	5289	297	4992
3262	5271	298	4973
3263	5232	294	4938
3264	5312	292	5020
3265	5481	294	5187
3266	5630	290	5340
3267	5705	298	5407
3268	5826	296	5530
3269	5880	305	5575
3270	5923	301	5622
3271	5868	292	5576
3272	5761	284	5477
3273	5781	294	5487
3274	5793	300	5493
3275	5776	292	5484
3276	5825	301	5524
3277	5728	304	5424
3278	5662	300	5362
3279	5683	301	5382
3280	5602	293	5309
3281	5481	290	5191
3282	5462	295	5167
3283	5392	302	5090
3284	5326	298	5028
3285	5257	294	4963
3286	5148	300	4848
3287	5146	295	4851
3288	5047	297	4750
3289	4996	293	4703
3290	5023	294	4729
3291	4978	298	4680
3292	5067	301	4766
3293	5081	294	4787
3294	5107	289	4818
3295	5132	291	4841
3296	5118	292	4826
3297	5136	300	4836
3298	5119	303	4816
3299	5139	298	4841
3300	5191	297	4894
3301	5230	299	4931
3302	5115	295	4820
3303	5022	292	4730
3304	5068	293	4775
3305	5059	282	4777
3306	5009	281	4728
3307	4944	296	4648
3308	4942	302	4640
3309	4823	305	4518
3310	4774	305	4469
3311	4691	300	4391
3312	4702	288	4414
3313	4725	283	4442
3314	4621	294	4327
3315	4613	295	4318
3316	4630	297	4333
3317	4622	295	4327
3318	4604	281	4323
3319	4605	279	4326
3320	4637	298	4339
3321	4591	295	4296
3322	4614	281	4333
3323	4631	291	4340
3324	4583	289	4294
3325	4551	297	4254
3326	4536	302	4234
3327	4518	299	4219
3328	4474	298	4176
3329	4482	302	4180
3330	4477	305	4172
3331	4420	300	4120
3332	4363	300	4063
3333	4278	298	3980
3334	4253	290	3963
3335	4214	290	3924
3336	4112	299	3813
3337	4030	294	3736
3338	3969	283	3686
3339	3940	286	3654
3340	3941	282	3659
3341	3961	288	3673
3342	3880	308	3572
3343	3795	303	3492
3344	3759	297	3462
3345	3730	294	3436
3346	3720	294	3426
3347	3683	288	3395
3348	3629	287	3342
3349	3588	287	3301
3350	3621	300	3321
3351	3578	301	3277
3352	3525	296	3229
3353	3492	295	3197
3354	3499	294	3205
3355	3359	289	3070
3356	3290	301	2989
3357	3297	293	3004
3358	3281	300	2981
3359	3297	295	3002
3360	3216	290	2926
3361	3188	295	2893
3362	3212	300	2912
3363	3167	298	2869
3364	3099	290	2809
3365	3093	282	2811
3366	3098	292	2806
3367	3172	301	2871
3368	3211	293	2918
3369	3261	282	2979
3370	3344	303	3041
3371	3354	304	3050
3372	3308	293	3015
3373	3260	289	2971
3374	3258	302	2956
3375	3236	308	2928
3376	3191	307	2884
3377	3205	306	2899
3378	3162	291	2871
3379	3139	288	2851
3380	3141	299	2842
3381	3109	299	2810
3382	3083	287	2796
3383	3035	297	2738
3384	3022	295	2727
3385	2994	288	2706
3386	3029	290	2739
3387	3086	289	2797
3388	3073	297	2776
3389	3111	295	2816
3390	3094	297	2797
3391	3120	308	2812
3392	3077	301	2776
3393	3000	293	2707
3394	3006	306	2700
3395	2940	298	2642
3396	2926	294	2632
3397	2899	298	2601
3398	2872	296	2576
3399	2850	286	2564
3400	2783	289	2494
3401	2738	286	2452
3402	2757	287	2470
3403	2734	302	2432
3404	2739	308	2431
3405	2711	296	2415
3406	2648	286	2362
3407	2669	296	2373
3408	2700	298	2402
3409	2677	298	2379
3410	2668	298	2370
3411	2631	297	2334
3412	2598	288	2310
3413	2588	287	2301
3414	2587	299	2288
3415	2549	301	2248
3416	2534	294	2240
3417	2505	296	2209
3418	2482	303	2179
3419	2502	301	2201
3420	2492	302	2190
3421	2548	287	2261
3422	2606	284	2322
3423	2598	300	2298
3424	2585	295	2290
3425	2609	299	2310
3426	2610	294	2316
3427	2597	297	2300
3428	2578	290	2288
3429	2602	294	2308
3430	2522	296	2226
3431	2478	297	2181
3432	2493	299	2194
3433	2478	292	2186
3434	2491	296	2195
3435	2587	300	2287
3436	2551	305	2246
3437	2509	298	2211
3438	2461	286	2175
3439	2513	290	2223
3440	2542	297	2245
3441	2503	303	2200
3442	2487	295	2192
3443	2453	294	2159
3444	2430	290	2140
3445	2507	285	2222
3446	2518	292	2226
3447	2484	296	2188
3448	2474	289	2185
3449	2424	294	2130
3450	2356	300	2056
3451	2358	291	2067
3452	2355	298	2057
3453	2338	307	2031
3454	2317	300	2017
3455	2367	297	2070
3456	2372	300	2072
3457	2352	299	2053
3458	2335	299	2036
3459	2318	296	2022
3460	2304	290	2014
3461	2308	305	2003
3462	2301	305	1996
3463	2296	304	1992
3464	2355	300	2055
3465	2412	305	2107
3466	2388	299	2089
3467	2377	288	2089
3468	2380	290	2090
3469	2373	292	2081
3470	2361	291	2070
3471	2342	297	2045
3472	2308	297	2011
3473	2232	284	1948
3474	2190	290	1900
3475	2192	291	1901
3476	2173	289	1884
3477	2212	294	1918
3478	2220	306	1914
3479	2134	296	1838
3480	2141	280	1861
3481	2114	282	1832
3482	2091	287	1804
3483	2100	286	1814
3484	2106	288	1818
3485	2111	292	1819
3486	2114	297	1817
3487	2108	296	1812
3488	2098	296	1802
3489	2071	292	1779
3490	2037	288	1749
3491	2090	290	1800
3492	2102	298	1804
3493	2070	302	1768
3494	2066	301	1765
3495	2024	286	1738
3496	1963	286	1677
3497	1962	292	1670
3498	1971	297	1674
3499	1945	292	1653
3500	1965	291	1674
3501	1978	291	1687
3502	1975	289	1686
3503	1960	296	1664
3504	1941	291	1650
3505	1930	287	1643
3506	1928	297	1631
3507	1913	292	1621
3508	1881	284	1597
3509	1838	288	1550
3510	1876	293	1583
3511	1837	303	1534
3512	1823	305	1518
3513	1824	300	1524
3514	1804	297	1507
3515	1829	284	1545
3516	1791	287	1504
3517	1794	288	1506
3518	1806	296	1510
3519	1778	293	1485
3520	1757	299	1458
3521	1734	304	1430
3522	1692	301	1391
3523	1711	293	1418
3524	1702	283	1419
3525	1695	285	1410
3526	1695	296	1399
3527	1678	302	1376
3528	1668	292	1376
3529	1661	292	1369
3530	1689	291	1398
3531	1703	287	1416
3532	1710	299	1411
3533	1729	296	1433
3534	1692	303	1389
3535	1658	300	1358
3536	1621	294	1327
3537	1582	294	1288
3538	1581	304	1277
3539	1591	305	1286
3540	1588	303	1285
3541	1586	305	1281
3542	1598	303	1295
3543	1584	297	1287
3544	1598	286	1312
3545	1574	294	1280
3546	1566	290	1276
3547	1575	289	1286
3548	1552	296	1256
3549	1548	289	1259
3550	1551	296	1255
3551	1511	293	1218
3552	1486	299	1187
3553	1466	297	1169
3554	1466	292	1174
3555	1476	301	1175
3556	1474	296	1178
3557	1417	292	1125
3558	1473	293	1180
3559	1491	299	1192
3560	1474	298	1176
3561	1438	301	1137
3562	1415	295	1120
3563	1425	304	1121
3564	1424	308	1116
3565	1419	289	1130
3566	1453	293	1160
3567	1431	294	1137
3568	1402	291	1111
3569	1379	304	1075
3570	1370	303	1067
3571	1408	294	1114
3572	1340	288	1052
3573	1311	282	1029
3574	1339	295	1044
3575	1335	296	1039
3576	1321	286	1035
3577	1318	293	1025
3578	1318	298	1020
3579	1322	292	1030
3580	1309	293	1016
3581	1339	299	1040
3582	1353	296	1057
3583	1338	292	1046
3584	1309	302	1007
3585	1300	296	1004
3586	1310	297	1013
3587	1303	296	1007
3588	1315	288	1027
3589	1274	292	982
3590	1247	293	954
3591	1211	294	917
3592	1188	295	893
3593	1181	294	887
3594	1167	295	872
3595	1169	298	871
3596	1247	292	955
3597	1244	287	957
3598	1165	289	876
3599	1156	295	861
3600	1151	295	856
3601	1149	290	859
3602	1181	289	892
3603	1192	302	890
3604	1181	302	879
3605	1138	298	840
3606	1136	303	833
3607	1147	300	847
3608	1142	305	837
3609	1139	296	843
3610	1125	296	829
3611	1105	304	801
3612	1067	303	764
3613	1087	295	792
3614	1079	295	784
3615	1061	294	767
3616	1058	291	767
3617	1062	287	775
3618	1018	293	725
3619	1009	289	720
3620	1045	285	760
3621	1043	295	748
3622	1026	299	727
3623	1035	290	745
3624	1057	284	773
3625	1046	296	750
3626	1036	303	733
3627	1043	305	738
3628	1036	301	735
3629	1057	296	761
3630	1057	296	761
3631	1037	292	745
3632	1040	296	744
3633	1033	292	741
3634	1033	284	749
3635	988	289	699
3636	942	294	648
3637	947	295	652
3638	954	301	653
3639	939	301	638
3640	926	292	634
3641	917	292	625
3642	887	298	589
3643	906	298	608
3644	929	301	628
3645	950	294	656
3646	952	291	661
3647	909	295	614
3648	925	296	629
