index	original	background	difference
-----------------------------------------------------
1	245	233	12
2	243	225	18
3	253	229	24
4	250	235	15
5	249	241	8
6	256	236	20
7	255	234	21
8	255	241	14
9	259	245	14
10	251	247	4
11	260	246	14
12	260	247	13
13	259	246	13
14	258	247	11
15	262	249	13
16	254	241	13
17	257	249	8
18	264	249	15
19	257	244	13
20	248	240	8
21	255	237	18
22	262	246	16
23	270	245	25
24	266	249	17
25	272	254	18
26	274	246	28
27	267	239	28
28	260	242	18
29	270	255	15
30	263	254	9
31	267	246	21
32	263	243	20
33	265	260	5
34	265	255	10
35	265	256	9
36	267	253	14
37	274	249	25
38	271	246	25
39	271	252	19
40	273	256	17
41	270	255	15
42	266	252	14
43	265	257	8
44	255	266	-11
45	270	269	1
46	267	255	12
47	277	262	15
48	270	269	1
49	257	259	-2
50	265	249	16
51	277	253	24
52	275	251	24
53	274	260	14
54	276	258	18
55	282	268	14
56	273	270	3
57	267	262	5
58	275	250	25
59	277	253	24
60	271	259	12
61	270	261	9
62	271	262	9
63	272	270	2
64	270	272	-2
65	274	266	8
66	277	262	15
67	278	258	20
68	270	257	13
69	272	255	17
70	277	259	18
71	277	267	10
72	279	264	15
73	276	262	14
74	279	261	18
75	283	265	18
76	276	264	12
77	290	269	21
78	288	268	20
79	288	265	23
80	291	265	26
81	282	271	11
82	272	270	2
83	280	270	10
84	280	270	10
85	281	269	12
86	285	264	21
87	285	273	12
88	273	269	4
89	270	266	4
90	274	264	10
91	281	269	12
92	271	265	6
93	270	264	6
94	275	273	2
95	281	278	3
96	284	271	13
97	287	277	10
98	288	270	18
99	285	267	18
100	279	264	15
101	273	260	13
102	263	256	7
103	280	252	28
104	281	258	23
105	281	274	7
106	284	267	17
107	283	264	19
108	275	256	19
109	282	256	26
110	291	257	34
111	282	261	21
112	276	259	17
113	284	270	14
114	276	265	11
115	274	267	7
116	272	274	-2
117	267	267	0
118	281	267	14
119	292	284	8
120	286	268	18
121	292	258	34
122	281	259	22
123	278	261	17
124	277	266	11
125	274	273	1
126	277	265	12
127	289	270	19
128	288	265	23
129	271	262	9
130	280	269	11
131	286	272	14
132	275	273	2
133	285	270	15
134	284	277	7
135	278	274	4
136	272	265	7
137	270	280	-10
138	274	275	-1
139	281	270	11
140	287	271	16
141	295	267	28
142	283	271	12
143	275	273	2
144	281	275	6
145	280	274	6
146	286	274	12
147	287	276	11
148	283	272	11
149	283	265	18
150	275	262	13
151	273	264	9
152	276	268	8
153	280	268	12
154	270	268	2
155	282	273	9
156	290	267	23
157	286	268	18
158	273	275	-2
159	275	281	-6
160	287	274	13
161	293	260	33
162	291	261	30
163	282	269	13
164	279	275	4
165	287	274	13
166	280	268	12
167	278	264	14
168	282	266	16
169	289	274	15
170	286	275	11
171	286	276	10
172	280	269	11
173	278	272	6
174	278	262	16
175	290	263	27
176	287	269	18
177	284	268	16
178	286	268	18
179	279	273	6
180	279	270	9
181	279	274	5
182	276	277	-1
183	289	279	10
184	288	273	15
185	294	278	16
186	282	270	12
187	279	271	8
188	279	269	10
189	267	283	-16
190	278	272	6
191	287	269	18
192	273	266	7
193	285	263	22
194	286	268	18
195	289	273	16
196	284	270	14
197	284	276	8
198	292	279	13
199	286	268	18
200	287	266	21
201	294	279	15
202	296	274	22
203	289	277	12
204	282	265	17
205	283	264	19
206	292	267	25
207	299	272	27
208	279	267	12
209	284	263	21
210	283	262	21
211	277	274	3
212	277	281	-4
213	282	277	5
214	282	266	16
215	286	269	17
216	285	277	8
217	275	267	8
218	286	265	21
219	282	274	8
220	280	264	16
221	283	273	10
222	271	283	-12
223	269	281	-12
224	279	275	4
225	279	273	6
226	277	268	9
227	277	276	1
228	274	273	1
229	274	270	4
230	273	275	-2
231	277	265	12
232	275	266	9
233	275	278	-3
234	284	269	15
235	277	264	13
236	265	260	5
237	282	274	8
238	294	278	16
239	292	272	20
240	282	269	13
241	286	272	14
242	285	262	23
243	288	263	25
244	284	264	20
245	278	273	5
246	279	275	4
247	284	270	14
248	283	267	16
249	283	276	7
250	280	273	7
251	281	271	10
252	279	271	8
253	285	276	9
254	278	279	-1
255	275	277	-2
256	275	272	3
257	288	276	12
258	285	272	13
259	277	274	3
260	279	270	9
261	292	265	27
262	288	279	9
263	287	283	4
264	274	273	1
265	275	271	4
266	277	271	6
267	289	263	26
268	276	266	10
269	285	267	18
270	282	265	17
271	285	266	19
272	284	278	6
273	285	274	11
274	284	263	21
275	287	265	22
276	280	270	10
277	282	275	7
278	287	268	19
279	284	265	19
280	279	271	8
281	291	284	7
282	282	278	4
283	279	271	8
284	280	267	13
285	279	273	6
286	282	268	14
287	283	276	7
288	282	270	12
289	280	266	14
290	280	267	13
291	273	271	2
292	273	275	-2
293	280	276	4
294	275	275	0
295	282	269	13
296	264	261	3
297	268	271	-3
298	283	276	7
299	287	273	14
300	284	261	23
301	290	274	16
302	288	271	17
303	280	277	3
304	282	273	9
305	282	276	6
306	286	281	5
307	287	275	12
308	285	271	14
309	282	271	11
310	278	266	12
311	279	274	5
312	283	270	13
313	292	267	25
314	296	272	24
315	285	264	21
316	280	267	13
317	275	273	2
318	272	261	11
319	272	270	2
320	279	267	12
321	282	267	15
322	283	262	21
323	288	268	20
324	288	266	22
325	289	263	26
326	283	262	21
327	293	274	19
328	288	273	15
329	291	278	13
330	284	267	17
331	279	269	10
332	282	275	7
333	278	270	8
334	284	276	8
335	292	268	24
336	283	261	22
337	284	261	23
338	288	264	24
339	283	268	15
340	272	270	2
341	280	275	5
342	282	264	18
343	278	267	11
344	270	267	3
345	278	269	9
346	279	259	20
347	292	275	17
348	287	273	14
349	274	265	9
350	279	271	8
351	286	273	13
352	279	272	7
353	278	274	4
354	281	264	17
355	289	269	20
356	275	267	8
357	267	268	-1
358	273	267	6
359	280	268	12
360	285	273	12
361	285	287	-2
362	277	278	-1
363	285	275	10
364	283	265	18
365	292	270	22
366	283	279	4
367	280	282	-2
368	278	270	8
369	275	272	3
370	278	268	10
371	286	263	23
372	276	265	11
373	280	272	8
374	282	270	12
375	289	271	18
376	282	272	10
377	278	272	6
378	277	273	4
379	279	280	-1
380	273	269	4
381	284	274	10
382	287	279	8
383	286	279	7
384	284	270	14
385	276	270	6
386	271	271	0
387	274	273	1
388	281	280	1
389	279	278	1
390	275	271	4
391	280	271	9
392	277	267	10
393	282	265	17
394	278	271	7
395	281	279	2
396	276	270	6
397	275	264	11
398	283	265	18
399	295	267	28
400	285	271	14
401	285	277	8
402	285	275	10
403	282	272	10
404	291	260	31
405	291	254	37
406	276	264	12
407	283	269	14
408	279	273	6
409	286	272	14
410	279	264	15
411	275	268	7
412	286	272	14
413	288	274	14
414	289	274	15
415	288	275	13
416	284	277	7
417	286	264	22
418	279	263	16
419	279	274	5
420	278	276	2
421	283	276	7
422	271	273	-2
423	280	271	9
424	294	268	26
425	294	263	31
426	287	263	24
427	283	266	17
428	280	264	16
429	287	265	22
430	294	265	29
431	281	268	13
432	275	273	2
433	284	281	3
434	282	260	22
435	293	268	25
436	295	275	20
437	286	272	14
438	284	279	5
439	292	277	15
440	289	267	22
441	280	261	19
442	284	257	27
443	282	260	22
444	285	270	15
445	286	284	2
446	286	283	3
447	294	269	25
448	288	267	21
449	286	278	8
450	284	267	17
451	279	268	11
452	274	272	2
453	285	278	7
454	284	283	1
455	289	278	11
456	295	270	25
457	292	267	25
458	284	265	19
459	283	279	4
460	273	279	-6
461	277	281	-4
462	287	277	10
463	286	270	16
464	290	265	25
465	290	262	28
466	284	261	23
467	283	261	22
468	279	273	6
469	292	283	9
470	283	272	11
471	281	269	12
472	279	276	3
473	278	265	13
474	269	256	13
475	285	261	24
476	292	271	21
477	290	280	10
478	287	269	18
479	290	276	14
480	284	275	9
481	280	271	9
482	279	274	5
483	285	279	6
484	285	279	6
485	291	273	18
486	289	265	24
487	282	283	-1
488	274	280	-6
489	276	274	2
490	281	263	18
491	281	277	4
492	282	280	2
493	284	276	8
494	288	266	22
495	289	266	23
496	284	266	18
497	285	276	9
498	280	271	9
499	281	266	15
500	283	265	18
501	282	265	17
502	273	260	13
503	278	264	14
504	280	272	8
505	288	278	10
506	280	269	11
507	278	270	8
508	281	275	6
509	281	273	8
510	282	270	12
511	286	274	12
512	278	280	-2
513	280	275	5
514	283	268	15
515	287	273	14
516	283	270	13
517	277	273	4
518	284	274	10
519	288	278	10
520	285	267	18
521	289	265	24
522	291	273	18
523	291	283	8
524	273	276	-3
525	273	280	-7
526	281	273	8
527	279	272	7
528	286	273	13
529	289	279	10
530	280	278	2
531	285	280	5
532	288	271	17
533	279	269	10
534	282	266	16
535	288	269	19
536	283	271	12
537	286	273	13
538	289	254	35
539	285	259	26
540	278	266	12
541	280	273	7
542	280	271	9
543	280	273	7
544	281	270	11
545	284	264	20
546	278	260	18
547	284	271	13
548	274	263	11
549	275	260	15
550	275	260	15
551	273	265	8
552	273	274	-1
553	275	279	-4
554	281	275	6
555	283	276	7
556	284	265	19
557	281	266	15
558	274	263	11
559	278	260	18
560	277	261	16
561	275	268	7
562	279	268	11
563	288	265	23
564	291	276	15
565	287	274	13
566	276	262	14
567	279	275	4
568	279	276	3
569	284	266	18
570	276	259	17
571	277	275	2
572	288	269	19
573	292	262	30
574	281	269	12
575	284	272	12
576	280	264	16
577	280	266	14
578	276	269	7
579	272	270	2
580	271	269	2
581	281	268	13
582	277	261	16
583	286	260	26
584	285	260	25
585	290	259	31
586	293	267	26
587	282	273	9
588	274	258	16
589	279	257	22
590	281	273	8
591	286	275	11
592	291	270	21
593	281	268	13
594	268	264	4
595	272	267	5
596	276	270	6
597	283	267	16
598	286	266	20
599	294	277	17
600	286	268	18
601	292	264	28
602	291	270	21
603	282	263	19
604	279	263	16
605	283	272	11
606	279	272	7
607	285	263	22
608	293	262	31
609	298	267	31
610	289	269	20
611	282	271	11
612	284	259	25
613	290	268	22
614	284	266	18
615	281	272	9
616	272	269	3
617	273	265	8
618	279	270	9
619	281	272	9
620	279	271	8
621	290	267	23
622	286	260	26
623	279	267	12
624	282	271	11
625	278	280	-2
626	270	273	-3
627	281	269	12
628	284	266	18
629	285	268	17
630	287	276	11
631	279	276	3
632	280	272	8
633	279	264	15
634	275	258	17
635	288	270	18
636	293	272	21
637	289	269	20
638	280	270	10
639	291	269	22
640	287	278	9
641	280	280	0
642	273	278	-5
643	283	273	10
644	296	271	25
645	293	277	16
646	282	274	8
647	282	277	5
648	284	275	9
649	291	278	13
650	284	273	11
651	277	271	6
652	272	267	5
653	287	273	14
654	294	271	23
655	294	273	21
656	285	271	14
657	275	275	0
658	277	268	9
659	289	267	22
660	288	264	24
661	282	264	18
662	272	261	11
663	276	270	6
664	284	268	16
665	281	263	18
666	278	270	8
667	280	271	9
668	284	266	18
669	297	265	32
670	286	268	18
671	278	265	13
672	277	272	5
673	285	269	16
674	277	267	10
675	281	264	17
676	288	271	17
677	282	272	10
678	281	266	15
679	276	260	16
680	276	273	3
681	283	281	2
682	286	271	15
683	289	272	17
684	290	274	16
685	291	281	10
686	281	274	7
687	280	279	1
688	284	269	15
689	280	269	11
690	281	274	7
691	281	272	9
692	283	277	6
693	294	279	15
694	281	277	4
695	282	276	6
696	289	262	27
697	287	261	26
698	276	269	7
699	279	271	8
700	281	277	4
701	278	272	6
702	277	264	13
703	275	262	13
704	277	270	7
705	288	281	7
706	290	281	9
707	295	283	12
708	284	269	15
709	282	269	13
710	274	272	2
711	278	271	7
712	272	276	-4
713	284	283	1
714	290	273	17
715	285	271	14
716	282	275	7
717	288	276	12
718	275	252	23
719	302	283	19
720	291	276	15
721	280	271	9
722	275	274	1
723	285	278	7
724	289	266	23
725	295	272	23
726	290	265	25
727	290	267	23
728	290	268	22
729	288	268	20
730	286	268	18
731	288	272	16
732	282	266	16
733	283	267	16
734	282	270	12
735	285	268	17
736	283	266	17
737	280	268	12
738	284	264	20
739	292	256	36
740	295	264	31
741	295	278	17
742	283	262	21
743	279	263	16
744	282	263	19
745	282	263	19
746	287	259	28
747	289	267	22
748	284	265	19
749	292	264	28
750	290	267	23
751	282	274	8
752	284	274	10
753	289	273	16
754	293	271	22
755	291	278	13
756	288	273	15
757	288	271	17
758	290	268	22
759	296	259	37
760	295	261	34
761	294	270	24
762	291	277	14
763	289	280	9
764	287	263	24
765	288	264	24
766	283	275	8
767	289	282	7
768	294	270	24
769	296	268	28
770	293	263	30
771	286	262	24
772	284	275	9
773	290	278	12
774	295	261	34
775	288	271	17
776	280	275	5
777	287	263	24
778	284	266	18
779	288	275	13
780	294	269	25
781	290	268	22
782	286	268	18
783	298	275	23
784	285	267	18
785	289	264	25
786	288	263	25
787	290	272	18
788	290	272	18
789	289	275	14
790	297	266	31
791	300	272	28
792	289	270	19
793	294	260	34
794	293	266	27
795	292	267	25
796	298	264	34
797	305	267	38
798	300	271	29
799	307	269	38
800	302	275	27
801	296	280	16
802	300	282	18
803	302	277	25
804	296	270	26
805	287	277	10
806	283	272	11
807	295	266	29
808	295	262	33
809	292	267	25
810	293	266	27
811	291	266	25
812	290	273	17
813	305	275	30
814	306	270	36
815	296	277	19
816	294	267	27
817	303	271	32
818	291	276	15
819	298	277	21
820	292	275	17
821	286	279	7
822	296	285	11
823	291	277	14
824	289	280	9
825	294	280	14
826	294	271	23
827	294	272	22
828	287	271	16
829	296	271	25
830	296	272	24
831	305	271	34
832	307	259	48
833	301	257	44
834	304	267	37
835	303	279	24
836	296	277	19
837	297	274	23
838	304	264	40
839	298	272	26
840	298	276	22
841	299	277	22
842	297	267	30
843	300	270	30
844	305	271	34
845	293	269	24
846	286	262	24
847	300	274	26
848	303	266	37
849	301	268	33
850	285	282	3
851	290	279	11
852	293	270	23
853	302	276	26
854	300	276	24
855	298	276	22
856	303	286	17
857	297	280	17
858	290	266	24
859	297	270	27
860	302	270	32
861	302	271	31
862	299	273	26
863	296	270	26
864	294	268	26
865	304	273	31
866	305	279	26
867	305	270	35
868	296	265	31
869	288	272	16
870	295	271	24
871	301	275	26
872	298	275	23
873	303	274	29
874	301	279	22
875	306	282	24
876	299	277	22
877	297	273	24
878	304	274	30
879	303	272	31
880	295	273	22
881	302	282	20
882	301	280	21
883	298	277	21
884	299	271	28
885	297	268	29
886	297	274	23
887	294	273	21
888	284	269	15
889	286	278	8
890	296	278	18
891	306	271	35
892	295	269	26
893	296	268	28
894	297	272	25
895	303	275	28
896	303	270	33
897	296	269	27
898	302	275	27
899	295	280	15
900	302	273	29
901	307	270	37
902	304	271	33
903	311	265	46
904	310	271	39
905	302	280	22
906	299	269	30
907	306	260	46
908	302	262	40
909	303	272	31
910	305	273	32
911	300	262	38
912	299	262	37
913	308	266	42
914	298	270	28
915	307	272	35
916	311	273	38
917	306	275	31
918	306	274	32
919	314	278	36
920	302	268	34
921	305	270	35
922	303	269	34
923	313	270	43
924	315	273	42
925	316	273	43
926	305	267	38
927	301	268	33
928	311	269	42
929	314	270	44
930	303	265	38
931	314	264	50
932	310	268	42
933	307	278	29
934	309	262	47
935	316	265	51
936	316	260	56
937	318	261	57
938	325	273	52
939	313	270	43
940	310	270	40
941	313	270	43
942	308	261	47
943	312	263	49
944	314	273	41
945	313	277	36
946	320	266	54
947	315	261	54
948	316	256	60
949	314	269	45
950	317	272	45
951	318	270	48
952	306	276	30
953	314	272	42
954	310	266	44
955	309	265	44
956	319	265	54
957	314	273	41
958	319	273	46
959	325	272	53
960	320	272	48
961	320	269	51
962	315	270	45
963	319	279	40
964	309	270	39
965	309	271	38
966	317	267	50
967	326	274	52
968	309	272	37
969	312	265	47
970	312	274	38
971	311	284	27
972	308	272	36
973	309	270	39
974	310	273	37
975	305	275	30
976	307	268	39
977	310	273	37
978	303	271	32
979	307	262	45
980	305	271	34
981	311	270	41
982	316	262	54
983	317	262	55
984	317	272	45
985	320	281	39
986	316	275	41
987	309	275	34
988	312	266	46
989	319	265	54
990	309	262	47
991	307	267	40
992	313	273	40
993	315	274	41
994	306	266	40
995	313	265	48
996	322	267	55
997	327	263	64
998	315	256	59
999	309	268	41
1000	310	272	38
1001	323	279	44
1002	321	275	46
1003	334	271	63
1004	327	268	59
1005	323	262	61
1006	310	268	42
1007	311	275	36
1008	321	269	52
1009	322	264	58
1010	325	271	54
1011	334	270	64
1012	330	260	70
1013	328	265	63
1014	327	264	63
1015	324	269	55
1016	324	268	56
1017	317	277	40
1018	318	276	42
1019	323	271	52
1020	314	264	50
1021	317	268	49
1022	328	265	63
1023	332	265	67
1024	332	271	61
1025	331	267	64
1026	328	265	63
1027	325	272	53
1028	326	265	61
1029	327	268	59
1030	324	261	63
1031	329	265	64
1032	330	262	68
1033	328	257	71
1034	322	262	60
1035	333	279	54
1036	336	274	62
1037	342	271	71
1038	334	266	68
1039	331	266	65
1040	338	266	72
1041	345	267	78
1042	342	266	76
1043	340	262	78
1044	337	264	73
1045	343	276	67
1046	341	267	74
1047	333	270	63
1048	327	266	61
1049	345	271	74
1050	345	269	76
1051	347	278	69
1052	347	274	73
1053	344	277	67
1054	345	268	77
1055	341	268	73
1056	339	269	70
1057	352	265	87
1058	347	266	81
1059	341	267	74
1060	336	265	71
1061	347	276	71
1062	349	270	79
1063	333	277	56
1064	328	268	60
1065	338	266	72
1066	338	268	70
1067	346	273	73
1068	344	268	76
1069	352	267	85
1070	341	270	71
1071	337	274	63
1072	349	265	84
1073	351	278	73
1074	354	277	77
1075	352	272	80
1076	349	273	76
1077	342	279	63
1078	338	271	67
1079	349	282	67
1080	343	288	55
1081	348	284	64
1082	353	274	79
1083	352	272	80
1084	344	277	67
1085	341	283	58
1086	334	272	62
1087	345	269	76
1088	335	276	59
1089	335	274	61
1090	338	260	78
1091	340	271	69
1092	338	283	55
1093	348	281	67
1094	347	278	69
1095	348	274	74
1096	354	270	84
1097	350	277	73
1098	339	271	68
1099	341	267	74
1100	338	269	69
1101	349	275	74
1102	340	276	64
1103	330	274	56
1104	330	274	56
1105	337	266	71
1106	340	263	77
1107	349	273	76
1108	348	264	84
1109	356	266	90
1110	350	267	83
1111	337	275	62
1112	338	276	62
1113	344	274	70
1114	342	270	72
1115	348	269	79
1116	342	261	81
1117	348	268	80
1118	352	271	81
1119	346	269	77
1120	344	270	74
1121	348	269	79
1122	350	271	79
1123	359	266	93
1124	348	270	78
1125	343	271	72
1126	352	261	91
1127	348	270	78
1128	356	265	91
1129	370	269	101
1130	367	267	100
1131	364	269	95
1132	364	268	96
1133	349	266	83
1134	349	261	88
1135	359	273	86
1136	360	271	89
1137	366	264	102
1138	369	271	98
1139	361	276	85
1140	356	262	94
1141	360	273	87
1142	370	273	97
1143	368	282	86
1144	369	276	93
1145	369	274	95
1146	371	272	99
1147	377	269	108
1148	371	265	106
1149	374	264	110
1150	370	267	103
1151	371	268	103
1152	374	263	111
1153	372	268	104
1154	373	274	99
1155	387	282	105
1156	395	272	123
1157	386	273	113
1158	381	269	112
1159	386	267	119
1160	388	272	116
1161	383	273	110
1162	380	267	113
1163	392	272	120
1164	396	271	125
1165	386	268	118
1166	385	268	117
1167	394	274	120
1168	391	281	110
1169	386	278	108
1170	395	280	115
1171	398	280	118
1172	403	273	130
1173	390	280	110
1174	391	279	112
1175	403	267	136
1176	398	268	130
1177	398	276	122
1178	395	274	121
1179	390	278	112
1180	385	278	107
1181	389	265	124
1182	393	260	133
1183	387	278	109
1184	388	283	105
1185	398	276	122
1186	398	272	126
1187	394	277	117
1188	389	265	124
1189	393	266	127
1190	400	269	131
1191	398	270	128
1192	393	268	125
1193	394	274	120
1194	390	266	124
1195	400	271	129
1196	394	268	126
1197	391	272	119
1198	391	262	129
1199	396	265	131
1200	394	276	118
1201	397	277	120
1202	396	265	131
1203	395	263	132
1204	383	267	116
1205	387	267	120
1206	390	259	131
1207	392	265	127
1208	383	275	108
1209	385	281	104
1210	391	275	116
1211	388	272	116
1212	390	271	119
1213	391	268	123
1214	377	268	109
1215	387	268	119
1216	391	264	127
1217	385	269	116
1218	387	270	117
1219	383	267	116
1220	381	273	108
1221	380	270	110
1222	385	265	120
1223	380	275	105
1224	383	264	119
1225	392	279	113
1226	394	280	114
1227	385	279	106
1228	384	282	102
1229	395	276	119
1230	384	273	111
1231	387	272	115
1232	387	272	115
1233	388	277	111
1234	389	262	127
1235	404	271	133
1236	402	274	128
1237	396	274	122
1238	404	267	137
1239	403	268	135
1240	400	268	132
1241	395	272	123
1242	386	267	119
1243	394	270	124
1244	395	276	119
1245	394	272	122
1246	390	273	117
1247	398	282	116
1248	393	281	112
1249	393	272	121
1250	394	276	118
1251	403	276	127
1252	391	275	116
1253	399	281	118
1254	400	273	127
1255	405	273	132
1256	404	266	138
1257	402	268	134
1258	399	266	133
1259	402	265	137
1260	404	274	130
1261	406	273	133
1262	402	266	136
1263	413	267	146
1264	411	263	148
1265	413	265	148
1266	413	264	149
1267	409	264	145
1268	422	263	159
1269	428	275	153
1270	419	276	143
1271	417	277	140
1272	420	270	150
1273	425	277	148
1274	423	276	147
1275	426	269	157
1276	424	266	158
1277	422	269	153
1278	437	274	163
1279	439	266	173
1280	423	270	153
1281	431	272	159
1282	443	270	173
1283	441	276	165
1284	430	265	165
1285	432	267	165
1286	437	271	166
1287	444	267	177
1288	444	267	177
1289	455	265	190
1290	460	266	194
1291	458	267	191
1292	453	268	185
1293	457	275	182
1294	465	273	192
1295	468	271	197
1296	470	267	203
1297	469	278	191
1298	459	280	179
1299	476	277	199
1300	478	278	200
1301	474	265	209
1302	470	266	204
1303	473	277	196
1304	476	276	200
1305	479	273	206
1306	478	263	215
1307	477	263	214
1308	481	265	216
1309	487	265	222
1310	493	264	229
1311	487	273	214
1312	491	279	212
1313	498	286	212
1314	502	278	224
1315	504	269	235
1316	493	273	220
1317	497	279	218
1318	496	269	227
1319	495	272	223
1320	492	274	218
1321	507	272	235
1322	496	265	231
1323	486	272	214
1324	495	279	216
1325	504	283	221
1326	503	279	224
1327	506	276	230
1328	510	274	236
1329	506	274	232
1330	501	268	233
1331	498	270	228
1332	504	276	228
1333	502	282	220
1334	492	276	216
1335	491	281	210
1336	495	278	217
1337	500	277	223
1338	494	271	223
1339	499	272	227
1340	508	273	235
1341	507	271	236
1342	502	270	232
1343	497	274	223
1344	491	269	222
1345	492	267	225
1346	486	264	222
1347	487	270	217
1348	488	271	217
1349	485	276	209
1350	495	269	226
1351	491	273	218
1352	486	270	216
1353	487	277	210
1354	484	281	203
1355	482	276	206
1356	489	265	224
1357	487	270	217
1358	471	276	195
1359	472	282	190
1360	479	270	209
1361	483	273	210
1362	488	273	215
1363	493	282	211
1364	493	273	220
1365	489	286	203
1366	485	283	202
1367	486	272	214
1368	478	265	213
1369	472	268	204
1370	469	264	205
1371	470	264	206
1372	477	272	205
1373	477	280	197
1374	470	270	200
1375	472	269	203
1376	475	269	206
1377	480	279	201
1378	471	271	200
1379	469	270	199
1380	470	269	201
1381	463	266	197
1382	466	271	195
1383	472	271	201
1384	469	264	205
1385	469	271	198
1386	470	279	191
1387	471	284	187
1388	475	277	198
1389	482	273	209
1390	475	278	197
1391	469	283	186
1392	464	265	199
1393	470	268	202
1394	465	270	195
1395	465	274	191
1396	479	270	209
1397	491	265	226
1398	486	263	223
1399	489	271	218
1400	484	279	205
1401	488	276	212
1402	490	271	219
1403	491	269	222
1404	493	279	214
1405	495	280	215
1406	491	272	219
1407	501	278	223
1408	499	277	222
1409	499	281	218
1410	504	276	228
1411	500	269	231
1412	491	269	222
1413	501	267	234
1414	515	273	242
1415	520	281	239
1416	514	271	243
1417	509	275	234
1418	510	272	238
1419	522	271	251
1420	522	269	253
1421	523	273	250
1422	522	269	253
1423	530	276	254
1424	532	268	264
1425	535	262	273
1426	533	263	270
1427	544	275	269
1428	537	275	262
1429	535	274	261
1430	533	274	259
1431	539	268	271
1432	545	280	265
1433	552	287	265
1434	546	278	268
1435	540	275	265
1436	538	268	270
1437	554	269	285
1438	557	263	294
1439	558	275	283
1440	563	268	295
1441	558	263	295
1442	554	272	282
1443	561	281	280
1444	568	271	297
1445	577	281	296
1446	581	279	302
1447	567	279	288
1448	563	283	280
1449	577	282	295
1450	582	274	308
1451	575	275	300
1452	589	280	309
1453	590	287	303
1454	590	281	309
1455	603	283	320
1456	611	270	341
1457	608	271	337
1458	590	274	316
1459	602	272	330
1460	614	265	349
1461	610	273	337
1462	612	273	339
1463	628	274	354
1464	622	268	354
1465	619	261	358
1466	618	265	353
1467	624	277	347
1468	618	256	362
1469	642	278	364
1470	632	265	367
1471	633	261	372
1472	634	266	368
1473	634	276	358
1474	640	278	362
1475	653	277	376
1476	642	278	364
1477	630	286	344
1478	640	280	360
1479	651	278	373
1480	643	274	369
1481	646	273	373
1482	654	272	382
1483	649	280	369
1484	652	279	373
1485	655	267	388
1486	655	268	387
1487	644	276	368
1488	634	273	361
1489	651	275	376
1490	653	276	377
1491	658	269	389
1492	662	267	395
1493	656	269	387
1494	669	271	398
1495	669	274	395
1496	656	268	388
1497	651	270	381
1498	659	264	395
1499	658	266	392
1500	650	263	387
1501	655	268	387
1502	666	273	393
1503	659	272	387
1504	650	279	371
1505	656	282	374
1506	662	274	388
1507	661	278	383
1508	656	280	376
1509	659	266	393
1510	650	267	383
1511	652	273	379
1512	661	268	393
1513	656	269	387
1514	647	268	379
1515	642	273	369
1516	637	274	363
1517	640	267	373
1518	642	257	385
1519	640	264	376
1520	638	265	373
1521	637	263	374
1522	637	255	382
1523	623	260	363
1524	626	264	362
1525	639	273	366
1526	628	274	354
1527	625	273	352
1528	644	271	373
1529	640	266	374
1530	643	270	373
1531	644	273	371
1532	634	273	361
1533	630	276	354
1534	631	274	357
1535	639	270	369
1536	628	268	360
1537	625	267	358
1538	634	271	363
1539	640	269	371
1540	632	268	364
1541	627	281	346
1542	633	282	351
1543	629	286	343
1544	620	284	336
1545	632	283	349
1546	627	276	351
1547	624	279	345
1548	630	278	352
1549	638	280	358
1550	623	276	347
1551	620	269	351
1552	626	265	361
1553	623	279	344
1554	624	280	344
1555	627	278	349
1556	617	272	345
1557	621	287	334
1558	619	282	337
1559	618	283	335
1560	623	286	337
1561	632	276	356
1562	622	272	350
1563	637	277	360
1564	646	274	372
1565	643	279	364
1566	643	276	367
1567	641	274	367
1568	637	277	360
1569	642	271	371
1570	645	259	386
1571	638	267	371
1572	638	268	370
1573	646	267	379
1574	639	274	365
1575	652	279	373
1576	646	270	376
1577	648	278	370
1578	649	280	369
1579	649	279	370
1580	652	275	377
1581	657	275	382
1582	673	276	397
1583	656	273	383
1584	648	269	379
1585	651	274	377
1586	656	266	390
1587	663	261	402
1588	670	268	402
1589	677	279	398
1590	676	280	396
1591	680	269	411
1592	672	264	408
1593	687	259	428
1594	691	266	425
1595	691	271	420
1596	692	259	433
1597	693	267	426
1598	701	276	425
1599	710	273	437
1600	710	269	441
1601	714	274	440
1602	712	276	436
1603	716	272	444
1604	719	263	456
1605	718	275	443
1606	724	281	443
1607	723	273	450
1608	727	272	455
1609	738	279	459
1610	742	270	472
1611	750	268	482
1612	738	278	460
1613	738	283	455
1614	748	262	486
1615	743	267	476
1616	734	279	455
1617	753	273	480
1618	762	273	489
1619	758	277	481
1620	759	269	490
1621	770	275	495
1622	763	271	492
1623	778	273	505
1624	793	270	523
1625	791	265	526
1626	788	274	514
1627	784	278	506
1628	786	267	519
1629	791	271	520
1630	804	262	542
1631	810	262	548
1632	823	266	557
1633	819	267	552
1634	809	260	549
1635	821	271	550
1636	834	265	569
1637	838	262	576
1638	839	270	569
1639	855	267	588
1640	845	265	580
1641	854	270	584
1642	863	276	587
1643	860	278	582
1644	854	267	587
1645	862	269	593
1646	873	275	598
1647	877	275	602
1648	866	272	594
1649	867	275	592
1650	880	268	612
1651	879	272	607
1652	871	279	592
1653	892	281	611
1654	899	273	626
1655	897	276	621
1656	906	278	628
1657	916	275	641
1658	902	278	624
1659	904	279	625
1660	903	271	632
1661	909	278	631
1662	905	283	622
1663	897	274	623
1664	906	270	636
1665	924	269	655
1666	935	273	662
1667	937	274	663
1668	929	273	656
1669	927	276	651
1670	924	270	654
1671	924	267	657
1672	940	269	671
1673	938	267	671
1674	931	268	663
1675	929	273	656
1676	940	267	673
1677	952	268	684
1678	941	273	668
1679	945	276	669
1680	948	271	677
1681	946	272	674
1682	955	273	682
1683	946	271	675
1684	943	267	676
1685	940	272	668
1686	952	267	685
1687	964	261	703
1688	966	267	699
1689	962	271	691
1690	955	273	682
1691	953	269	684
1692	950	264	686
1693	948	268	680
1694	949	275	674
1695	959	274	685
1696	948	270	678
1697	952	279	673
1698	947	276	671
1699	960	264	696
1700	959	260	699
1701	948	276	672
1702	956	279	677
1703	957	271	686
1704	955	278	677
1705	955	279	676
1706	966	273	693
1707	961	288	673
1708	949	277	672
1709	942	277	665
1710	936	281	655
1711	943	282	661
1712	940	268	672
1713	942	268	674
1714	943	267	676
1715	944	271	673
1716	938	267	671
1717	939	257	682
1718	933	257	676
1719	933	269	664
1720	922	264	658
1721	939	265	674
1722	936	272	664
1723	944	274	670
1724	943	277	666
1725	944	278	666
1726	920	267	653
1727	918	276	642
1728	937	281	656
1729	927	278	649
1730	919	271	648
1731	928	274	654
1732	919	273	646
1733	912	278	634
1734	916	273	643
1735	939	272	667
1736	921	273	648
1737	916	275	641
1738	916	262	654
1739	919	263	656
1740	916	271	645
1741	918	275	643
1742	909	277	632
1743	914	284	630
1744	909	272	637
1745	905	271	634
1746	899	271	628
1747	906	275	631
1748	906	267	639
1749	907	261	646
1750	906	271	635
1751	891	276	615
1752	897	271	626
1753	908	265	643
1754	906	268	638
1755	903	270	633
1756	911	275	636
1757	908	282	626
1758	896	264	632
1759	904	269	635
1760	889	271	618
1761	896	280	616
1762	907	269	638
1763	900	271	629
1764	890	271	619
1765	900	271	629
1766	904	269	635
1767	906	267	639
1768	886	265	621
1769	887	269	618
1770	891	265	626
1771	892	261	631
1772	902	264	638
1773	897	280	617
1774	902	277	625
1775	902	278	624
1776	908	282	626
1777	906	282	624
1778	908	270	638
1779	900	276	624
1780	891	276	615
1781	892	275	617
1782	904	277	627
1783	913	284	629
1784	910	280	630
1785	923	277	646
1786	911	265	646
1787	912	273	639
1788	933	276	657
1789	938	273	665
1790	938	276	662
1791	923	285	638
1792	906	280	626
1793	916	272	644
1794	928	271	657
1795	950	279	671
1796	951	273	678
1797	942	266	676
1798	946	269	677
1799	954	275	679
1800	943	268	675
1801	956	267	689
1802	950	258	692
1803	950	268	682
1804	948	265	683
1805	954	270	684
1806	967	278	689
1807	962	280	682
1808	968	265	703
1809	976	265	711
1810	979	267	712
1811	986	284	702
1812	975	274	701
1813	982	261	721
1814	991	266	725
1815	1014	277	737
1816	1007	267	740
1817	1012	271	741
1818	1015	273	742
1819	1034	271	763
1820	1030	270	760
1821	1028	276	752
1822	1028	270	758
1823	1046	268	778
1824	1052	266	786
1825	1044	276	768
1826	1051	263	788
1827	1060	272	788
1828	1059	278	781
1829	1057	276	781
1830	1078	273	805
1831	1085	273	812
1832	1084	270	814
1833	1091	273	818
1834	1086	272	814
1835	1093	271	822
1836	1096	272	824
1837	1104	264	840
1838	1107	261	846
1839	1124	263	861
1840	1122	263	859
1841	1120	265	855
1842	1116	269	847
1843	1123	272	851
1844	1134	268	866
1845	1152	263	889
1846	1161	264	897
1847	1163	277	886
1848	1177	279	898
1849	1182	278	904
1850	1169	268	901
1851	1182	259	923
1852	1179	266	913
1853	1184	274	910
1854	1195	266	929
1855	1194	278	916
1856	1189	271	918
1857	1202	273	929
1858	1205	274	931
1859	1231	264	967
1860	1239	268	971
1861	1234	269	965
1862	1236	268	968
1863	1249	282	967
1864	1235	279	956
1865	1244	277	967
1866	1249	274	975
1867	1263	277	986
1868	1259	264	995
1869	1262	274	988
1870	1281	271	1010
1871	1285	263	1022
1872	1279	262	1017
1873	1281	271	1010
1874	1278	268	1010
1875	1280	275	1005
1876	1291	281	1010
1877	1326	283	1043
1878	1322	283	1039
1879	1318	271	1047
1880	1319	280	1039
1881	1328	281	1047
1882	1323	271	1052
1883	1340	279	1061
1884	1348	275	1073
1885	1341	274	1067
1886	1353	276	1077
1887	1351	274	1077
1888	1359	268	1091
1889	1352	276	1076
1890	1344	277	1067
1891	1349	275	1074
1892	1359	272	1087
1893	1360	283	1077
1894	1382	277	1105
1895	1396	272	1124
1896	1371	278	1093
1897	1379	274	1105
1898	1393	267	1126
1899	1388	276	1112
1900	1373	276	1097
1901	1377	275	1102
1902	1383	277	1106
1903	1403	280	1123
1904	1396	274	1122
1905	1387	282	1105
1906	1382	278	1104
1907	1382	271	1111
1908	1387	264	1123
1909	1399	272	1127
1910	1400	269	1131
1911	1393	281	1112
1912	1397	282	1115
1913	1394	275	1119
1914	1400	271	1129
1915	1419	277	1142
1916	1427	280	1147
1917	1411	280	1131
1918	1393	267	1126
1919	1398	266	1132
1920	1386	269	1117
1921	1387	272	1115
1922	1389	272	1117
1923	1408	274	1134
1924	1403	274	1129
1925	1387	285	1102
1926	1382	276	1106
1927	1384	274	1110
1928	1393	267	1126
1929	1394	270	1124
1930	1391	262	1129
1931	1393	269	1124
1932	1389	274	1115
1933	1386	266	1120
1934	1385	257	1128
1935	1371	267	1104
1936	1366	267	1099
1937	1382	272	1110
1938	1376	282	1094
1939	1376	271	1105
1940	1368	268	1100
1941	1356	275	1081
1942	1353	282	1071
1943	1360	282	1078
1944	1372	285	1087
1945	1364	278	1086
1946	1365	270	1095
1947	1365	276	1089
1948	1366	271	1095
1949	1357	270	1087
1950	1355	269	1086
1951	1355	274	1081
1952	1358	269	1089
1953	1358	269	1089
1954	1356	274	1082
1955	1356	264	1092
1956	1358	260	1098
1957	1350	272	1078
1958	1354	278	1076
1959	1356	281	1075
1960	1340	271	1069
1961	1337	277	1060
1962	1357	272	1085
1963	1359	267	1092
1964	1349	262	1087
1965	1338	267	1071
1966	1336	273	1063
1967	1338	269	1069
1968	1334	273	1061
1969	1325	271	1054
1970	1340	265	1075
1971	1344	276	1068
1972	1325	273	1052
1973	1325	268	1057
1974	1317	264	1053
1975	1328	271	1057
1976	1338	272	1066
1977	1314	280	1034
1978	1303	268	1035
1979	1314	266	1048
1980	1321	281	1040
1981	1331	278	1053
1982	1312	270	1042
1983	1299	277	1022
1984	1299	271	1028
1985	1312	276	1036
1986	1322	277	1045
1987	1318	274	1044
1988	1298	268	1030
1989	1288	277	1011
1990	1291	275	1016
1991	1290	273	1017
1992	1291	282	1009
1993	1284	284	1000
1994	1283	274	1009
1995	1296	276	1020
1996	1283	277	1006
1997	1283	278	1005
1998	1279	272	1007
1999	1284	275	1009
2000	1288	274	1014
2001	1287	279	1008
2002	1292	273	1019
2003	1291	276	1015
2004	1289	278	1011
2005	1296	281	1015
2006	1295	283	1012
2007	1281	278	1003
2008	1291	272	1019
2009	1307	272	1035
2010	1300	278	1022
2011	1309	269	1040
2012	1314	265	1049
2013	1297	272	1025
2014	1300	277	1023
2015	1303	269	1034
2016	1315	259	1056
2017	1305	266	1039
2018	1300	275	1025
2019	1304	273	1031
2020	1304	262	1042
2021	1312	275	1037
2022	1315	276	1039
2023	1312	282	1030
2024	1325	275	1050
2025	1341	276	1065
2026	1338	276	1062
2027	1342	278	1064
2028	1325	271	1054
2029	1332	263	1069
2030	1341	276	1065
2031	1334	282	1052
2032	1342	261	1081
2033	1347	266	1081
2034	1346	270	1076
2035	1353	274	1079
2036	1348	279	1069
2037	1334	280	1054
2038	1344	276	1068
2039	1352	274	1078
2040	1360	275	1085
2041	1368	283	1085
2042	1355	279	1076
2043	1369	277	1092
2044	1390	285	1105
2045	1392	276	1116
2046	1375	268	1107
2047	1372	272	1100
2048	1358	277	1081
2049	1377	278	1099
2050	1393	278	1115
2051	1396	282	1114
2052	1405	283	1122
2053	1409	279	1130
2054	1407	277	1130
2055	1429	272	1157
2056	1423	280	1143
2057	1422	279	1143
2058	1423	268	1155
2059	1414	270	1144
2060	1427	277	1150
2061	1442	278	1164
2062	1437	276	1161
2063	1437	268	1169
2064	1445	270	1175
2065	1459	272	1187
2066	1452	263	1189
2067	1454	271	1183
2068	1455	272	1183
2069	1466	286	1180
2070	1474	286	1188
2071	1475	287	1188
2072	1479	281	1198
2073	1484	274	1210
2074	1494	265	1229
2075	1505	267	1238
2076	1510	274	1236
2077	1505	270	1235
2078	1515	271	1244
2079	1533	280	1253
2080	1541	273	1268
2081	1524	275	1249
2082	1533	274	1259
2083	1526	265	1261
2084	1524	267	1257
2085	1540	279	1261
2086	1553	277	1276
2087	1558	269	1289
2088	1573	270	1303
2089	1577	272	1305
2090	1565	267	1298
2091	1560	276	1284
2092	1567	268	1299
2093	1586	268	1318
2094	1594	271	1323
2095	1593	276	1317
2096	1595	280	1315
2097	1601	270	1331
2098	1608	270	1338
2099	1605	280	1325
2100	1633	277	1356
2101	1646	275	1371
2102	1638	278	1360
2103	1640	284	1356
2104	1645	272	1373
2105	1653	274	1379
2106	1632	272	1360
2107	1638	274	1364
2108	1653	278	1375
2109	1678	279	1399
2110	1696	282	1414
2111	1708	295	1413
2112	1706	289	1417
2113	1691	277	1414
2114	1672	271	1401
2115	1686	277	1409
2116	1708	281	1427
2117	1719	281	1438
2118	1749	277	1472
2119	1758	272	1486
2120	1735	272	1463
2121	1747	271	1476
2122	1740	270	1470
2123	1750	270	1480
2124	1757	273	1484
2125	1749	272	1477
2126	1774	269	1505
2127	1794	268	1526
2128	1786	274	1512
2129	1784	281	1503
2130	1791	275	1516
2131	1794	271	1523
2132	1805	264	1541
2133	1795	269	1526
2134	1814	277	1537
2135	1836	272	1564
2136	1831	271	1560
2137	1841	274	1567
2138	1851	273	1578
2139	1870	273	1597
2140	1861	267	1594
2141	1870	264	1606
2142	1879	271	1608
2143	1883	280	1603
2144	1869	276	1593
2145	1867	271	1596
2146	1884	265	1619
2147	1899	276	1623
2148	1897	272	1625
2149	1897	266	1631
2150	1909	270	1639
2151	1931	273	1658
2152	1926	263	1663
2153	1935	275	1660
2154	1939	272	1667
2155	1948	271	1677
2156	1950	269	1681
2157	1954	266	1688
2158	1962	276	1686
2159	1963	274	1689
2160	1968	269	1699
2161	1980	276	1704
2162	1989	271	1718
2163	1995	268	1727
2164	1993	273	1720
2165	1985	278	1707
2166	1979	266	1713
2167	1973	263	1710
2168	1972	277	1695
2169	1994	276	1718
2170	1999	260	1739
2171	1988	252	1736
2172	1989	264	1725
2173	1984	274	1710
2174	1994	271	1723
2175	1998	281	1717
2176	2003	281	1722
2177	2002	276	1726
2178	2022	269	1753
2179	2002	271	1731
2180	1984	267	1717
2181	2001	270	1731
2182	2016	276	1740
2183	2008	284	1724
2184	1993	280	1713
2185	2002	273	1729
2186	2014	265	1749
2187	2023	271	1752
2188	2007	272	1735
2189	1983	267	1716
2190	1965	271	1694
2191	2004	272	1732
2192	2012	265	1747
2193	2010	271	1739
2194	2011	282	1729
2195	2012	282	1730
2196	2024	270	1754
2197	2018	273	1745
2198	2001	280	1721
2199	1996	286	1710
2200	2000	266	1734
2201	1990	272	1718
2202	2006	278	1728
2203	2017	271	1746
2204	1991	268	1723
2205	1989	277	1712
2206	1978	275	1703
2207	1991	280	1711
2208	2002	274	1728
2209	1998	275	1723
2210	2007	275	1732
2211	2000	277	1723
2212	2006	281	1725
2213	1978	274	1704
2214	1975	271	1704
2215	1985	282	1703
2216	1958	273	1685
2217	1965	267	1698
2218	1948	261	1687
2219	1969	292	1677
2220	1964	275	1689
2221	1949	265	1684
2222	1957	263	1694
2223	1951	262	1689
2224	1935	276	1659
2225	1943	281	1662
2226	1932	273	1659
2227	1923	275	1648
2228	1926	270	1656
2229	1950	261	1689
2230	1933	273	1660
2231	1913	287	1626
2232	1898	284	1614
2233	1897	277	1620
2234	1903	263	1640
2235	1920	258	1662
2236	1912	265	1647
2237	1888	278	1610
2238	1905	271	1634
2239	1891	272	1619
2240	1883	276	1607
2241	1866	272	1594
2242	1870	278	1592
2243	1853	280	1573
2244	1853	275	1578
2245	1853	272	1581
2246	1834	268	1566
2247	1832	265	1567
2248	1833	266	1567
2249	1829	278	1551
2250	1809	279	1530
2251	1806	278	1528
2252	1813	273	1540
2253	1820	271	1549
2254	1805	272	1533
2255	1809	280	1529
2256	1812	272	1540
2257	1789	273	1516
2258	1776	277	1499
2259	1781	274	1507
2260	1755	269	1486
2261	1767	267	1500
2262	1794	273	1521
2263	1795	279	1516
2264	1772	267	1505
2265	1759	268	1491
2266	1754	273	1481
2267	1762	275	1487
2268	1753	278	1475
2269	1770	274	1496
2270	1760	266	1494
2271	1766	279	1487
2272	1754	278	1476
2273	1747	277	1470
2274	1762	272	1490
2275	1759	272	1487
2276	1760	275	1485
2277	1767	276	1491
2278	1778	269	1509
2279	1750	275	1475
2280	1743	276	1467
2281	1760	277	1483
2282	1750	280	1470
2283	1765	276	1489
2284	1754	271	1483
2285	1759	265	1494
2286	1751	270	1481
2287	1742	288	1454
2288	1744	279	1465
2289	1728	273	1455
2290	1739	273	1466
2291	1741	275	1466
2292	1746	277	1469
2293	1755	286	1469
2294	1749	270	1479
2295	1764	268	1496
2296	1760	270	1490
2297	1740	284	1456
2298	1749	279	1470
2299	1764	268	1496
2300	1768	271	1497
2301	1760	274	1486
2302	1745	263	1482
2303	1755	268	1487
2304	1758	275	1483
2305	1755	276	1479
2306	1762	273	1489
2307	1760	276	1484
2308	1734	277	1457
2309	1751	281	1470
2310	1770	275	1495
2311	1768	279	1489
2312	1774	280	1494
2313	1777	273	1504
2314	1759	280	1479
2315	1747	286	1461
2316	1756	275	1481
2317	1749	276	1473
2318	1769	277	1492
2319	1784	275	1509
2320	1774	265	1509
2321	1797	265	1532
2322	1780	272	1508
2323	1791	278	1513
2324	1789	272	1517
2325	1799	268	1531
2326	1804	270	1534
2327	1791	273	1518
2328	1796	269	1527
2329	1784	271	1513
2330	1783	268	1515
2331	1821	274	1547
2332	1824	281	1543
2333	1819	287	1532
2334	1807	275	1532
2335	1828	276	1552
2336	1829	274	1555
2337	1824	264	1560
2338	1821	272	1549
2339	1819	280	1539
2340	1825	280	1545
2341	1848	265	1583
2342	1876	256	1620
2343	1865	263	1602
2344	1850	277	1573
2345	1836	268	1568
2346	1843	265	1578
2347	1834	278	1556
2348	1830	282	1548
2349	1850	279	1571
2350	1836	272	1564
2351	1832	277	1555
2352	1835	280	1555
2353	1876	274	1602
2354	1886	275	1611
2355	1862	283	1579
2356	1857	275	1582
2357	1855	276	1579
2358	1871	274	1597
2359	1877	275	1602
2360	1875	270	1605
2361	1887	278	1609
2362	1880	272	1608
2363	1896	264	1632
2364	1892	261	1631
2365	1913	281	1632
2366	1930	280	1650
2367	1928	278	1650
2368	1923	276	1647
2369	1923	282	1641
2370	1918	276	1642
2371	1933	274	1659
2372	1931	279	1652
2373	1913	269	1644
2374	1929	271	1658
2375	1927	283	1644
2376	1935	277	1658
2377	1944	268	1676
2378	1943	266	1677
2379	1952	268	1684
2380	1957	274	1683
2381	1965	281	1684
2382	1983	276	1707
2383	1983	277	1706
2384	1970	274	1696
2385	1979	263	1716
2386	1969	263	1706
2387	1992	273	1719
2388	2002	275	1727
2389	1987	270	1717
2390	1997	276	1721
2391	2002	281	1721
2392	2013	280	1733
2393	2024	284	1740
2394	2011	274	1737
2395	2027	274	1753
2396	2037	274	1763
2397	2056	279	1777
2398	2061	275	1786
2399	2051	279	1772
2400	2066	283	1783
2401	2065	282	1783
2402	2055	275	1780
2403	2082	281	1801
2404	2097	270	1827
2405	2086	265	1821
2406	2092	268	1824
2407	2095	272	1823
2408	2103	274	1829
2409	2097	274	1823
2410	2083	273	1810
2411	2080	273	1807
2412	2114	273	1841
2413	2130	274	1856
2414	2138	273	1865
2415	2138	272	1866
2416	2121	263	1858
2417	2139	270	1869
2418	2154	276	1878
2419	2155	285	1870
2420	2142	276	1866
2421	2157	272	1885
2422	2194	272	1922
2423	2175	273	1902
2424	2154	275	1879
2425	2175	279	1896
2426	2187	269	1918
2427	2218	277	1941
2428	2220	278	1942
2429	2198	280	1918
2430	2202	274	1928
2431	2202	266	1936
2432	2208	270	1938
2433	2215	278	1937
2434	2240	273	1967
2435	2258	277	1981
2436	2248	275	1973
2437	2239	272	1967
2438	2237	274	1963
2439	2263	272	1991
2440	2244	263	1981
2441	2260	276	1984
2442	2266	280	1986
2443	2260	286	1974
2444	2267	281	1986
2445	2283	271	2012
2446	2303	267	2036
2447	2296	273	2023
2448	2303	272	2031
2449	2314	268	2046
2450	2319	270	2049
2451	2329	280	2049
2452	2325	279	2046
2453	2309	277	2032
2454	2319	277	2042
2455	2328	283	2045
2456	2326	280	2046
2457	2348	280	2068
2458	2357	268	2089
2459	2371	268	2103
2460	2371	269	2102
2461	2373	273	2100
2462	2358	275	2083
2463	2362	274	2088
2464	2353	270	2083
2465	2346	281	2065
2466	2368	281	2087
2467	2387	273	2114
2468	2390	273	2117
2469	2408	283	2125
2470	2393	285	2108
2471	2383	283	2100
2472	2407	270	2137
2473	2411	274	2137
2474	2409	272	2137
2475	2429	277	2152
2476	2416	274	2142
2477	2417	282	2135
2478	2412	280	2132
2479	2420	274	2146
2480	2442	268	2174
2481	2427	266	2161
2482	2419	267	2152
2483	2418	271	2147
2484	2419	273	2146
2485	2425	277	2148
2486	2428	263	2165
2487	2431	275	2156
2488	2444	277	2167
2489	2435	270	2165
2490	2444	275	2169
2491	2458	278	2180
2492	2444	271	2173
2493	2450	270	2180
2494	2455	272	2183
2495	2447	269	2178
2496	2444	262	2182
2497	2443	265	2178
2498	2441	266	2175
2499	2421	256	2165
2500	2421	268	2153
2501	2428	278	2150
2502	2430	267	2163
2503	2435	268	2167
2504	2412	266	2146
2505	2419	270	2149
2506	2428	271	2157
2507	2453	275	2178
2508	2451	283	2168
2509	2435	281	2154
2510	2433	265	2168
2511	2431	260	2171
2512	2417	271	2146
2513	2436	275	2161
2514	2446	270	2176
2515	2429	278	2151
2516	2427	263	2164
2517	2413	268	2145
2518	2422	273	2149
2519	2408	275	2133
2520	2403	271	2132
2521	2402	275	2127
2522	2411	273	2138
2523	2419	279	2140
2524	2397	272	2125
2525	2411	266	2145
2526	2412	271	2141
2527	2398	268	2130
2528	2393	268	2125
2529	2411	278	2133
2530	2419	266	2153
2531	2416	277	2139
2532	2398	272	2126
2533	2388	271	2117
2534	2386	277	2109
2535	2376	274	2102
2536	2384	280	2104
2537	2370	271	2099
2538	2379	264	2115
2539	2392	271	2121
2540	2374	273	2101
2541	2379	278	2101
2542	2356	276	2080
2543	2342	274	2068
2544	2338	271	2067
2545	2361	275	2086
2546	2388	266	2122
2547	2351	270	2081
2548	2334	266	2068
2549	2340	268	2072
2550	2349	269	2080
2551	2360	265	2095
2552	2339	274	2065
2553	2322	276	2046
2554	2321	265	2056
2555	2340	271	2069
2556	2352	275	2077
2557	2350	274	2076
2558	2336	276	2060
2559	2324	281	2043
2560	2308	277	2031
2561	2297	270	2027
2562	2265	278	1987
2563	2295	285	2010
2564	2295	274	2021
2565	2298	263	2035
2566	2295	261	2034
2567	2284	272	2012
2568	2273	279	1994
2569	2267	285	1982
2570	2277	282	1995
2571	2273	279	1994
2572	2261	275	1986
2573	2263	282	1981
2574	2262	272	1990
2575	2252	263	1989
2576	2218	265	1953
2577	2206	274	1932
2578	2220	279	1941
2579	2231	284	1947
2580	2221	278	1943
2581	2220	273	1947
2582	2224	270	1954
2583	2216	277	1939
2584	2208	268	1940
2585	2191	272	1919
2586	2202	269	1933
2587	2220	269	1951
2588	2202	274	1928
2589	2208	279	1929
2590	2185	276	1909
2591	2170	273	1897
2592	2169	267	1902
2593	2182	267	1915
2594	2159	275	1884
2595	2167	277	1890
2596	2170	265	1905
2597	2166	269	1897
2598	2173	280	1893
2599	2169	275	1894
2600	2162	259	1903
2601	2147	272	1875
2602	2155	282	1873
2603	2156	280	1876
2604	2171	278	1893
2605	2140	281	1859
2606	2146	276	1870
2607	2148	272	1876
2608	2145	276	1869
2609	2157	285	1872
2610	2132	268	1864
2611	2139	266	1873
2612	2142	271	1871
2613	2147	278	1869
2614	2146	276	1870
2615	2151	274	1877
2616	2136	276	1860
2617	2144	275	1869
2618	2136	270	1866
2619	2131	275	1856
2620	2130	274	1856
2621	2118	269	1849
2622	2125	263	1862
2623	2118	266	1852
2624	2121	273	1848
2625	2136	272	1864
2626	2119	262	1857
2627	2117	272	1845
2628	2148	274	1874
2629	2142	264	1878
2630	2147	273	1874
2631	2149	271	1878
2632	2136	269	1867
2633	2130	269	1861
2634	2132	277	1855
2635	2131	276	1855
2636	2115	273	1842
2637	2128	271	1857
2638	2123	263	1860
2639	2135	265	1870
2640	2120	273	1847
2641	2098	277	1821
2642	2102	273	1829
2643	2121	271	1850
2644	2124	266	1858
2645	2135	268	1867
2646	2124	266	1858
2647	2125	265	1860
2648	2122	269	1853
2649	2126	275	1851
2650	2137	269	1868
2651	2123	272	1851
2652	2135	271	1864
2653	2134	275	1859
2654	2134	270	1864
2655	2126	267	1859
2656	2125	274	1851
2657	2122	271	1851
2658	2115	263	1852
2659	2109	267	1842
2660	2150	268	1882
2661	2144	272	1872
2662	2116	272	1844
2663	2129	264	1865
2664	2144	255	1889
2665	2127	262	1865
2666	2121	265	1856
2667	2121	265	1856
2668	2122	264	1858
2669	2151	270	1881
2670	2143	275	1868
2671	2121	275	1846
2672	2111	269	1842
2673	2150	278	1872
2674	2151	270	1881
2675	2137	265	1872
2676	2131	266	1865
2677	2139	271	1868
2678	2142	267	1875
2679	2129	264	1865
2680	2127	269	1858
2681	2143	281	1862
2682	2144	271	1873
2683	2134	275	1859
2684	2140	267	1873
2685	2130	264	1866
2686	2140	266	1874
2687	2151	272	1879
2688	2138	269	1869
2689	2137	270	1867
2690	2135	275	1860
2691	2140	267	1873
2692	2134	263	1871
2693	2144	275	1869
2694	2155	279	1876
2695	2161	277	1884
2696	2143	270	1873
2697	2143	270	1873
2698	2145	261	1884
2699	2139	273	1866
2700	2152	274	1878
2701	2141	281	1860
2702	2141	280	1861
2703	2153	268	1885
2704	2166	263	1903
2705	2175	280	1895
2706	2174	269	1905
2707	2174	275	1899
2708	2179	272	1907
2709	2185	277	1908
2710	2172	282	1890
2711	2173	274	1899
2712	2182	275	1907
2713	2199	271	1928
2714	2175	274	1901
2715	2161	280	1881
2716	2182	273	1909
2717	2192	271	1921
2718	2188	264	1924
2719	2200	277	1923
2720	2199	275	1924
2721	2196	269	1927
2722	2201	271	1930
2723	2205	279	1926
2724	2217	271	1946
2725	2216	271	1945
2726	2203	280	1923
2727	2195	277	1918
2728	2217	265	1952
2729	2210	267	1943
2730	2197	266	1931
2731	2214	272	1942
2732	2233	265	1968
2733	2229	263	1966
2734	2221	265	1956
2735	2217	276	1941
2736	2238	281	1957
2737	2241	278	1963
2738	2226	264	1962
2739	2229	274	1955
2740	2237	272	1965
2741	2237	272	1965
2742	2228	267	1961
2743	2231	271	1960
2744	2238	266	1972
2745	2247	265	1982
2746	2256	280	1976
2747	2265	276	1989
2748	2262	269	1993
2749	2255	270	1985
2750	2248	267	1981
2751	2270	266	2004
2752	2275	266	2009
2753	2262	270	1992
2754	2273	274	1999
2755	2292	273	2019
2756	2276	267	2009
2757	2291	278	2013
2758	2304	280	2024
2759	2298	273	2025
2760	2300	281	2019
2761	2310	280	2030
2762	2313	276	2037
2763	2313	268	2045
2764	2296	263	2033
2765	2308	267	2041
2766	2318	269	2049
2767	2316	277	2039
2768	2312	271	2041
2769	2320	280	2040
2770	2325	268	2057
2771	2324	266	2058
2772	2332	274	2058
2773	2330	276	2054
2774	2331	267	2064
2775	2343	270	2073
2776	2342	268	2074
2777	2349	274	2075
2778	2357	273	2084
2779	2351	267	2084
2780	2370	265	2105
2781	2380	271	2109
2782	2372	270	2102
2783	2376	267	2109
2784	2377	267	2110
2785	2382	275	2107
2786	2392	274	2118
2787	2380	275	2105
2788	2382	276	2106
2789	2368	281	2087
2790	2365	275	2090
2791	2378	268	2110
2792	2400	266	2134
2793	2391	275	2116
2794	2405	269	2136
2795	2391	261	2130
2796	2377	270	2107
2797	2406	283	2123
2798	2429	290	2139
2799	2440	282	2158
2800	2439	272	2167
2801	2436	277	2159
2802	2430	265	2165
2803	2454	269	2185
2804	2468	269	2199
2805	2456	273	2183
2806	2452	276	2176
2807	2432	280	2152
2808	2458	274	2184
2809	2481	279	2202
2810	2470	281	2189
2811	2484	282	2202
2812	2479	275	2204
2813	2475	269	2206
2814	2472	261	2211
2815	2486	274	2212
2816	2500	276	2224
2817	2506	279	2227
2818	2504	268	2236
2819	2500	266	2234
2820	2509	271	2238
2821	2510	271	2239
2822	2494	273	2221
2823	2513	289	2224
2824	2498	278	2220
2825	2497	277	2220
2826	2510	272	2238
2827	2527	279	2248
2828	2533	275	2258
2829	2520	278	2242
2830	2511	277	2234
2831	2526	280	2246
2832	2523	273	2250
2833	2507	276	2231
2834	2520	271	2249
2835	2530	274	2256
2836	2519	275	2244
2837	2530	285	2245
2838	2534	284	2250
2839	2524	279	2245
2840	2536	276	2260
2841	2532	278	2254
2842	2520	276	2244
2843	2532	273	2259
2844	2528	270	2258
2845	2528	264	2264
2846	2555	260	2295
2847	2551	270	2281
2848	2529	273	2256
2849	2528	279	2249
2850	2553	270	2283
2851	2550	266	2284
2852	2543	275	2268
2853	2534	277	2257
2854	2514	274	2240
2855	2513	278	2235
2856	2517	280	2237
2857	2530	279	2251
2858	2517	266	2251
2859	2528	276	2252
2860	2535	281	2254
2861	2533	273	2260
2862	2547	268	2279
2863	2543	274	2269
2864	2547	273	2274
2865	2543	268	2275
2866	2540	264	2276
2867	2551	264	2287
2868	2542	276	2266
2869	2523	280	2243
2870	2525	274	2251
2871	2526	270	2256
2872	2538	269	2269
2873	2543	271	2272
2874	2554	275	2279
2875	2562	274	2288
2876	2542	275	2267
2877	2541	273	2268
2878	2545	274	2271
2879	2516	277	2239
2880	2513	281	2232
2881	2535	278	2257
2882	2519	273	2246
2883	2512	274	2238
2884	2541	265	2276
2885	2530	273	2257
2886	2490	269	2221
2887	2502	265	2237
2888	2511	268	2243
2889	2506	285	2221
2890	2496	280	2216
2891	2503	279	2224
2892	2484	271	2213
2893	2473	276	2197
2894	2489	278	2211
2895	2481	271	2210
2896	2476	273	2203
2897	2484	275	2209
2898	2489	278	2211
2899	2463	276	2187
2900	2465	276	2189
2901	2468	283	2185
2902	2458	278	2180
2903	2470	277	2193
2904	2461	272	2189
2905	2441	268	2173
2906	2449	270	2179
2907	2448	262	2186
2908	2438	272	2166
2909	2440	281	2159
2910	2442	277	2165
2911	2439	269	2170
2912	2431	272	2159
2913	2418	283	2135
2914	2413	270	2143
2915	2402	271	2131
2916	2394	274	2120
2917	2398	282	2116
2918	2418	282	2136
2919	2394	265	2129
2920	2354	263	2091
2921	2358	272	2086
2922	2372	274	2098
2923	2377	271	2106
2924	2382	267	2115
2925	2367	272	2095
2926	2354	274	2080
2927	2360	277	2083
2928	2338	265	2073
2929	2342	269	2073
2930	2335	266	2069
2931	2343	271	2072
2932	2329	272	2057
2933	2299	271	2028
2934	2302	269	2033
2935	2295	270	2025
2936	2314	268	2046
2937	2299	272	2027
2938	2278	274	2004
2939	2275	271	2004
2940	2266	269	1997
2941	2281	277	2004
2942	2284	273	2011
2943	2259	271	1988
2944	2232	275	1957
2945	2239	270	1969
2946	2243	268	1975
2947	2232	267	1965
2948	2218	269	1949
2949	2216	267	1949
2950	2199	271	1928
2951	2189	278	1911
2952	2173	271	1902
2953	2165	271	1894
2954	2185	273	1912
2955	2179	280	1899
2956	2189	268	1921
2957	2182	269	1913
2958	2154	267	1887
2959	2155	275	1880
2960	2142	268	1874
2961	2138	272	1866
2962	2136	272	1864
2963	2133	273	1860
2964	2131	275	1856
2965	2121	271	1850
2966	2114	269	1845
2967	2111	267	1844
2968	2070	261	1809
2969	2103	290	1813
2970	2097	272	1825
2971	2087	269	1818
2972	2075	272	1803
2973	2061	275	1786
2974	2054	275	1779
2975	2044	282	1762
2976	2030	267	1763
2977	2051	271	1780
2978	2064	268	1796
2979	2045	270	1775
2980	2050	277	1773
2981	2034	273	1761
2982	2028	265	1763
2983	1992	270	1722
2984	1994	268	1726
2985	1996	277	1719
2986	1988	279	1709
2987	1987	273	1714
2988	1994	264	1730
2989	1974	266	1708
2990	1963	272	1691
2991	1956	276	1680
2992	1958	272	1686
2993	1955	273	1682
2994	1919	267	1652
2995	1918	270	1648
2996	1906	264	1642
2997	1906	273	1633
2998	1910	270	1640
2999	1903	273	1630
3000	1887	268	1619
3001	1883	261	1622
3002	1893	261	1632
3003	1898	266	1632
3004	1879	268	1611
3005	1883	271	1612
3006	1907	275	1632
3007	1882	273	1609
3008	1880	273	1607
3009	1875	273	1602
3010	1850	278	1572
3011	1847	273	1574
3012	1858	269	1589
3013	1844	274	1570
3014	1816	273	1543
3015	1834	278	1556
3016	1825	275	1550
3017	1816	276	1540
3018	1808	270	1538
3019	1814	270	1544
3020	1811	271	1540
3021	1797	276	1521
3022	1798	271	1527
3023	1790	277	1513
3024	1788	280	1508
3025	1792	272	1520
3026	1788	271	1517
3027	1798	285	1513
3028	1784	280	1504
3029	1781	274	1507
3030	1777	267	1510
3031	1768	269	1499
3032	1757	269	1488
3033	1757	272	1485
3034	1747	269	1478
3035	1741	280	1461
3036	1749	273	1476
3037	1747	268	1479
3038	1734	273	1461
3039	1735	274	1461
3040	1729	269	1460
3041	1732	283	1449
3042	1724	282	1442
3043	1723	278	1445
3044	1710	269	1441
3045	1711	274	1437
3046	1703	264	1439
3047	1693	260	1433
3048	1688	269	1419
3049	1682	268	1414
3050	1672	266	1406
3051	1674	280	1394
3052	1667	277	1390
3053	1673	275	1398
3054	1684	281	1403
3055	1682	278	1404
3056	1686	275	1411
3057	1679	266	1413
3058	1659	274	1385
3059	1668	281	1387
3060	1661	272	1389
3061	1653	275	1378
3062	1665	279	1386
3063	1655	278	1377
3064	1650	276	1374
3065	1656	277	1379
3066	1654	276	1378
3067	1641	282	1359
3068	1636	282	1354
3069	1628	279	1349
3070	1631	263	1368
3071	1626	268	1358
3072	1621	274	1347
3073	1615	279	1336
3074	1629	279	1350
3075	1629	273	1356
3076	1607	270	1337
3077	1608	279	1329
3078	1600	274	1326
3079	1600	272	1328
3080	1602	268	1334
3081	1616	268	1348
3082	1604	272	1332
3083	1602	285	1317
3084	1603	284	1319
3085	1592	278	1314
3086	1595	277	1318
3087	1592	280	1312
3088	1583	267	1316
3089	1578	278	1300
3090	1574	279	1295
3091	1590	277	1313
3092	1576	272	1304
3093	1567	279	1288
3094	1589	271	1318
3095	1584	285	1299
3096	1579	282	1297
3097	1579	274	1305
3098	1575	277	1298
3099	1559	282	1277
3100	1557	274	1283
3101	1552	271	1281
3102	1566	289	1277
3103	1570	291	1279
3104	1550	282	1268
3105	1555	281	1274
3106	1546	273	1273
3107	1546	274	1272
3108	1544	269	1275
3109	1547	268	1279
3110	1547	273	1274
3111	1556	275	1281
3112	1557	271	1286
3113	1560	274	1286
3114	1563	270	1293
3115	1542	270	1272
3116	1542	271	1271
3117	1532	271	1261
3118	1531	269	1262
3119	1547	276	1271
3120	1545	286	1259
3121	1534	279	1255
3122	1531	267	1264
3123	1535	271	1264
3124	1532	270	1262
3125	1544	272	1272
3126	1534	282	1252
3127	1524	279	1245
3128	1509	271	1238
3129	1509	273	1236
3130	1529	275	1254
3131	1528	268	1260
3132	1532	274	1258
3133	1514	276	1238
3134	1504	276	1228
3135	1504	278	1226
3136	1507	273	1234
3137	1510	260	1250
3138	1504	267	1237
3139	1519	282	1237
3140	1500	282	1218
3141	1485	288	1197
3142	1491	285	1206
3143	1491	272	1219
3144	1494	272	1222
3145	1472	282	1190
3146	1461	264	1197
3147	1471	271	1200
3148	1477	278	1199
3149	1480	282	1198
3150	1495	279	1216
3151	1485	275	1210
3152	1480	266	1214
3153	1496	260	1236
3154	1479	262	1217
3155	1474	271	1203
3156	1470	269	1201
3157	1474	273	1201
3158	1485	275	1210
3159	1493	275	1218
3160	1479	274	1205
3161	1478	271	1207
3162	1486	257	1229
3163	1484	268	1216
3164	1489	276	1213
3165	1496	276	1220
3166	1473	262	1211
3167	1478	266	1212
3168	1484	263	1221
3169	1488	268	1220
3170	1478	269	1209
3171	1471	274	1197
3172	1463	270	1193
3173	1477	275	1202
3174	1480	281	1199
3175	1465	279	1186
3176	1452	277	1175
3177	1464	274	1190
3178	1486	269	1217
3179	1496	283	1213
3180	1482	280	1202
3181	1470	278	1192
3182	1485	281	1204
3183	1485	274	1211
3184	1483	271	1212
3185	1493	270	1223
3186	1491	270	1221
3187	1474	273	1201
3188	1479	269	1210
3189	1478	271	1207
3190	1457	272	1185
3191	1488	268	1220
3192	1476	259	1217
3193	1448	279	1169
3194	1481	285	1196
3195	1484	276	1208
3196	1471	259	1212
3197	1469	265	1204
3198	1454	267	1187
3199	1463	277	1186
3200	1478	282	1196
3201	1482	279	1203
3202	1490	273	1217
3203	1485	273	1212
3204	1483	271	1212
3205	1477	282	1195
3206	1471	271	1200
3207	1478	268	1210
3208	1481	279	1202
3209	1476	286	1190
3210	1455	276	1179
3211	1468	277	1191
3212	1471	277	1194
3213	1478	275	1203
3214	1478	267	1211
3215	1461	258	1203
3216	1456	260	1196
3217	1465	272	1193
3218	1477	272	1205
3219	1476	276	1200
3220	1472	270	1202
3221	1487	267	1220
3222	1497	263	1234
3223	1493	269	1224
3224	1481	272	1209
3225	1480	276	1204
3226	1471	277	1194
3227	1463	277	1186
3228	1465	267	1198
3229	1486	268	1218
3230	1473	270	1203
3231	1491	274	1217
3232	1498	265	1233
3233	1498	273	1225
3234	1491	274	1217
3235	1487	273	1214
3236	1498	270	1228
3237	1493	272	1221
3238	1480	271	1209
3239	1491	272	1219
3240	1500	276	1224
3241	1486	272	1214
3242	1486	261	1225
3243	1497	272	1225
3244	1475	270	1205
3245	1472	265	1207
3246	1475	264	1211
3247	1483	277	1206
3248	1495	279	1216
3249	1501	269	1232
3250	1499	265	1234
3251	1509	270	1239
3252	1503	278	1225
3253	1505	280	1225
3254	1512	270	1242
3255	1524	275	1249
3256	1519	275	1244
3257	1519	272	1247
3258	1535	275	1260
3259	1520	274	1246
3260	1512	264	1248
3261	1522	275	1247
3262	1521	267	1254
3263	1509	268	1241
3264	1514	269	1245
3265	1526	275	1251
3266	1543	274	1269
3267	1553	268	1285
3268	1551	272	1279
3269	1550	270	1280
3270	1536	265	1271
3271	1533	268	1265
3272	1551	270	1281
3273	1549	278	1271
3274	1556	270	1286
3275	1570	267	1303
3276	1560	266	1294
3277	1548	268	1280
3278	1540	261	1279
3279	1552	275	1277
3280	1534	277	1257
3281	1512	282	1230
3282	1534	277	1257
3283	1522	281	1241
3284	1525	272	1253
3285	1538	271	1267
3286	1540	269	1271
3287	1527	274	1253
3288	1534	270	1264
3289	1542	283	1259
3290	1518	286	1232
3291	1528	276	1252
3292	1541	268	1273
3293	1560	273	1287
3294	1551	272	1279
3295	1538	284	1254
3296	1530	275	1255
3297	1549	265	1284
3298	1550	270	1280
3299	1548	268	1280
3300	1555	270	1285
3301	1550	279	1271
3302	1537	274	1263
3303	1538	275	1263
3304	1526	274	1252
3305	1551	272	1279
3306	1553	268	1285
3307	1544	277	1267
3308	1541	282	1259
3309	1549	280	1269
3310	1548	274	1274
3311	1537	272	1265
3312	1512	264	1248
3313	1495	263	1232
3314	1499	267	1232
3315	1505	271	1234
3316	1514	273	1241
3317	1525	263	1262
3318	1532	263	1269
3319	1538	271	1267
3320	1543	276	1267
3321	1533	278	1255
3322	1533	274	1259
3323	1535	277	1258
3324	1532	269	1263
3325	1535	271	1264
3326	1526	282	1244
3327	1536	279	1257
3328	1536	266	1270
3329	1542	269	1273
3330	1546	267	1279
3331	1546	269	1277
3332	1541	273	1268
3333	1541	271	1270
3334	1550	273	1277
3335	1530	273	1257
3336	1523	272	1251
3337	1534	278	1256
3338	1535	264	1271
3339	1527	258	1269
3340	1516	268	1248
3341	1517	278	1239
3342	1525	273	1252
3343	1519	269	1250
3344	1507	266	1241
3345	1507	266	1241
3346	1526	269	1257
3347	1515	274	1241
3348	1501	272	1229
3349	1524	271	1253
3350	1529	275	1254
3351	1525	272	1253
3352	1527	268	1259
3353	1527	267	1260
3354	1527	267	1260
3355	1505	274	1231
3356	1511	271	1240
3357	1505	273	1232
3358	1502	265	1237
3359	1482	271	1211
3360	1462	278	1184
3361	1478	274	1204
3362	1492	269	1223
3363	1493	263	1230
3364	1502	261	1241
3365	1522	264	1258
3366	1496	261	1235
3367	1485	275	1210
3368	1494	265	1229
3369	1488	270	1218
3370	1484	272	1212
3371	1482	264	1218
3372	1486	267	1219
3373	1477	275	1202
3374	1468	275	1193
3375	1487	270	1217
3376	1485	273	1212
3377	1466	273	1193
3378	1477	279	1198
3379	1467	278	1189
3380	1450	261	1189
3381	1453	270	1183
3382	1438	277	1161
3383	1432	270	1162
3384	1455	268	1187
3385	1462	268	1194
3386	1450	278	1172
3387	1456	283	1173
3388	1447	276	1171
3389	1441	267	1174
3390	1445	272	1173
3391	1443	274	1169
3392	1425	273	1152
3393	1440	274	1166
3394	1458	271	1187
3395	1446	273	1173
3396	1433	282	1151
3397	1426	285	1141
3398	1432	278	1154
3399	1421	272	1149
3400	1414	271	1143
3401	1407	268	1139
3402	1409	273	1136
3403	1421	285	1136
3404	1431	277	1154
3405	1421	276	1145
3406	1415	277	1138
3407	1422	273	1149
3408	1412	272	1140
3409	1402	274	1128
3410	1392	275	1117
3411	1399	273	1126
3412	1397	276	1121
3413	1402	278	1124
3414	1408	276	1132
3415	1411	272	1139
3416	1384	265	1119
3417	1385	276	1109
3418	1381	267	1114
3419	1370	272	1098
3420	1357	274	1083
3421	1361	272	1089
3422	1376	262	1114
3423	1360	272	1088
3424	1365	280	1085
3425	1373	280	1093
3426	1358	276	1082
3427	1355	272	1083
3428	1340	276	1064
3429	1365	278	1087
3430	1363	276	1087
3431	1346	283	1063
3432	1366	274	1092
3433	1356	277	1079
3434	1351	276	1075
3435	1347	274	1073
3436	1330	276	1054
3437	1331	274	1057
3438	1344	277	1067
3439	1328	272	1056
3440	1326	271	1055
3441	1334	265	1069
3442	1316	253	1063
3443	1310	266	1044
3444	1306	277	1029
3445	1305	277	1028
3446	1301	265	1036
3447	1307	268	1039
3448	1281	269	1012
3449	1287	266	1021
3450	1292	268	1024
3451	1267	270	997
3452	1267	263	1004
3453	1266	272	994
3454	1265	271	994
3455	1265	271	994
3456	1273	271	1002
3457	1264	274	990
3458	1236	269	967
3459	1243	281	962
3460	1247	271	976
3461	1250	274	976
3462	1245	279	966
3463	1245	274	971
3464	1211	274	937
3465	1214	281	933
3466	1239	277	962
3467	1219	277	942
3468	1213	276	937
3469	1232	274	958
3470	1227	276	951
3471	1214	282	932
3472	1211	269	942
3473	1205	275	930
3474	1196	271	925
3475	1205	282	923
3476	1204	272	932
3477	1199	267	932
3478	1191	274	917
3479	1202	276	926
3480	1194	262	932
3481	1194	268	926
3482	1196	278	918
3483	1182	286	896
3484	1181	275	906
3485	1176	269	907
3486	1180	270	910
3487	1196	273	923
3488	1197	271	926
3489	1176	264	912
3490	1182	263	919
3491	1200	264	936
3492	1185	263	922
3493	1164	272	892
3494	1167	272	895
3495	1187	270	917
3496	1181	267	914
3497	1174	271	903
3498	1174	269	905
3499	1177	271	906
3500	1178	268	910
3501	1177	278	899
3502	1155	271	884
3503	1156	277	879
3504	1171	280	891
3505	1172	279	893
3506	1158	280	878
3507	1146	272	874
3508	1152	269	883
3509	1163	276	887
3510	1147	267	880
3511	1143	263	880
3512	1136	263	873
3513	1146	269	877
3514	1154	266	888
3515	1140	275	865
3516	1130	272	858
3517	1129	264	865
3518	1141	259	882
3519	1154	272	882
3520	1135	270	865
3521	1125	259	866
3522	1124	259	865
3523	1120	276	844
3524	1120	284	836
3525	1111	276	835
3526	1123	267	856
3527	1105	270	835
3528	1104	270	834
3529	1109	269	840
3530	1104	267	837
3531	1102	269	833
3532	1099	276	823
3533	1099	274	825
3534	1101	263	838
3535	1100	270	830
3536	1096	271	825
3537	1103	278	825
3538	1111	284	827
3539	1103	280	823
3540	1096	264	832
3541	1096	277	819
3542	1091	279	812
3543	1096	272	824
3544	1084	260	824
3545	1079	268	811
3546	1082	273	809
3547	1079	268	811
3548	1068	265	803
3549	1073	262	811
3550	1065	270	795
3551	1059	272	787
3552	1065	268	797
3553	1077	269	808
3554	1062	262	800
3555	1060	263	797
3556	1067	269	798
3557	1072	265	807
3558	1050	264	786
3559	1057	271	786
3560	1054	267	787
3561	1050	272	778
3562	1046	272	774
3563	1027	272	755
3564	1023	270	753
3565	1032	270	762
3566	1047	265	782
3567	1060	271	789
3568	1052	278	774
3569	1041	277	764
3570	1019	279	740
3571	1025	278	747
3572	1034	274	760
3573	1036	269	767
3574	1034	267	767
3575	1032	274	758
3576	1026	270	756
3577	1026	271	755
3578	1027	265	762
3579	1037	270	767
3580	1023	268	755
3581	1014	264	750
3582	1014	263	751
3583	1010	279	731
3584	1018	270	748
3585	1025	277	748
3586	1017	280	737
3587	1003	273	730
3588	991	272	719
3589	993	283	710
3590	1003	275	728
3591	997	272	725
3592	981	273	708
3593	988	275	713
3594	978	276	702
3595	1003	274	729
3596	1001	276	725
3597	977	278	699
3598	977	277	700
3599	987	272	715
3600	988	266	722
3601	987	278	709
3602	978	275	703
3603	971	275	696
3604	983	273	710
3605	984	270	714
3606	975	266	709
3607	975	272	703
3608	960	271	689
3609	953	277	676
3610	959	269	690
3611	946	266	680
3612	957	268	689
3613	976	272	704
3614	960	272	688
3615	944	276	668
3616	950	278	672
3617	970	277	693
3618	957	272	685
3619	958	280	678
3620	953	275	678
3621	950	275	675
3622	957	273	684
3623	956	272	684
3624	953	269	684
3625	955	269	686
3626	952	267	685
3627	956	272	684
3628	950	278	672
3629	939	275	664
3630	933	263	670
3631	958	266	692
3632	960	269	691
3633	957	265	692
3634	950	268	682
3635	956	283	673
3636	946	276	670
3637	947	267	680
3638	935	266	669
3639	944	267	677
3640	934	263	671
3641	917	265	652
3642	929	268	661
3643	936	280	656
3644	949	268	681
3645	938	266	672
3646	940	270	670
3647	939	265	674
3648	929	264	665
