index	original	background	difference
-----------------------------------------------------
1	361	210	151
2	346	221	125
3	352	224	128
4	361	224	137
5	362	224	138
6	344	228	116
7	332	230	102
8	330	216	114
9	366	216	150
10	367	222	145
11	359	223	136
12	338	233	105
13	338	234	104
14	353	231	122
15	343	228	115
16	342	224	118
17	354	214	140
18	360	223	137
19	367	232	135
20	356	236	120
21	368	234	134
22	364	230	134
23	356	229	127
24	364	232	132
25	362	238	124
26	369	231	138
27	367	225	142
28	359	230	129
29	362	223	139
30	382	225	157
31	377	236	141
32	350	230	120
33	359	231	128
34	368	231	137
35	391	232	159
36	381	246	135
37	411	246	165
38	409	237	172
39	404	228	176
40	368	235	133
41	377	248	129
42	384	243	141
43	389	238	151
44	386	240	146
45	391	239	152
46	385	241	144
47	412	243	169
48	411	242	169
49	384	250	134
50	380	250	130
51	395	239	156
52	398	252	146
53	400	252	148
54	430	244	186
55	430	233	197
56	392	236	156
57	407	246	161
58	417	246	171
59	410	242	168
60	423	237	186
61	434	240	194
62	407	248	159
63	402	239	163
64	412	237	175
65	417	249	168
66	421	244	177
67	444	238	206
68	409	243	166
69	409	250	159
70	450	254	196
71	456	248	208
72	417	243	174
73	411	244	167
74	402	251	151
75	403	255	148
76	409	255	154
77	446	240	206
78	428	242	186
79	413	249	164
80	413	245	168
81	414	253	161
82	413	247	166
83	433	253	180
84	413	259	154
85	439	259	180
86	440	250	190
87	444	235	209
88	421	240	181
89	427	238	189
90	431	243	188
91	424	253	171
92	424	256	168
93	413	247	166
94	421	243	178
95	452	243	209
96	433	248	185
97	442	248	194
98	422	255	167
99	407	257	150
100	429	262	167
101	431	255	176
102	423	254	169
103	407	249	158
104	396	245	151
105	388	242	146
106	397	249	148
107	397	258	139
108	415	259	156
109	421	256	165
110	428	250	178
111	430	247	183
112	400	251	149
113	415	256	159
114	412	253	159
115	398	256	142
116	410	252	158
117	443	256	187
118	432	260	172
119	430	248	182
120	409	243	166
121	416	252	164
122	426	258	168
123	430	268	162
124	421	259	162
125	417	253	164
126	418	249	169
127	412	240	172
128	425	247	178
129	425	254	171
130	390	258	132
131	410	253	157
132	419	251	168
133	414	247	167
134	417	256	161
135	412	259	153
136	403	253	150
137	397	252	145
138	393	258	135
139	413	262	151
140	407	257	150
141	416	262	154
142	427	263	164
143	432	255	177
144	443	263	180
145	440	262	178
146	438	265	173
147	458	262	196
148	432	247	185
149	425	249	176
150	423	250	173
151	426	247	179
152	427	250	177
153	423	256	167
154	419	269	150
155	418	273	145
156	407	271	136
157	416	258	158
158	419	253	166
159	418	257	161
160	421	267	154
161	453	263	190
162	433	260	173
163	432	255	177
164	460	252	208
165	433	254	179
166	417	247	170
167	409	251	158
168	420	267	153
169	432	263	169
170	439	249	190
171	459	249	210
172	429	251	178
173	430	243	187
174	446	241	205
175	450	251	199
176	459	263	196
177	477	265	212
178	462	267	195
179	454	254	200
180	458	259	199
181	442	263	179
182	459	262	197
183	479	255	224
184	467	254	213
185	452	259	193
186	460	262	198
187	485	259	226
188	461	261	200
189	455	262	193
190	477	260	217
191	478	253	225
192	465	241	224
193	462	254	208
194	472	260	212
195	488	255	233
196	485	246	239
197	490	247	243
198	487	257	230
199	490	256	234
200	481	254	227
201	476	254	222
202	491	257	234
203	505	256	249
204	492	252	240
205	521	251	270
206	522	254	268
207	535	250	285
208	521	249	272
209	504	265	239
210	528	264	264
211	526	264	262
212	498	268	230
213	499	256	243
214	503	257	246
215	543	256	287
216	538	252	286
217	536	254	282
218	501	257	244
219	512	257	255
220	518	257	261
221	528	258	270
222	546	263	283
223	547	259	288
224	534	256	278
225	530	252	278
226	542	255	287
227	561	255	306
228	560	256	304
229	548	258	290
230	535	258	277
231	548	258	290
232	538	257	281
233	557	260	297
234	562	260	302
235	548	262	286
236	549	257	292
237	540	260	280
238	550	274	276
239	561	257	304
240	569	256	313
241	583	253	330
242	564	250	314
243	568	252	316
244	564	259	305
245	578	269	309
246	562	268	294
247	573	267	306
248	578	266	312
249	594	258	336
250	598	253	345
251	584	258	326
252	560	258	302
253	580	256	324
254	595	259	336
255	588	260	328
256	574	260	314
257	592	254	338
258	570	254	316
259	583	258	325
260	603	263	340
261	589	250	339
262	564	251	313
263	555	257	298
264	592	257	335
265	589	248	341
266	573	256	317
267	584	267	317
268	569	254	315
269	545	253	292
270	568	261	307
271	598	257	341
272	593	247	346
273	585	246	339
274	583	246	337
275	589	246	343
276	548	253	295
277	541	257	284
278	563	250	313
279	563	259	304
280	553	262	291
281	569	259	310
282	585	258	327
283	583	264	319
284	570	259	311
285	557	253	304
286	556	261	295
287	556	259	297
288	561	252	309
289	582	246	336
290	587	251	336
291	583	258	325
292	568	256	312
293	579	256	323
294	569	254	315
295	596	264	332
296	589	266	323
297	587	255	332
298	586	252	334
299	551	248	303
300	586	255	331
301	590	256	334
302	567	257	310
303	590	258	332
304	584	259	325
305	567	252	315
306	560	253	307
307	565	253	312
308	565	254	311
309	582	250	332
310	576	253	323
311	562	254	308
312	576	257	319
313	561	260	301
314	552	260	292
315	577	254	323
316	593	249	344
317	593	257	336
318	575	252	323
319	582	252	330
320	591	249	342
321	601	245	356
322	577	251	326
323	585	259	326
324	574	257	317
325	579	249	330
326	568	244	324
327	555	249	306
328	550	251	299
329	581	251	330
330	576	250	326
331	567	262	305
332	582	262	320
333	575	259	316
334	585	262	323
335	572	254	318
336	571	255	316
337	571	258	313
338	544	253	291
339	545	256	289
340	550	249	301
341	566	250	316
342	567	243	324
343	575	252	323
344	554	258	296
345	572	254	318
346	573	251	322
347	561	261	300
348	551	264	287
349	555	264	291
350	542	258	284
351	565	256	309
352	578	258	320
353	581	261	320
354	585	262	323
355	575	257	318
356	562	264	298
357	566	257	309
358	579	253	326
359	588	251	337
360	564	251	313
361	567	255	312
362	569	253	316
363	570	249	321
364	572	258	314
365	592	263	329
366	589	256	333
367	560	249	311
368	575	261	314
369	612	259	353
370	592	257	335
371	592	254	338
372	592	258	334
373	588	260	328
374	595	256	339
375	593	253	340
376	597	259	338
377	602	266	336
378	551	257	294
379	585	250	335
380	592	247	345
381	582	240	342
382	604	251	353
383	606	255	351
384	592	250	342
385	570	243	327
386	590	255	335
387	623	244	379
388	606	246	360
389	625	250	375
390	604	248	356
391	634	260	374
392	605	261	344
393	595	262	333
394	636	254	382
395	626	257	369
396	621	253	368
397	660	248	412
398	632	252	380
399	635	252	383
400	640	253	387
401	653	264	389
402	659	254	405
403	648	245	403
404	656	249	407
405	657	249	408
406	668	245	423
407	661	255	406
408	664	256	408
409	680	258	422
410	678	261	417
411	670	248	422
412	684	252	432
413	698	264	434
414	699	253	446
415	703	260	443
416	667	253	414
417	677	236	441
418	676	241	435
419	689	247	442
420	697	247	450
421	692	245	447
422	691	254	437
423	711	258	453
424	705	260	445
425	717	258	459
426	710	262	448
427	718	262	456
428	687	260	427
429	702	248	454
430	704	250	454
431	690	255	435
432	697	247	450
433	719	242	477
434	723	245	478
435	740	248	492
436	735	247	488
437	726	255	471
438	740	262	478
439	760	265	495
440	745	263	482
441	762	255	507
442	754	252	502
443	754	242	512
444	775	252	523
445	768	250	518
446	769	248	521
447	799	254	545
448	790	249	541
449	827	244	583
450	805	250	555
451	791	252	539
452	813	247	566
453	798	249	549
454	755	260	495
455	751	266	485
456	784	263	521
457	787	250	537
458	791	250	541
459	791	252	539
460	815	255	560
461	834	256	578
462	834	247	587
463	841	258	583
464	853	261	592
465	823	252	571
466	838	249	589
467	820	239	581
468	794	247	547
469	806	247	559
470	831	258	573
471	839	255	584
472	826	261	565
473	832	263	569
474	801	255	546
475	838	250	588
476	831	247	584
477	824	252	572
478	810	259	551
479	814	254	560
480	828	260	568
481	828	256	572
482	830	247	583
483	859	245	614
484	862	247	615
485	849	239	610
486	848	238	610
487	853	249	604
488	837	259	578
489	816	252	564
490	843	239	604
491	862	245	617
492	839	256	583
493	829	254	575
494	843	246	597
495	842	253	589
496	846	252	594
497	849	250	599
498	843	253	590
499	850	251	599
500	837	252	585
501	827	258	569
502	849	258	591
503	864	250	614
504	841	245	596
505	856	244	612
506	846	258	588
507	816	262	554
508	827	259	568
509	845	260	585
510	822	257	565
511	845	255	590
512	827	254	573
513	809	249	560
514	811	256	555
515	822	253	569
516	821	259	562
517	839	264	575
518	850	262	588
519	848	263	585
520	846	267	579
521	847	266	581
522	817	262	555
523	803	256	547
524	835	255	580
525	871	262	609
526	841	266	575
527	832	268	564
528	827	262	565
529	828	252	576
530	820	252	568
531	825	253	572
532	818	265	553
533	789	261	528
534	794	261	533
535	824	263	561
536	788	255	533
537	779	257	522
538	797	262	535
539	791	251	540
540	775	247	528
541	781	265	516
542	769	259	510
543	777	253	524
544	749	254	495
545	769	259	510
546	772	255	517
547	786	248	538
548	779	253	526
549	798	255	543
550	791	257	534
551	757	255	502
552	795	255	540
553	791	255	536
554	762	260	502
555	769	258	511
556	775	254	521
557	793	254	539
558	770	258	512
559	761	256	505
560	767	254	513
561	776	256	520
562	751	263	488
563	762	260	502
564	782	258	524
565	800	250	550
566	777	251	526
567	754	260	494
568	736	252	484
569	774	254	520
570	762	251	511
571	773	256	517
572	778	254	524
573	793	253	540
574	792	259	533
575	784	249	535
576	773	250	523
577	766	251	515
578	760	253	507
579	769	254	515
580	770	252	518
581	795	256	539
582	802	250	552
583	793	251	542
584	779	244	535
585	799	249	550
586	782	250	532
587	789	248	541
588	741	262	479
589	750	262	488
590	766	251	515
591	780	248	532
592	770	257	513
593	772	252	520
594	786	251	535
595	777	260	517
596	773	259	514
597	802	247	555
598	791	245	546
599	799	241	558
600	791	241	550
601	769	239	530
602	786	246	540
603	775	249	526
604	783	253	530
605	806	252	554
606	802	249	553
607	788	260	528
608	801	257	544
609	793	249	544
610	780	242	538
611	794	250	544
612	770	259	511
613	794	249	545
614	797	250	547
615	793	258	535
616	811	251	560
617	828	251	577
618	815	260	555
619	808	262	546
620	826	251	575
621	847	247	600
622	775	249	526
623	767	250	517
624	809	251	558
625	821	254	567
626	822	252	570
627	847	251	596
628	840	241	599
629	850	243	607
630	826	253	573
631	821	255	566
632	838	244	594
633	825	252	573
634	817	267	550
635	867	260	607
636	862	255	607
637	892	253	639
638	858	258	600
639	840	252	588
640	851	246	605
641	862	239	623
642	860	245	615
643	880	245	635
644	907	248	659
645	915	254	661
646	901	256	645
647	871	253	618
648	848	256	592
649	873	257	616
650	896	261	635
651	896	256	640
652	877	250	627
653	873	251	622
654	883	246	637
655	896	247	649
656	883	248	635
657	900	252	648
658	876	245	631
659	916	249	667
660	919	253	666
661	926	252	674
662	925	249	676
663	900	250	650
664	903	256	647
665	933	250	683
666	944	254	690
667	946	259	687
668	945	262	683
669	938	253	685
670	940	252	688
671	969	251	718
672	989	255	734
673	992	255	737
674	974	250	724
675	960	247	713
676	982	244	738
677	987	236	751
678	990	238	752
679	977	248	729
680	968	255	713
681	968	252	716
682	981	254	727
683	1023	257	766
684	1033	251	782
685	1032	249	783
686	1042	248	794
687	1032	252	780
688	1007	254	753
689	1027	256	771
690	1049	252	797
691	1045	256	789
692	1052	257	795
693	1050	249	801
694	1010	259	751
695	1025	255	770
696	1059	256	803
697	1064	260	804
698	1049	260	789
699	1066	258	808
700	1075	260	815
701	1094	253	841
702	1099	244	855
703	1088	255	833
704	1075	265	810
705	1091	262	829
706	1110	259	851
707	1113	255	858
708	1099	254	845
709	1081	251	830
710	1077	252	825
711	1120	251	869
712	1117	257	860
713	1118	259	859
714	1142	240	902
715	1141	242	899
716	1109	244	865
717	1071	249	822
718	1086	258	828
719	1127	246	881
720	1109	245	864
721	1139	253	886
722	1155	255	900
723	1153	251	902
724	1155	255	900
725	1162	262	900
726	1207	254	953
727	1203	241	962
728	1155	248	907
729	1129	266	863
730	1168	260	908
731	1189	248	941
732	1174	253	921
733	1157	254	903
734	1140	260	880
735	1157	246	911
736	1177	236	941
737	1175	246	929
738	1176	261	915
739	1182	260	922
740	1188	263	925
741	1182	252	930
742	1174	249	925
743	1208	253	955
744	1211	263	948
745	1214	262	952
746	1220	258	962
747	1212	258	954
748	1245	264	981
749	1222	267	955
750	1169	263	906
751	1180	257	923
752	1186	246	940
753	1172	247	925
754	1184	252	932
755	1212	251	961
756	1226	255	971
757	1218	259	959
758	1237	258	979
759	1226	250	976
760	1233	243	990
761	1240	253	987
762	1227	254	973
763	1233	263	970
764	1237	251	986
765	1248	254	994
766	1269	260	1009
767	1264	261	1003
768	1221	263	958
769	1224	257	967
770	1220	253	967
771	1233	254	979
772	1217	253	964
773	1256	254	1002
774	1224	258	966
775	1202	260	942
776	1210	263	947
777	1229	253	976
778	1193	247	946
779	1192	250	942
780	1245	252	993
781	1194	249	945
782	1187	259	928
783	1204	258	946
784	1181	260	921
785	1177	248	929
786	1160	239	921
787	1161	249	912
788	1167	263	904
789	1168	250	918
790	1190	250	940
791	1205	252	953
792	1207	241	966
793	1197	242	955
794	1173	247	926
795	1142	249	893
796	1154	262	892
797	1165	259	906
798	1156	252	904
799	1185	257	928
800	1188	256	932
801	1171	262	909
802	1151	268	883
803	1148	264	884
804	1144	263	881
805	1153	251	902
806	1163	245	918
807	1141	247	894
808	1146	258	888
809	1115	255	860
810	1104	249	855
811	1138	260	878
812	1130	256	874
813	1120	252	868
814	1123	262	861
815	1135	262	873
816	1151	255	896
817	1134	259	875
818	1104	266	838
819	1117	263	854
820	1115	256	859
821	1076	252	824
822	1141	255	886
823	1185	264	921
824	1151	264	887
825	1116	245	871
826	1107	250	857
827	1105	246	859
828	1076	251	825
829	1082	259	823
830	1089	258	831
831	1107	256	851
832	1115	252	863
833	1080	247	833
834	1060	248	812
835	1080	260	820
836	1075	254	821
837	1092	248	844
838	1092	254	838
839	1085	256	829
840	1094	254	840
841	1096	253	843
842	1118	258	860
843	1111	252	859
844	1089	249	840
845	1082	245	837
846	1080	247	833
847	1083	252	831
848	1078	253	825
849	1089	250	839
850	1097	264	833
851	1078	260	818
852	1084	249	835
853	1069	247	822
854	1050	263	787
855	1044	251	793
856	1073	262	811
857	1092	262	830
858	1097	254	843
859	1104	250	854
860	1098	255	843
861	1110	251	859
862	1109	244	865
863	1102	250	852
864	1092	265	827
865	1108	260	848
866	1061	257	804
867	1072	255	817
868	1088	253	835
869	1100	256	844
870	1105	249	856
871	1065	250	815
872	1076	263	813
873	1123	260	863
874	1100	254	846
875	1076	250	826
876	1071	250	821
877	1051	247	804
878	1054	243	811
879	1084	253	831
880	1071	261	810
881	1092	265	827
882	1106	262	844
883	1107	255	852
884	1096	257	839
885	1095	259	836
886	1090	258	832
887	1076	248	828
888	1085	241	844
889	1075	246	829
890	1090	261	829
891	1082	266	816
892	1057	259	798
893	1072	246	826
894	1075	247	828
895	1051	247	804
896	1065	254	811
897	1087	250	837
898	1083	255	828
899	1072	243	829
900	1071	238	833
901	1089	240	849
902	1094	247	847
903	1106	250	856
904	1134	245	889
905	1118	243	875
906	1123	252	871
907	1122	259	863
908	1097	255	842
909	1080	255	825
910	1062	259	803
911	1083	243	840
912	1081	248	833
913	1095	255	840
914	1114	257	857
915	1124	253	871
916	1126	248	878
917	1117	251	866
918	1103	258	845
919	1114	256	858
920	1111	256	855
921	1119	256	863
922	1125	247	878
923	1136	251	885
924	1109	257	852
925	1094	253	841
926	1085	253	832
927	1122	244	878
928	1113	241	872
929	1109	248	861
930	1094	249	845
931	1137	242	895
932	1128	245	883
933	1104	248	856
934	1141	253	888
935	1125	263	862
936	1103	266	837
937	1120	258	862
938	1130	250	880
939	1127	239	888
940	1093	248	845
941	1107	257	850
942	1125	260	865
943	1138	255	883
944	1175	257	918
945	1142	260	882
946	1164	255	909
947	1171	254	917
948	1181	245	936
949	1179	254	925
950	1160	256	904
951	1140	252	888
952	1154	256	898
953	1163	246	917
954	1177	240	937
955	1170	248	922
956	1171	237	934
957	1176	246	930
958	1166	261	905
959	1195	256	939
960	1207	247	960
961	1195	248	947
962	1188	249	939
963	1218	259	959
964	1218	266	952
965	1198	248	950
966	1177	253	924
967	1210	259	951
968	1231	241	990
969	1282	262	1020
970	1239	241	998
971	1257	245	1012
972	1250	257	993
973	1233	261	972
974	1223	256	967
975	1261	255	1006
976	1237	257	980
977	1243	244	999
978	1263	244	1019
979	1268	247	1021
980	1257	244	1013
981	1249	247	1002
982	1253	250	1003
983	1265	247	1018
984	1246	254	992
985	1264	246	1018
986	1269	242	1027
987	1322	254	1068
988	1341	257	1084
989	1313	250	1063
990	1304	245	1059
991	1307	248	1059
992	1327	261	1066
993	1322	257	1065
994	1278	255	1023
995	1302	245	1057
996	1348	251	1097
997	1358	256	1102
998	1354	255	1099
999	1368	239	1129
1000	1350	249	1101
1001	1336	246	1090
1002	1322	250	1072
1003	1333	252	1081
1004	1334	245	1089
1005	1346	238	1108
1006	1351	252	1099
1007	1350	253	1097
1008	1353	254	1099
1009	1360	253	1107
1010	1363	251	1112
1011	1390	249	1141
1012	1371	261	1110
1013	1341	262	1079
1014	1380	254	1126
1015	1408	252	1156
1016	1416	249	1167
1017	1389	241	1148
1018	1380	245	1135
1019	1377	250	1127
1020	1396	252	1144
1021	1411	244	1167
1022	1406	258	1148
1023	1448	259	1189
1024	1440	250	1190
1025	1407	243	1164
1026	1385	243	1142
1027	1388	248	1140
1028	1402	256	1146
1029	1408	262	1146
1030	1399	262	1137
1031	1408	255	1153
1032	1434	248	1186
1033	1426	251	1175
1034	1412	252	1160
1035	1450	241	1209
1036	1480	246	1234
1037	1488	258	1230
1038	1470	262	1208
1039	1473	254	1219
1040	1462	243	1219
1041	1456	253	1203
1042	1461	263	1198
1043	1466	250	1216
1044	1505	254	1251
1045	1498	255	1243
1046	1484	252	1232
1047	1496	251	1245
1048	1494	261	1233
1049	1506	265	1241
1050	1487	256	1231
1051	1488	254	1234
1052	1489	255	1234
1053	1490	249	1241
1054	1487	241	1246
1055	1522	252	1270
1056	1497	258	1239
1057	1488	256	1232
1058	1488	259	1229
1059	1487	263	1224
1060	1481	256	1225
1061	1542	262	1280
1062	1512	258	1254
1063	1461	253	1208
1064	1475	251	1224
1065	1513	254	1259
1066	1524	252	1272
1067	1523	242	1281
1068	1530	244	1286
1069	1550	249	1301
1070	1555	251	1304
1071	1543	251	1292
1072	1467	241	1226
1073	1495	240	1255
1074	1467	261	1206
1075	1485	255	1230
1076	1512	245	1267
1077	1529	249	1280
1078	1538	253	1285
1079	1535	257	1278
1080	1546	255	1291
1081	1533	258	1275
1082	1527	256	1271
1083	1556	247	1309
1084	1560	253	1307
1085	1546	264	1282
1086	1510	264	1246
1087	1526	255	1271
1088	1531	252	1279
1089	1546	252	1294
1090	1531	254	1277
1091	1520	256	1264
1092	1503	259	1244
1093	1495	252	1243
1094	1522	252	1270
1095	1518	254	1264
1096	1559	262	1297
1097	1568	259	1309
1098	1514	261	1253
1099	1532	253	1279
1100	1527	254	1273
1101	1506	249	1257
1102	1497	239	1258
1103	1489	248	1241
1104	1486	257	1229
1105	1489	258	1231
1106	1494	264	1230
1107	1498	258	1240
1108	1477	242	1235
1109	1497	245	1252
1110	1497	257	1240
1111	1483	250	1233
1112	1479	254	1225
1113	1472	248	1224
1114	1430	252	1178
1115	1470	254	1216
1116	1455	243	1212
1117	1390	242	1148
1118	1443	243	1200
1119	1482	249	1233
1120	1456	248	1208
1121	1461	244	1217
1122	1467	251	1216
1123	1447	251	1196
1124	1456	260	1196
1125	1457	260	1197
1126	1455	252	1203
1127	1445	250	1195
1128	1425	248	1177
1129	1435	251	1184
1130	1461	253	1208
1131	1466	256	1210
1132	1427	252	1175
1133	1452	255	1197
1134	1423	256	1167
1135	1404	251	1153
1136	1430	247	1183
1137	1441	252	1189
1138	1446	259	1187
1139	1449	251	1198
1140	1410	252	1158
1141	1438	250	1188
1142	1439	251	1188
1143	1435	255	1180
1144	1394	257	1137
1145	1365	254	1111
1146	1404	249	1155
1147	1419	254	1165
1148	1376	253	1123
1149	1403	245	1158
1150	1397	251	1146
1151	1393	252	1141
1152	1374	254	1120
1153	1352	255	1097
1154	1363	256	1107
1155	1345	252	1093
1156	1335	253	1082
1157	1346	255	1091
1158	1345	256	1089
1159	1356	258	1098
1160	1357	250	1107
1161	1367	252	1115
1162	1352	250	1102
1163	1337	255	1082
1164	1370	256	1114
1165	1392	250	1142
1166	1344	259	1085
1167	1375	264	1111
1168	1384	261	1123
1169	1370	255	1115
1170	1325	250	1075
1171	1351	243	1108
1172	1350	246	1104
1173	1301	251	1050
1174	1314	261	1053
1175	1351	265	1086
1176	1356	261	1095
1177	1355	253	1102
1178	1347	252	1095
1179	1356	251	1105
1180	1315	256	1059
1181	1313	252	1061
1182	1340	244	1096
1183	1337	242	1095
1184	1354	253	1101
1185	1367	244	1123
1186	1367	236	1131
1187	1336	243	1093
1188	1337	244	1093
1189	1345	228	1117
1190	1302	244	1058
1191	1306	259	1047
1192	1315	251	1064
1193	1285	252	1033
1194	1259	246	1013
1195	1290	242	1048
1196	1285	241	1044
1197	1285	249	1036
1198	1277	244	1033
1199	1253	255	998
1200	1295	263	1032
1201	1296	254	1042
1202	1275	254	1021
1203	1298	259	1039
1204	1280	261	1019
1205	1250	253	997
1206	1268	249	1019
1207	1304	256	1048
1208	1289	251	1038
1209	1265	242	1023
1210	1284	241	1043
1211	1330	243	1087
1212	1326	251	1075
1213	1282	254	1028
1214	1292	254	1038
1215	1304	254	1050
1216	1288	252	1036
1217	1289	247	1042
1218	1294	252	1042
1219	1282	252	1030
1220	1254	252	1002
1221	1253	257	996
1222	1238	254	984
1223	1248	252	996
1224	1306	258	1048
1225	1257	267	990
1226	1248	254	994
1227	1260	254	1006
1228	1282	260	1022
1229	1281	253	1028
1230	1279	250	1029
1231	1265	254	1011
1232	1255	257	998
1233	1263	256	1007
1234	1260	257	1003
1235	1245	253	992
1236	1224	251	973
1237	1232	246	986
1238	1247	249	998
1239	1289	253	1036
1240	1288	251	1037
1241	1261	246	1015
1242	1232	240	992
1243	1257	247	1010
1244	1262	260	1002
1245	1262	255	1007
1246	1275	248	1027
1247	1265	257	1008
1248	1246	259	987
1249	1230	259	971
1250	1209	253	956
1251	1241	243	998
1252	1296	251	1045
1253	1291	249	1042
1254	1269	243	1026
1255	1314	246	1068
1256	1304	257	1047
1257	1276	261	1015
1258	1265	248	1017
1259	1268	250	1018
1260	1265	259	1006
1261	1277	262	1015
1262	1284	255	1029
1263	1312	255	1057
1264	1316	255	1061
1265	1295	247	1048
1266	1275	257	1018
1267	1277	263	1014
1268	1273	248	1025
1269	1289	247	1042
1270	1268	259	1009
1271	1276	255	1021
1272	1319	250	1069
1273	1324	257	1067
1274	1293	245	1048
1275	1300	248	1052
1276	1325	260	1065
1277	1310	245	1065
1278	1286	251	1035
1279	1314	257	1057
1280	1300	252	1048
1281	1282	252	1030
1282	1318	251	1067
1283	1345	249	1096
1284	1329	242	1087
1285	1298	251	1047
1286	1286	251	1035
1287	1302	251	1051
1288	1315	252	1063
1289	1325	246	1079
1290	1304	242	1062
1291	1331	241	1090
1292	1342	246	1096
1293	1370	249	1121
1294	1353	240	1113
1295	1319	253	1066
1296	1315	252	1063
1297	1327	248	1079
1298	1319	254	1065
1299	1314	260	1054
1300	1341	247	1094
1301	1378	250	1128
1302	1364	248	1116
1303	1374	240	1134
1304	1373	244	1129
1305	1387	251	1136
1306	1372	248	1124
1307	1392	248	1144
1308	1399	251	1148
1309	1396	250	1146
1310	1379	259	1120
1311	1372	257	1115
1312	1419	253	1166
1313	1421	246	1175
1314	1418	250	1168
1315	1440	255	1185
1316	1414	253	1161
1317	1415	246	1169
1318	1439	255	1184
1319	1436	249	1187
1320	1412	249	1163
1321	1400	256	1144
1322	1395	251	1144
1323	1420	260	1160
1324	1425	264	1161
1325	1448	252	1196
1326	1446	240	1206
1327	1464	238	1226
1328	1470	246	1224
1329	1466	250	1216
1330	1447	250	1197
1331	1426	250	1176
1332	1410	252	1158
1333	1418	252	1166
1334	1419	254	1165
1335	1486	255	1231
1336	1486	254	1232
1337	1461	257	1204
1338	1456	258	1198
1339	1509	250	1259
1340	1497	249	1248
1341	1455	248	1207
1342	1456	248	1208
1343	1523	243	1280
1344	1502	245	1257
1345	1460	246	1214
1346	1488	248	1240
1347	1519	246	1273
1348	1524	244	1280
1349	1526	237	1289
1350	1529	240	1289
1351	1566	253	1313
1352	1568	261	1307
1353	1562	252	1310
1354	1541	249	1292
1355	1553	254	1299
1356	1535	256	1279
1357	1567	253	1314
1358	1544	246	1298
1359	1526	239	1287
1360	1556	249	1307
1361	1571	260	1311
1362	1572	263	1309
1363	1589	251	1338
1364	1593	246	1347
1365	1575	254	1321
1366	1521	259	1262
1367	1512	256	1256
1368	1538	255	1283
1369	1606	253	1353
1370	1612	252	1360
1371	1590	246	1344
1372	1604	250	1354
1373	1595	253	1342
1374	1616	253	1363
1375	1624	248	1376
1376	1599	254	1345
1377	1562	253	1309
1378	1586	250	1336
1379	1669	249	1420
1380	1641	255	1386
1381	1629	250	1379
1382	1620	248	1372
1383	1623	251	1372
1384	1607	246	1361
1385	1656	252	1404
1386	1666	252	1414
1387	1611	242	1369
1388	1612	245	1367
1389	1637	251	1386
1390	1648	249	1399
1391	1642	244	1398
1392	1639	253	1386
1393	1638	250	1388
1394	1646	253	1393
1395	1641	254	1387
1396	1640	254	1386
1397	1641	256	1385
1398	1618	250	1368
1399	1640	244	1396
1400	1659	240	1419
1401	1659	243	1416
1402	1659	248	1411
1403	1640	248	1392
1404	1683	245	1438
1405	1677	249	1428
1406	1654	261	1393
1407	1658	253	1405
1408	1683	244	1439
1409	1698	249	1449
1410	1688	248	1440
1411	1708	239	1469
1412	1694	243	1451
1413	1681	250	1431
1414	1671	259	1412
1415	1686	260	1426
1416	1669	252	1417
1417	1661	243	1418
1418	1680	245	1435
1419	1713	244	1469
1420	1721	243	1478
1421	1713	242	1471
1422	1713	241	1472
1423	1704	245	1459
1424	1678	241	1437
1425	1704	236	1468
1426	1743	236	1507
1427	1714	246	1468
1428	1678	246	1432
1429	1690	247	1443
1430	1719	241	1478
1431	1735	238	1497
1432	1702	242	1460
1433	1691	239	1452
1434	1722	239	1483
1435	1768	250	1518
1436	1740	257	1483
1437	1704	250	1454
1438	1709	248	1461
1439	1699	253	1446
1440	1686	251	1435
1441	1722	252	1470
1442	1756	257	1499
1443	1741	248	1493
1444	1727	245	1482
1445	1694	255	1439
1446	1659	254	1405
1447	1695	253	1442
1448	1712	254	1458
1449	1721	257	1464
1450	1703	259	1444
1451	1714	256	1458
1452	1703	250	1453
1453	1705	254	1451
1454	1722	253	1469
1455	1697	250	1447
1456	1648	256	1392
1457	1696	254	1442
1458	1734	257	1477
1459	1732	247	1485
1460	1709	252	1457
1461	1710	243	1467
1462	1675	246	1429
1463	1703	252	1451
1464	1755	258	1497
1465	1701	257	1444
1466	1693	246	1447
1467	1692	241	1451
1468	1684	252	1432
1469	1681	249	1432
1470	1690	251	1439
1471	1701	243	1458
1472	1675	245	1430
1473	1673	257	1416
1474	1682	254	1428
1475	1702	247	1455
1476	1747	242	1505
1477	1695	243	1452
1478	1674	242	1432
1479	1662	236	1426
1480	1647	242	1405
1481	1673	248	1425
1482	1639	250	1389
1483	1644	241	1403
1484	1619	247	1372
1485	1638	243	1395
1486	1646	243	1403
1487	1644	244	1400
1488	1654	249	1405
1489	1625	250	1375
1490	1640	252	1388
1491	1649	249	1400
1492	1630	244	1386
1493	1598	244	1354
1494	1639	254	1385
1495	1640	259	1381
1496	1615	250	1365
1497	1628	253	1375
1498	1629	254	1375
1499	1616	247	1369
1500	1636	246	1390
1501	1655	248	1407
1502	1648	250	1398
1503	1652	248	1404
1504	1608	244	1364
1505	1597	253	1344
1506	1562	255	1307
1507	1563	246	1317
1508	1580	247	1333
1509	1555	258	1297
1510	1555	258	1297
1511	1556	254	1302
1512	1545	250	1295
1513	1527	242	1285
1514	1542	241	1301
1515	1557	239	1318
1516	1551	250	1301
1517	1550	251	1299
1518	1557	250	1307
1519	1555	247	1308
1520	1529	243	1286
1521	1547	243	1304
1522	1532	248	1284
1523	1488	245	1243
1524	1508	238	1270
1525	1555	239	1316
1526	1536	254	1282
1527	1510	258	1252
1528	1492	252	1240
1529	1461	242	1219
1530	1464	243	1221
1531	1493	247	1246
1532	1529	253	1276
1533	1520	245	1275
1534	1516	249	1267
1535	1485	250	1235
1536	1512	246	1266
1537	1508	243	1265
1538	1488	239	1249
1539	1466	252	1214
1540	1443	251	1192
1541	1445	238	1207
1542	1445	244	1201
1543	1424	243	1181
1544	1425	248	1177
1545	1469	250	1219
1546	1495	247	1248
1547	1479	245	1234
1548	1471	241	1230
1549	1448	245	1203
1550	1440	253	1187
1551	1452	260	1192
1552	1466	252	1214
1553	1453	253	1200
1554	1418	249	1169
1555	1419	254	1165
1556	1415	241	1174
1557	1397	244	1153
1558	1426	251	1175
1559	1421	242	1179
1560	1368	255	1113
1561	1397	256	1141
1562	1421	242	1179
1563	1403	240	1163
1564	1409	244	1165
1565	1400	248	1152
1566	1336	253	1083
1567	1351	243	1108
1568	1366	247	1119
1569	1405	248	1157
1570	1399	243	1156
1571	1372	241	1131
1572	1365	248	1117
1573	1349	252	1097
1574	1336	255	1081
1575	1347	244	1103
1576	1318	244	1074
1577	1306	242	1064
1578	1325	252	1073
1579	1347	252	1095
1580	1319	257	1062
1581	1358	258	1100
1582	1357	254	1103
1583	1345	239	1106
1584	1283	238	1045
1585	1262	247	1015
1586	1295	248	1047
1587	1290	248	1042
1588	1286	241	1045
1589	1341	238	1103
1590	1316	251	1065
1591	1315	250	1065
1592	1330	248	1082
1593	1315	247	1068
1594	1261	246	1015
1595	1273	242	1031
1596	1286	235	1051
1597	1287	240	1047
1598	1284	251	1033
1599	1290	247	1043
1600	1251	249	1002
1601	1267	249	1018
1602	1241	243	998
1603	1249	242	1007
1604	1270	240	1030
1605	1282	238	1044
1606	1292	249	1043
1607	1252	251	1001
1608	1248	247	1001
1609	1295	251	1044
1610	1287	242	1045
1611	1243	243	1000
1612	1242	249	993
1613	1218	253	965
1614	1228	259	969
1615	1243	247	996
1616	1218	244	974
1617	1213	254	959
1618	1219	249	970
1619	1253	255	998
1620	1219	248	971
1621	1179	242	937
1622	1165	249	916
1623	1210	254	956
1624	1172	248	924
1625	1184	250	934
1626	1191	262	929
1627	1179	266	913
1628	1182	248	934
1629	1150	239	911
1630	1160	246	914
1631	1201	247	954
1632	1221	239	982
1633	1195	236	959
1634	1184	245	939
1635	1161	247	914
1636	1154	241	913
1637	1185	247	938
1638	1147	243	904
1639	1142	234	908
1640	1155	246	909
1641	1179	253	926
1642	1182	244	938
1643	1166	248	918
1644	1154	261	893
1645	1163	248	915
1646	1145	242	903
1647	1143	254	889
1648	1132	244	888
1649	1135	240	895
1650	1102	244	858
1651	1122	256	866
1652	1146	251	895
1653	1169	249	920
1654	1150	251	899
1655	1134	250	884
1656	1135	250	885
1657	1155	248	907
1658	1109	247	862
1659	1083	238	845
1660	1110	237	873
1661	1107	237	870
1662	1073	253	820
1663	1104	250	854
1664	1123	239	884
1665	1135	242	893
1666	1123	249	874
1667	1139	244	895
1668	1138	249	889
1669	1106	253	853
1670	1091	250	841
1671	1105	251	854
1672	1102	251	851
1673	1137	251	886
1674	1104	259	845
1675	1050	256	794
1676	1072	252	820
1677	1100	240	860
1678	1080	248	832
1679	1100	260	840
1680	1070	253	817
1681	1050	248	802
1682	1082	251	831
1683	1073	247	826
1684	1128	252	876
1685	1115	250	865
1686	1068	251	817
1687	1077	245	832
1688	1078	237	841
1689	1077	245	832
1690	1048	254	794
1691	1057	248	809
1692	1070	250	820
1693	1077	248	829
1694	1066	248	818
1695	1064	245	819
1696	1086	251	835
1697	1073	254	819
1698	1065	247	818
1699	1084	244	840
1700	1090	255	835
1701	1073	249	824
1702	1052	243	809
1703	1070	245	825
1704	1076	251	825
1705	1080	252	828
1706	1067	250	817
1707	1082	244	838
1708	1084	240	844
1709	1100	240	860
1710	1064	236	828
1711	1054	246	808
1712	1086	249	837
1713	1077	251	826
1714	1066	254	812
1715	1047	242	805
1716	1056	247	809
1717	1070	247	823
1718	1037	258	779
1719	1030	256	774
1720	1048	253	795
1721	1076	255	821
1722	1074	257	817
1723	1085	245	840
1724	1055	251	804
1725	1067	245	822
1726	1040	239	801
1727	1038	241	797
1728	1040	247	793
1729	1032	239	793
1730	1022	235	787
1731	1040	237	803
1732	1065	241	824
1733	1065	239	826
1734	1085	250	835
1735	1064	243	821
1736	1026	246	780
1737	1055	243	812
1738	1085	243	842
1739	1067	257	810
1740	1033	249	784
1741	1053	250	803
1742	1073	253	820
1743	1064	251	813
1744	1046	245	801
1745	1041	237	804
1746	1007	231	776
1747	1029	242	787
1748	1047	251	796
1749	1052	251	801
1750	1018	252	766
1751	1043	248	795
1752	1060	247	813
1753	1071	253	818
1754	1033	258	775
1755	1070	255	815
1756	1054	254	800
1757	1034	244	790
1758	1034	240	794
1759	1057	248	809
1760	1056	257	799
1761	1062	251	811
1762	1056	244	812
1763	1060	246	814
1764	1024	244	780
1765	1010	244	766
1766	1063	245	818
1767	1040	245	795
1768	1041	255	786
1769	1060	249	811
1770	1007	240	767
1771	1014	245	769
1772	1031	244	787
1773	1049	241	808
1774	1048	247	801
1775	1044	251	793
1776	1050	252	798
1777	1023	248	775
1778	1021	255	766
1779	1055	255	800
1780	1046	255	791
1781	1059	249	810
1782	1031	248	783
1783	1020	248	772
1784	1012	244	768
1785	1035	239	796
1786	1050	243	807
1787	1054	251	803
1788	1059	247	812
1789	1060	244	816
1790	1045	241	804
1791	1066	243	823
1792	1037	243	794
1793	1047	238	809
1794	1019	244	775
1795	1035	250	785
1796	1052	254	798
1797	1063	247	816
1798	1078	251	827
1799	1036	264	772
1800	1049	251	798
1801	1047	236	811
1802	1008	241	767
1803	1061	247	814
1804	1090	249	841
1805	1065	245	820
1806	1047	248	799
1807	1015	247	768
1808	1043	248	795
1809	1075	245	830
1810	1037	237	800
1811	1065	243	822
1812	1069	243	826
1813	1059	241	818
1814	1070	237	833
1815	1080	239	841
1816	1066	253	813
1817	1044	258	786
1818	1045	249	796
1819	1048	238	810
1820	1043	243	800
1821	1067	252	815
1822	1038	251	787
1823	1048	256	792
1824	1088	259	829
1825	1099	253	846
1826	1045	252	793
1827	1053	246	807
1828	1086	245	841
1829	1078	251	827
1830	1092	247	845
1831	1091	251	840
1832	1063	251	812
1833	1070	244	826
1834	1067	253	814
1835	1061	253	808
1836	1061	249	812
1837	1088	252	836
1838	1095	253	842
1839	1087	253	834
1840	1034	248	786
1841	1056	245	811
1842	1057	245	812
1843	1062	255	807
1844	1057	255	802
1845	1090	254	836
1846	1104	248	856
1847	1049	243	806
1848	1043	252	791
1849	1087	248	839
1850	1099	247	852
1851	1069	257	812
1852	1063	250	813
1853	1080	245	835
1854	1073	254	819
1855	1102	254	848
1856	1112	263	849
1857	1069	255	814
1858	1059	249	810
1859	1076	243	833
1860	1045	233	812
1861	1094	235	859
1862	1105	250	855
1863	1044	256	788
1864	1042	258	784
1865	1070	252	818
1866	1082	249	833
1867	1093	244	849
1868	1058	240	818
1869	1058	250	808
1870	1065	265	800
1871	1026	257	769
1872	1062	259	803
1873	1053	253	800
1874	1075	243	832
1875	1072	247	825
1876	1055	259	796
1877	1048	248	800
1878	1055	249	806
1879	1048	256	792
1880	1057	249	808
1881	1071	244	827
1882	1074	252	822
1883	1080	246	834
1884	1020	239	781
1885	1049	240	809
1886	1065	244	821
1887	1063	245	818
1888	1103	241	862
1889	1079	239	840
1890	1075	232	843
1891	1094	245	849
1892	1086	241	845
1893	1062	245	817
1894	1079	262	817
1895	1076	251	825
1896	1084	237	847
1897	1093	239	854
1898	1068	249	819
1899	1057	245	812
1900	1052	249	803
1901	1081	245	836
1902	1067	246	821
1903	1054	246	808
1904	1094	245	849
1905	1091	237	854
1906	1094	238	856
1907	1061	249	812
1908	1058	241	817
1909	1045	238	807
1910	1075	243	832
1911	1086	246	840
1912	1068	247	821
1913	1056	249	807
1914	1071	246	825
1915	1087	238	849
1916	1062	244	818
1917	1072	248	824
1918	1067	251	816
1919	1058	248	810
1920	1058	251	807
1921	1052	254	798
1922	1021	254	767
1923	1027	246	781
1924	1054	242	812
1925	1046	245	801
1926	1039	232	807
1927	1048	228	820
1928	1059	233	826
1929	1056	252	804
1930	1044	249	795
1931	1045	240	805
1932	1029	238	791
1933	1048	232	816
1934	1051	236	815
1935	1061	235	826
1936	1029	240	789
1937	1044	251	793
1938	1054	251	803
1939	1033	250	783
1940	1041	241	800
1941	1045	238	807
1942	1041	251	790
1943	1047	254	793
1944	1061	250	811
1945	1050	251	799
1946	1027	240	787
1947	1032	244	788
1948	1057	245	812
1949	1039	247	792
1950	997	254	743
1951	1023	234	789
1952	1032	237	795
1953	1024	251	773
1954	1044	252	792
1955	1030	253	777
1956	1028	255	773
1957	1012	247	765
1958	1012	243	769
1959	1007	246	761
1960	952	253	699
1961	966	254	712
1962	1007	250	757
1963	984	245	739
1964	987	249	738
1965	1016	241	775
1966	1001	238	763
1967	1008	241	767
1968	986	239	747
1969	1046	253	793
1970	1014	239	775
1971	985	247	738
1972	960	250	710
1973	968	254	714
1974	987	248	739
1975	997	246	751
1976	990	243	747
1977	972	250	722
1978	968	251	717
1979	994	245	749
1980	973	245	728
1981	956	250	706
1982	984	243	741
1983	944	245	699
1984	910	247	663
1985	937	251	686
1986	958	255	703
1987	979	242	737
1988	961	236	725
1989	970	239	731
1990	991	247	744
1991	973	246	727
1992	956	238	718
1993	965	245	720
1994	935	251	684
1995	943	248	695
1996	945	247	698
1997	951	255	696
1998	954	257	697
1999	940	243	697
2000	942	247	695
2001	963	246	717
2002	966	249	717
2003	961	244	717
2004	953	237	716
2005	923	243	680
2006	894	252	642
2007	914	244	670
2008	908	244	664
2009	906	249	657
2010	916	245	671
2011	922	238	684
2012	899	258	641
2013	918	254	664
2014	897	240	657
2015	889	245	644
2016	905	247	658
2017	919	240	679
2018	858	254	604
2019	854	266	588
2020	912	250	662
2021	941	243	698
2022	892	250	642
2023	883	250	633
2024	896	246	650
2025	888	249	639
2026	873	249	624
2027	861	249	612
2028	857	248	609
2029	904	253	651
2030	913	251	662
2031	899	244	655
2032	884	244	640
2033	898	242	656
2034	895	242	653
2035	876	247	629
2036	889	245	644
2037	889	247	642
2038	892	248	644
2039	910	243	667
2040	886	248	638
2041	866	245	621
2042	878	249	629
2043	882	252	630
2044	877	252	625
2045	887	243	644
2046	868	240	628
2047	857	248	609
2048	844	244	600
2049	841	236	605
2050	872	251	621
2051	866	252	614
2052	854	247	607
2053	880	241	639
2054	901	246	655
2055	898	242	656
2056	858	245	613
2057	863	246	617
2058	859	247	612
2059	865	255	610
2060	854	250	604
2061	847	246	601
2062	866	242	624
2063	836	244	592
2064	808	250	558
2065	859	249	610
2066	861	248	613
2067	852	247	605
2068	857	245	612
2069	856	248	608
2070	831	240	591
2071	828	244	584
2072	830	249	581
2073	845	245	600
2074	824	244	580
2075	828	242	586
2076	834	247	587
2077	836	247	589
2078	827	242	585
2079	807	247	560
2080	800	242	558
2081	811	241	570
2082	809	247	562
2083	802	245	557
2084	816	239	577
2085	833	247	586
2086	834	247	587
2087	809	244	565
2088	809	248	561
2089	806	254	552
2090	797	253	544
2091	848	243	605
2092	808	237	571
2093	781	237	544
2094	809	236	573
2095	830	242	588
2096	823	252	571
2097	808	250	558
2098	818	248	570
2099	841	241	600
2100	826	245	581
2101	796	255	541
2102	792	255	537
2103	787	253	534
2104	793	245	548
2105	770	249	521
2106	780	239	541
2107	798	240	558
2108	776	252	524
2109	808	247	561
2110	806	240	566
2111	792	244	548
2112	799	248	551
2113	808	242	566
2114	788	251	537
2115	782	245	537
2116	762	244	518
2117	809	251	558
2118	788	248	540
2119	766	242	524
2120	767	244	523
2121	796	252	544
2122	796	257	539
2123	767	253	514
2124	768	250	518
2125	773	250	523
2126	764	244	520
2127	789	246	543
2128	798	243	555
2129	783	242	541
2130	770	249	521
2131	757	245	512
2132	763	246	517
2133	743	246	497
2134	754	247	507
2135	772	240	532
2136	755	247	508
2137	753	250	503
2138	728	249	479
2139	731	241	490
2140	728	252	476
2141	739	259	480
2142	734	240	494
2143	758	237	521
2144	752	248	504
2145	746	243	503
2146	728	256	472
2147	748	261	487
2148	742	254	488
2149	729	243	486
2150	756	249	507
2151	730	256	474
2152	719	254	465
2153	719	245	474
2154	699	247	452
2155	711	256	455
2156	709	252	457
2157	738	243	495
2158	746	245	501
2159	734	242	492
2160	730	244	486
2161	720	245	475
2162	702	244	458
2163	703	249	454
2164	699	245	454
2165	733	246	487
2166	719	247	472
2167	685	241	444
2168	684	240	444
2169	725	245	480
2170	731	248	483
2171	719	246	473
2172	710	254	456
2173	715	248	467
2174	700	245	455
2175	674	245	429
2176	680	244	436
2177	705	246	459
2178	712	249	463
2179	713	255	458
2180	681	255	426
2181	684	253	431
2182	700	245	455
2183	714	237	477
2184	680	242	438
2185	665	243	422
2186	696	243	453
2187	729	247	482
2188	685	252	433
2189	695	253	442
2190	707	246	461
2191	673	238	435
2192	660	242	418
2193	701	246	455
2194	707	234	473
2195	685	241	444
2196	679	249	430
2197	695	243	452
2198	703	248	455
2199	685	246	439
2200	650	252	398
2201	659	252	407
2202	684	246	438
2203	683	242	441
2204	685	238	447
2205	693	244	449
2206	675	241	434
2207	671	239	432
2208	668	258	410
2209	658	256	402
2210	675	253	422
2211	675	247	428
2212	644	250	394
2213	655	251	404
2214	670	246	424
2215	678	259	419
2216	673	255	418
2217	649	243	406
2218	656	247	409
2219	697	253	444
2220	688	245	443
2221	678	245	433
2222	664	248	416
2223	684	242	442
2224	658	240	418
2225	641	238	403
2226	649	237	412
2227	655	242	413
2228	669	245	424
2229	676	253	423
2230	668	259	409
2231	651	259	392
2232	648	246	402
2233	669	246	423
2234	648	246	402
2235	638	244	394
2236	629	248	381
2237	658	242	416
2238	674	243	431
2239	660	244	416
2240	636	245	391
2241	646	239	407
2242	633	247	386
2243	635	249	386
2244	640	251	389
2245	668	244	424
2246	688	240	448
2247	649	239	410
2248	624	244	380
2249	651	248	403
2250	671	250	421
2251	639	238	401
2252	632	245	387
2253	635	250	385
2254	615	245	370
2255	641	238	403
2256	641	247	394
2257	642	245	397
2258	621	247	374
2259	647	248	399
2260	663	252	411
2261	652	254	398
2262	624	246	378
2263	653	244	409
2264	647	249	398
2265	643	245	398
2266	651	249	402
2267	661	247	414
2268	622	245	377
2269	617	248	369
2270	642	242	400
2271	631	246	385
2272	605	244	361
2273	635	235	400
2274	657	246	411
2275	668	257	411
2276	660	246	414
2277	653	246	407
2278	623	249	374
2279	621	246	375
2280	639	241	398
2281	644	245	399
2282	601	250	351
2283	612	246	366
2284	592	244	348
2285	616	248	368
2286	636	240	396
2287	609	231	378
2288	594	232	362
2289	639	239	400
2290	640	245	395
2291	636	249	387
2292	611	258	353
2293	640	253	387
2294	648	239	409
2295	622	230	392
2296	625	240	385
2297	638	239	399
2298	649	242	407
2299	655	246	409
2300	636	252	384
2301	635	250	385
2302	617	251	366
2303	645	259	386
2304	639	257	382
2305	632	248	384
2306	628	264	364
2307	648	254	394
2308	644	249	395
2309	645	246	399
2310	661	237	424
2311	643	241	402
2312	613	246	367
2313	660	244	416
2314	650	244	406
2315	642	248	394
2316	622	244	378
2317	617	246	371
2318	640	247	393
2319	632	249	383
2320	612	241	371
2321	614	244	370
2322	613	245	368
2323	598	243	355
2324	602	241	361
2325	633	242	391
2326	603	245	358
2327	590	247	343
2328	623	241	382
2329	643	245	398
2330	649	257	392
2331	623	247	376
2332	614	252	362
2333	605	247	358
2334	621	237	384
2335	637	241	396
2336	612	238	374
2337	603	247	356
2338	608	252	356
2339	595	245	350
2340	589	245	344
2341	625	241	384
2342	621	241	380
2343	589	241	348
2344	597	241	356
2345	611	235	376
2346	612	242	370
2347	617	245	372
2348	596	256	340
2349	597	252	345
2350	593	247	346
2351	592	247	345
2352	597	237	360
2353	608	240	368
2354	604	242	362
2355	602	237	365
2356	598	246	352
2357	632	244	388
2358	618	237	381
2359	627	240	387
2360	641	244	397
2361	630	239	391
2362	639	249	390
2363	632	248	384
2364	621	243	378
2365	607	242	365
2366	607	247	360
2367	618	246	372
2368	606	234	372
2369	613	231	382
2370	626	227	399
2371	622	239	383
2372	622	239	383
2373	602	236	366
2374	609	233	376
2375	641	238	403
2376	627	243	384
2377	637	244	393
2378	636	244	392
2379	653	242	411
2380	644	246	398
2381	613	250	363
2382	602	247	355
2383	589	241	348
2384	602	243	359
2385	641	244	397
2386	634	245	389
2387	620	249	371
2388	613	250	363
2389	611	240	371
2390	626	242	384
2391	621	251	370
2392	625	248	377
2393	620	247	373
2394	607	242	365
2395	612	249	363
2396	601	239	362
2397	609	240	369
2398	597	255	342
2399	603	245	358
2400	622	238	384
2401	617	236	381
2402	583	234	349
2403	600	242	358
2404	619	249	370
2405	605	246	359
2406	588	253	335
2407	621	248	373
2408	635	249	386
2409	638	241	397
2410	627	240	387
2411	654	247	407
2412	627	249	378
2413	591	237	354
2414	621	234	387
2415	618	239	379
2416	596	240	356
2417	608	234	374
2418	598	237	361
2419	611	247	364
2420	601	239	362
2421	582	239	343
2422	593	247	346
2423	591	245	346
2424	583	244	339
2425	602	253	349
2426	608	240	368
2427	631	234	397
2428	613	244	369
2429	609	248	361
2430	616	244	372
2431	587	245	342
2432	593	239	354
2433	610	250	360
2434	608	247	361
2435	612	233	379
2436	631	238	393
2437	621	239	382
2438	620	241	379
2439	607	250	357
2440	587	255	332
2441	592	249	343
2442	587	253	334
2443	592	252	340
2444	609	249	360
2445	649	242	407
2446	638	238	400
2447	607	238	369
2448	587	247	340
2449	582	246	336
2450	580	256	324
2451	612	252	360
2452	605	249	356
2453	595	251	344
2454	595	242	353
2455	600	245	355
2456	588	250	338
2457	586	245	341
2458	614	245	369
2459	607	243	364
2460	583	243	340
2461	590	241	349
2462	586	237	349
2463	586	237	349
2464	563	246	317
2465	617	245	372
2466	609	247	362
2467	590	248	342
2468	608	238	370
2469	606	242	364
2470	614	247	367
2471	616	238	378
2472	597	231	366
2473	610	246	364
2474	607	247	360
2475	606	239	367
2476	604	250	354
2477	605	245	360
2478	587	241	346
2479	588	251	337
2480	590	252	338
2481	564	247	317
2482	560	240	320
2483	587	230	357
2484	604	244	360
2485	604	246	358
2486	581	241	340
2487	597	242	355
2488	590	249	341
2489	588	252	336
2490	590	241	349
2491	594	238	356
2492	582	250	332
2493	596	251	345
2494	598	251	347
2495	577	243	334
2496	571	240	331
2497	609	240	369
2498	602	243	359
2499	563	238	325
2500	563	245	318
2501	572	244	328
2502	573	236	337
2503	579	236	343
2504	567	240	327
2505	575	232	343
2506	561	242	319
2507	541	244	297
2508	535	245	290
2509	576	236	340
2510	588	239	349
2511	590	247	343
2512	598	247	351
2513	594	250	344
2514	588	245	343
2515	549	232	317
2516	556	235	321
2517	565	245	320
2518	577	252	325
2519	574	247	327
2520	561	244	317
2521	572	248	324
2522	544	248	296
2523	553	246	307
2524	549	252	297
2525	546	246	300
2526	546	244	302
2527	544	246	298
2528	536	245	291
2529	541	243	298
2530	548	240	308
2531	538	245	293
2532	532	248	284
2533	525	242	283
2534	527	244	283
2535	542	245	297
2536	539	238	301
2537	557	236	321
2538	535	249	286
2539	519	244	275
2540	517	237	280
2541	531	239	292
2542	507	247	260
2543	492	242	250
2544	492	246	246
2545	494	239	255
2546	523	237	286
2547	535	240	295
2548	526	248	278
2549	511	251	260
2550	483	243	240
2551	505	245	260
2552	482	246	236
2553	496	240	256
2554	495	238	257
2555	488	243	245
2556	477	249	228
2557	482	247	235
2558	477	246	231
2559	461	242	219
2560	470	253	217
2561	459	257	202
2562	439	242	197
2563	468	239	229
2564	471	247	224
2565	432	244	188
2566	446	246	200
2567	445	242	203
2568	438	233	205
2569	466	241	225
2570	474	239	235
2571	458	232	226
2572	449	246	203
2573	448	243	205
2574	445	243	202
2575	432	244	188
2576	421	247	174
2577	428	243	185
2578	418	244	174
2579	385	245	140
2580	424	245	179
2581	428	248	180
2582	403	255	148
2583	395	243	152
2584	402	241	161
2585	400	241	159
2586	406	237	169
2587	410	243	167
2588	404	241	163
2589	400	238	162
2590	395	240	155
2591	383	243	140
2592	381	243	138
2593	377	233	144
2594	386	234	152
2595	376	245	131
2596	352	244	108
2597	374	241	133
2598	380	245	135
2599	355	245	110
2600	338	239	99
2601	359	237	122
2602	362	243	119
2603	409	242	167
2604	383	247	136
2605	342	242	100
2606	348	241	107
2607	373	236	137
2608	365	239	126
2609	342	238	104
2610	342	239	103
2611	337	232	105
2612	333	235	98
2613	366	226	140
2614	349	225	124
2615	336	229	107
2616	353	230	123
2617	345	231	114
2618	330	237	93
2619	361	242	119
2620	345	236	109
2621	353	232	121
2622	366	235	131
2623	369	236	133
2624	347	233	114
2625	324	236	88
2626	323	247	76
2627	358	248	110
2628	363	244	119
2629	339	237	102
2630	334	251	83
2631	352	253	99
2632	348	251	97
2633	311	241	70
2634	308	226	82
2635	323	233	90
2636	303	253	50
2637	328	252	76
2638	319	246	73
2639	311	242	69
2640	329	242	87
2641	317	238	79
2642	303	241	62
2643	325	241	84
2644	322	241	81
2645	323	237	86
2646	286	248	38
2647	291	255	36
2648	309	234	75
2649	320	239	81
2650	310	250	60
2651	306	245	61
2652	313	239	74
2653	327	243	84
2654	315	242	73
2655	336	250	86
2656	305	251	54
2657	307	248	59
2658	329	241	88
2659	326	236	90
2660	311	238	73
2661	315	242	73
2662	307	246	61
2663	298	245	53
2664	306	240	66
2665	309	234	75
2666	295	238	57
2667	304	244	60
2668	312	241	71
2669	320	245	75
2670	287	243	44
2671	296	238	58
2672	307	250	57
2673	301	260	41
2674	289	249	40
2675	296	240	56
2676	290	242	48
2677	289	245	44
2678	291	242	49
2679	310	242	68
2680	281	251	30
2681	278	246	32
2682	279	243	36
2683	279	244	35
2684	295	245	50
2685	279	244	35
2686	268	241	27
2687	291	246	45
2688	292	242	50
2689	281	240	41
2690	282	245	37
2691	275	242	33
2692	273	248	25
2693	280	242	38
2694	265	241	24
2695	287	244	43
2696	280	249	31
2697	293	257	36
2698	270	258	12
2699	259	256	3
2700	261	253	8
2701	273	248	25
2702	275	235	40
2703	262	238	24
2704	271	243	28
2705	291	236	55
2706	276	238	38
2707	274	245	29
2708	284	238	46
2709	286	237	49
2710	260	243	17
2711	268	247	21
2712	283	243	40
2713	293	244	49
2714	305	255	50
2715	293	250	43
2716	279	247	32
2717	257	250	7
2718	250	250	0
2719	262	250	12
2720	269	248	21
2721	273	250	23
2722	270	250	20
2723	280	246	34
2724	257	244	13
2725	261	248	13
2726	267	244	23
2727	261	249	12
2728	264	251	13
2729	284	240	44
2730	267	246	21
2731	267	256	11
2732	275	248	27
2733	283	244	39
2734	277	245	32
2735	261	244	17
2736	242	246	-4
2737	256	251	5
2738	265	250	15
2739	279	248	31
2740	270	241	29
2741	268	239	29
2742	262	246	16
2743	260	248	12
2744	262	250	12
2745	272	255	17
2746	264	252	12
2747	254	251	3
2748	259	234	25
2749	258	239	19
2750	276	259	17
2751	291	255	36
2752	283	247	36
2753	258	237	21
2754	264	244	20
2755	280	246	34
2756	278	248	30
2757	276	241	35
2758	274	232	42
2759	271	228	43
2760	256	235	21
2761	262	242	20
2762	251	248	3
2763	260	247	13
2764	278	245	33
2765	275	239	36
2766	267	249	18
2767	264	250	14
2768	266	248	18
2769	278	247	31
2770	257	245	12
2771	234	242	-8
2772	247	239	8
2773	251	238	13
2774	231	242	-11
2775	240	247	-7
2776	262	245	17
2777	279	245	34
2778	247	242	5
2779	242	242	0
2780	253	242	11
2781	255	244	11
2782	251	237	14
2783	256	243	13
2784	248	249	-1
2785	277	246	31
2786	259	244	15
2787	264	246	18
2788	248	243	5
2789	245	235	10
2790	252	239	13
2791	267	238	29
2792	273	245	28
2793	264	248	16
2794	230	244	-14
2795	235	236	-1
2796	264	251	13
2797	261	256	5
2798	259	253	6
2799	266	252	14
2800	245	248	-3
2801	246	241	5
2802	251	240	11
2803	248	245	3
2804	256	245	11
2805	271	241	30
2806	246	245	1
2807	252	243	9
2808	257	249	8
2809	255	238	17
2810	246	244	2
2811	256	247	9
2812	245	245	0
2813	241	246	-5
2814	246	247	-1
2815	246	245	1
2816	232	248	-16
2817	255	245	10
2818	266	240	26
2819	274	250	24
2820	270	241	29
2821	229	248	-19
2822	233	247	-14
2823	263	239	24
2824	271	247	24
2825	268	255	13
2826	263	242	21
2827	264	238	26
2828	245	238	7
2829	249	245	4
2830	254	240	14
2831	269	243	26
2832	260	244	16
2833	243	235	8
2834	244	233	11
2835	264	246	18
2836	271	252	19
2837	274	247	27
2838	260	242	18
2839	237	240	-3
2840	235	248	-13
2841	249	239	10
2842	251	242	9
2843	256	241	15
2844	244	238	6
2845	270	227	43
2846	266	239	27
2847	262	248	14
2848	242	251	-9
2849	260	248	12
2850	264	249	15
2851	254	244	10
2852	223	245	-22
2853	237	242	-5
2854	256	229	27
2855	258	239	19
2856	244	250	-6
2857	249	242	7
2858	258	234	24
2859	252	245	7
2860	240	249	-9
2861	251	255	-4
2862	256	254	2
2863	263	247	16
2864	247	242	5
2865	250	239	11
2866	239	243	-4
2867	250	247	3
2868	247	250	-3
2869	245	245	0
2870	261	244	17
2871	271	246	25
2872	256	247	9
2873	264	247	17
2874	265	247	18
2875	246	256	-10
2876	246	242	4
2877	260	244	16
2878	264	252	12
2879	267	241	26
2880	243	242	1
2881	231	243	-12
2882	254	241	13
2883	273	244	29
2884	253	256	-3
2885	250	249	1
2886	228	235	-7
2887	252	237	15
2888	257	244	13
2889	254	243	11
2890	250	243	7
2891	271	240	31
2892	273	234	39
2893	272	238	34
2894	246	246	0
2895	241	238	3
2896	250	235	15
2897	269	238	31
2898	268	244	24
2899	272	243	29
2900	252	241	11
2901	242	233	9
2902	243	244	-1
2903	243	246	-3
2904	233	241	-8
2905	256	244	12
2906	240	247	-7
2907	247	245	2
2908	277	239	38
2909	258	239	19
2910	248	242	6
2911	249	247	2
2912	247	241	6
2913	223	236	-13
2914	215	239	-24
2915	248	240	8
2916	247	253	-6
2917	232	247	-15
2918	230	233	-3
2919	237	236	1
2920	245	238	7
2921	252	242	10
2922	266	239	27
2923	247	241	6
2924	234	241	-7
2925	239	243	-4
2926	243	240	3
2927	243	234	9
2928	242	243	-1
2929	251	241	10
2930	256	241	15
2931	259	243	16
2932	233	240	-7
2933	243	241	2
2934	249	246	3
2935	259	242	17
2936	245	248	-3
2937	228	257	-29
2938	242	254	-12
2939	268	242	26
2940	251	248	3
2941	247	257	-10
2942	262	240	22
2943	266	233	33
2944	248	248	0
2945	226	247	-21
2946	222	248	-26
2947	269	245	24
2948	276	238	38
2949	261	247	14
2950	229	247	-18
2951	236	232	4
2952	227	237	-10
2953	233	239	-6
2954	248	235	13
2955	244	234	10
2956	230	244	-14
2957	252	251	1
2958	251	241	10
2959	242	238	4
2960	244	243	1
2961	254	250	4
2962	258	245	13
2963	245	243	2
2964	247	244	3
2965	254	247	7
2966	250	247	3
2967	252	246	6
2968	224	239	-15
2969	233	267	-34
2970	227	249	-22
2971	250	251	-1
2972	241	245	-4
2973	241	233	8
2974	255	250	5
2975	254	248	6
2976	243	247	-4
2977	249	245	4
2978	231	247	-16
2979	256	243	13
2980	262	234	28
2981	240	233	7
2982	242	241	1
2983	271	244	27
2984	258	243	15
2985	242	226	16
2986	241	234	7
2987	247	244	3
2988	250	251	-1
2989	246	243	3
2990	242	244	-2
2991	246	244	2
2992	228	250	-22
2993	243	248	-5
2994	239	243	-4
2995	231	232	-1
2996	224	230	-6
2997	221	240	-19
2998	245	248	-3
2999	278	241	37
3000	255	239	16
3001	242	238	4
3002	260	241	19
3003	256	244	12
3004	241	236	5
3005	241	233	8
3006	232	243	-11
3007	235	239	-4
3008	235	239	-4
3009	236	235	1
3010	253	232	21
3011	244	240	4
3012	254	243	11
3013	260	236	24
3014	240	240	0
3015	262	241	21
3016	266	243	23
3017	249	239	10
3018	221	238	-17
3019	245	234	11
3020	223	237	-14
3021	238	244	-6
3022	254	245	9
3023	275	245	30
3024	244	244	0
3025	222	235	-13
3026	234	239	-5
3027	232	250	-18
3028	214	246	-32
3029	234	241	-7
3030	230	248	-18
3031	236	242	-6
3032	242	239	3
3033	256	246	10
3034	235	241	-6
3035	242	242	0
3036	247	240	7
3037	256	238	18
3038	244	243	1
3039	250	244	6
3040	252	236	16
3041	249	235	14
3042	248	242	6
3043	244	248	-4
3044	245	240	5
3045	264	244	20
3046	241	246	-5
3047	249	247	2
3048	250	237	13
3049	243	238	5
3050	253	245	8
3051	262	252	10
3052	232	253	-21
3053	238	238	0
3054	246	236	10
3055	252	229	23
3056	259	232	27
3057	269	239	30
3058	241	244	-3
3059	228	242	-14
3060	245	241	4
3061	250	238	12
3062	231	241	-10
3063	221	245	-24
3064	228	245	-17
3065	244	243	1
3066	235	240	-5
3067	248	237	11
3068	266	245	21
3069	285	240	45
3070	275	239	36
3071	256	242	14
3072	260	233	27
3073	258	238	20
3074	247	237	10
3075	248	233	15
3076	236	245	-9
3077	237	238	-1
3078	247	244	3
3079	258	247	11
3080	240	237	3
3081	234	227	7
3082	240	241	-1
3083	233	238	-5
3084	226	244	-18
3085	244	247	-3
3086	240	244	-4
3087	245	240	5
3088	230	235	-5
3089	235	237	-2
3090	217	246	-29
3091	216	248	-32
3092	218	253	-35
3093	245	250	-5
3094	248	243	5
3095	252	242	10
3096	227	236	-9
3097	222	242	-20
3098	238	250	-12
3099	255	251	4
3100	241	250	-9
3101	234	254	-20
3102	213	240	-27
3103	229	238	-9
3104	234	242	-8
3105	244	241	3
3106	252	244	8
3107	270	245	25
3108	256	236	20
3109	246	239	7
3110	237	244	-7
3111	251	242	9
3112	248	244	4
3113	251	244	7
3114	240	252	-12
3115	244	249	-5
3116	252	248	4
3117	245	242	3
3118	234	243	-9
3119	226	240	-14
3120	237	246	-9
3121	241	246	-5
3122	227	250	-23
3123	233	247	-14
3124	230	246	-16
3125	246	247	-1
3126	221	242	-21
3127	222	241	-19
3128	230	249	-19
3129	264	236	28
3130	258	243	15
3131	243	241	2
3132	233	242	-9
3133	236	249	-13
3134	251	256	-5
3135	260	254	6
3136	238	252	-14
3137	212	254	-42
3138	222	250	-28
3139	243	253	-10
3140	230	250	-20
3141	228	245	-17
3142	240	240	0
3143	261	247	14
3144	233	248	-15
3145	212	242	-30
3146	233	246	-13
3147	246	247	-1
3148	226	254	-28
3149	223	248	-25
3150	228	243	-15
3151	247	248	-1
3152	243	249	-6
3153	231	254	-23
3154	225	244	-19
3155	240	238	2
3156	241	239	2
3157	239	242	-3
3158	216	247	-31
3159	225	248	-23
3160	224	247	-23
3161	236	234	2
3162	249	246	3
3163	247	248	-1
3164	230	248	-18
3165	238	244	-6
3166	270	249	21
3167	247	248	-1
3168	247	245	2
3169	260	249	11
3170	259	244	15
3171	245	238	7
3172	244	241	3
3173	247	237	10
3174	224	239	-15
3175	229	248	-19
3176	229	251	-22
3177	242	243	-1
3178	249	249	0
3179	241	242	-1
3180	266	239	27
3181	258	241	17
3182	258	247	11
3183	265	250	15
3184	266	252	14
3185	272	251	21
3186	259	246	13
3187	248	245	3
3188	247	245	2
3189	233	243	-10
3190	228	236	-8
3191	258	241	17
3192	259	248	11
3193	242	249	-7
3194	246	245	1
3195	249	236	13
3196	250	238	12
3197	246	243	3
3198	264	245	19
3199	266	240	26
3200	241	247	-6
3201	259	242	17
3202	237	239	-2
3203	219	244	-25
3204	232	238	-6
3205	244	239	5
3206	265	240	25
3207	279	244	35
3208	252	252	0
3209	248	248	0
3210	246	244	2
3211	254	242	12
3212	236	247	-11
3213	246	250	-4
3214	249	254	-5
3215	247	244	3
3216	236	245	-9
3217	249	247	2
3218	249	245	4
3219	250	251	-1
3220	230	244	-14
3221	230	236	-6
3222	232	237	-5
3223	231	236	-5
3224	242	245	-3
3225	269	263	6
3226	243	260	-17
3227	260	245	15
3228	240	239	1
3229	239	244	-5
3230	236	238	-2
3231	231	234	-3
3232	241	241	0
3233	242	244	-2
3234	223	240	-17
3235	239	233	6
3236	229	236	-7
3237	245	243	2
3238	251	244	7
3239	251	234	17
3240	226	235	-9
3241	235	242	-7
3242	232	253	-21
3243	235	248	-13
3244	242	249	-7
3245	225	238	-13
3246	227	245	-18
3247	224	246	-22
3248	240	248	-8
3249	251	245	6
3250	246	236	10
3251	253	247	6
3252	264	254	10
3253	256	251	5
3254	247	245	2
3255	235	242	-7
3256	241	242	-1
3257	248	232	16
3258	243	237	6
3259	259	242	17
3260	253	240	13
3261	239	247	-8
3262	241	243	-2
3263	244	233	11
3264	237	242	-5
3265	251	247	4
3266	255	238	17
3267	243	238	5
3268	234	248	-14
3269	230	250	-20
3270	247	246	1
3271	256	252	4
3272	250	243	7
3273	261	246	15
3274	249	248	1
3275	242	241	1
3276	227	242	-15
3277	227	245	-18
3278	237	239	-2
3279	256	238	18
3280	238	235	3
3281	229	237	-8
3282	231	239	-8
3283	229	248	-19
3284	248	251	-3
3285	250	244	6
3286	249	234	15
3287	259	241	18
3288	254	242	12
3289	243	236	7
3290	250	244	6
3291	257	242	15
3292	249	247	2
3293	236	245	-9
3294	220	233	-13
3295	225	234	-9
3296	239	243	-4
3297	258	244	14
3298	225	247	-22
3299	239	237	2
3300	247	236	11
3301	250	238	12
3302	241	242	-1
3303	243	236	7
3304	241	239	2
3305	251	244	7
3306	235	236	-1
3307	246	235	11
3308	249	233	16
3309	261	246	15
3310	248	247	1
3311	252	248	4
3312	249	244	5
3313	255	234	21
3314	250	250	0
3315	245	249	-4
3316	250	243	7
3317	246	237	9
3318	229	242	-13
3319	246	244	2
3320	246	250	-4
3321	254	237	17
3322	238	234	4
3323	247	244	3
3324	249	246	3
3325	236	249	-13
3326	238	249	-11
3327	230	245	-15
3328	230	245	-15
3329	245	245	0
3330	237	235	2
3331	225	241	-16
3332	225	250	-25
3333	262	246	16
3334	260	238	22
3335	239	235	4
3336	234	230	4
3337	249	234	15
3338	239	233	6
3339	258	236	22
3340	246	242	4
3341	228	245	-17
3342	216	235	-19
3343	247	240	7
3344	250	250	0
3345	248	244	4
3346	232	251	-19
3347	239	248	-9
3348	240	245	-5
3349	250	249	1
3350	239	240	-1
3351	227	236	-9
3352	237	238	-1
3353	254	233	21
3354	248	237	11
3355	253	252	1
3356	226	252	-26
3357	239	248	-9
3358	237	249	-12
3359	260	247	13
3360	249	244	5
3361	243	238	5
3362	237	242	-5
3363	239	249	-10
3364	233	246	-13
3365	238	247	-9
3366	237	248	-11
3367	244	247	-3
3368	246	240	6
3369	247	237	10
3370	224	239	-15
3371	242	242	0
3372	243	244	-1
3373	246	238	8
3374	249	234	15
3375	221	236	-15
3376	214	230	-16
3377	225	238	-13
3378	249	241	8
3379	251	234	17
3380	241	236	5
3381	241	245	-4
3382	243	249	-6
3383	231	250	-19
3384	224	249	-25
3385	235	251	-16
3386	211	249	-38
3387	221	243	-22
3388	234	243	-9
3389	245	235	10
3390	251	231	20
3391	238	236	2
3392	240	243	-3
3393	254	245	9
3394	248	239	9
3395	240	233	7
3396	221	245	-24
3397	217	240	-23
3398	227	234	-7
3399	252	244	8
3400	253	241	12
3401	245	241	4
3402	237	236	1
3403	242	241	1
3404	241	250	-9
3405	253	238	15
3406	247	245	2
3407	241	234	7
3408	243	239	4
3409	258	258	0
3410	249	255	-6
3411	241	248	-7
3412	244	244	0
3413	233	241	-8
3414	240	240	0
3415	274	237	37
3416	264	235	29
3417	261	233	28
3418	255	240	15
3419	246	245	1
3420	236	243	-7
3421	237	245	-8
3422	231	244	-13
3423	230	245	-15
3424	233	247	-14
3425	231	240	-9
3426	239	237	2
3427	247	242	5
3428	247	246	1
3429	246	248	-2
3430	254	238	16
3431	259	240	19
3432	249	247	2
3433	254	246	8
3434	235	247	-12
3435	242	242	0
3436	238	236	2
3437	242	227	15
3438	223	234	-11
3439	218	245	-27
3440	238	240	-2
3441	228	239	-11
3442	226	241	-15
3443	242	240	2
3444	222	240	-18
3445	235	233	2
3446	225	238	-13
3447	235	243	-8
3448	260	244	16
3449	267	249	18
3450	269	243	26
3451	250	242	8
3452	235	237	-2
3453	238	234	4
3454	221	243	-22
3455	237	242	-5
3456	257	242	15
3457	260	240	20
3458	237	248	-11
3459	232	253	-21
3460	240	245	-5
3461	247	250	-3
3462	227	245	-18
3463	239	238	1
3464	246	244	2
3465	253	239	14
3466	247	239	8
3467	234	238	-4
3468	235	249	-14
3469	255	249	6
3470	257	245	12
3471	242	241	1
3472	240	247	-7
3473	248	242	6
3474	260	237	23
3475	246	233	13
3476	233	238	-5
3477	259	246	13
3478	255	245	10
3479	252	232	20
3480	240	239	1
3481	239	240	-1
3482	240	238	2
3483	248	240	8
3484	235	246	-11
3485	246	242	4
3486	237	243	-6
3487	238	239	-1
3488	234	242	-8
3489	240	244	-4
3490	231	245	-14
3491	238	245	-7
3492	227	243	-16
3493	229	241	-12
3494	242	236	6
3495	252	245	7
3496	222	251	-29
3497	220	251	-31
3498	246	244	2
3499	253	254	-1
3500	226	246	-20
3501	232	243	-11
3502	232	241	-9
3503	235	240	-5
3504	226	244	-18
3505	210	235	-25
3506	239	230	9
3507	257	231	26
3508	239	237	2
3509	235	244	-9
3510	232	239	-7
3511	237	235	2
3512	252	237	15
3513	254	236	18
3514	227	237	-10
3515	228	236	-8
3516	229	239	-10
3517	232	242	-10
3518	227	237	-10
3519	236	245	-9
3520	255	242	13
3521	253	237	16
3522	237	243	-6
3523	244	237	7
3524	248	232	16
3525	238	240	-2
3526	233	245	-12
3527	233	233	0
3528	217	239	-22
3529	227	237	-10
3530	249	239	10
3531	245	238	7
3532	254	241	13
3533	276	241	35
3534	251	257	-6
3535	250	247	3
3536	241	245	-4
3537	250	245	5
3538	224	246	-22
3539	230	239	-9
3540	242	235	7
3541	253	244	9
3542	244	247	-3
3543	229	233	-4
3544	224	230	-6
3545	247	245	2
3546	254	244	10
3547	252	242	10
3548	245	236	9
3549	260	243	17
3550	238	248	-10
3551	229	239	-10
3552	245	248	-3
3553	267	244	23
3554	253	237	16
3555	236	233	3
3556	243	241	2
3557	258	245	13
3558	254	232	22
3559	245	236	9
3560	245	242	3
3561	242	251	-9
3562	251	248	3
3563	261	240	21
3564	243	233	10
3565	252	238	14
3566	243	253	-10
3567	234	247	-13
3568	245	247	-2
3569	235	250	-15
3570	252	242	10
3571	264	242	22
3572	225	243	-18
3573	238	242	-4
3574	252	248	4
3575	263	243	20
3576	247	232	15
3577	228	232	-4
3578	235	233	2
3579	236	237	-1
3580	227	246	-19
3581	226	244	-18
3582	231	247	-16
3583	232	243	-11
3584	235	249	-14
3585	265	245	20
3586	244	242	2
3587	247	244	3
3588	274	247	27
3589	261	244	17
3590	233	253	-20
3591	236	247	-11
3592	235	235	0
3593	248	237	11
3594	252	242	10
3595	272	243	29
3596	247	244	3
3597	241	243	-2
3598	229	246	-17
3599	222	244	-22
3600	227	250	-23
3601	238	250	-12
3602	241	238	3
3603	235	243	-8
3604	233	246	-13
3605	248	243	5
3606	235	234	1
3607	249	230	19
3608	252	232	20
3609	243	239	4
3610	261	238	23
3611	240	247	-7
3612	238	234	4
3613	245	241	4
3614	245	240	5
3615	246	239	7
3616	244	232	12
3617	245	236	9
3618	220	242	-22
3619	226	244	-18
3620	229	249	-20
3621	252	238	14
3622	251	235	16
3623	251	234	17
3624	246	232	14
3625	234	231	3
3626	212	235	-23
3627	234	236	-2
3628	239	242	-3
3629	231	243	-12
3630	219	240	-21
3631	238	244	-6
3632	258	249	9
3633	255	249	6
3634	263	240	23
3635	248	229	19
3636	235	234	1
3637	258	242	16
3638	262	246	16
3639	245	242	3
3640	249	236	13
3641	263	237	26
3642	266	237	29
3643	269	229	40
3644	238	231	7
3645	229	239	-10
3646	224	242	-18
3647	243	240	3
3648	225	245	-20
