index	original	background	difference
-----------------------------------------------------
1	465	346	119
2	457	356	101
3	460	362	98
4	454	357	97
5	457	352	105
6	455	352	103
7	450	359	91
8	445	364	81
9	467	360	107
10	472	370	102
11	443	363	80
12	464	359	105
13	465	365	100
14	463	359	104
15	459	350	109
16	448	346	102
17	442	360	82
18	448	357	91
19	452	350	102
20	426	359	67
21	442	363	79
22	452	360	92
23	454	362	92
24	448	361	87
25	449	355	94
26	461	368	93
27	454	371	83
28	450	360	90
29	455	365	90
30	468	371	97
31	452	369	83
32	451	361	90
33	484	369	115
34	462	379	83
35	462	366	96
36	483	363	120
37	460	359	101
38	479	362	117
39	455	359	96
40	476	359	117
41	459	366	93
42	442	363	79
43	448	370	78
44	455	367	88
45	453	353	100
46	467	358	109
47	456	367	89
48	435	364	71
49	441	375	66
50	459	379	80
51	450	377	73
52	462	372	90
53	477	367	110
54	468	380	88
55	467	375	92
56	484	372	112
57	490	374	116
58	465	376	89
59	473	370	103
60	442	373	69
61	422	374	48
62	442	370	72
63	458	376	82
64	453	368	85
65	469	373	96
66	463	379	84
67	466	371	95
68	466	368	98
69	468	363	105
70	476	361	115
71	452	368	84
72	453	377	76
73	454	378	76
74	452	381	71
75	449	374	75
76	436	364	72
77	459	355	104
78	476	367	109
79	445	371	74
80	442	368	74
81	471	373	98
82	467	381	86
83	494	368	126
84	483	373	110
85	473	378	95
86	453	370	83
87	460	371	89
88	467	363	104
89	474	364	110
90	484	374	110
91	475	381	94
92	455	379	76
93	487	372	115
94	490	369	121
95	467	373	94
96	470	367	103
97	459	361	98
98	462	370	92
99	465	372	93
100	460	377	83
101	458	379	79
102	431	376	55
103	459	370	89
104	452	369	83
105	431	378	53
106	456	377	79
107	465	373	92
108	442	371	71
109	456	371	85
110	464	373	91
111	478	370	108
112	483	364	119
113	464	377	87
114	435	375	60
115	424	374	50
116	454	376	78
117	473	372	101
118	460	378	82
119	465	378	87
120	454	369	85
121	458	365	93
122	468	366	102
123	468	378	90
124	474	391	83
125	481	375	106
126	460	368	92
127	467	367	100
128	448	374	74
129	443	381	62
130	461	376	85
131	461	376	85
132	464	369	95
133	449	369	80
134	460	368	92
135	461	375	86
136	453	383	70
137	454	378	76
138	459	377	82
139	444	368	76
140	447	378	69
141	447	386	61
142	441	385	56
143	456	369	87
144	440	369	71
145	451	378	73
146	469	367	102
147	451	365	86
148	470	376	94
149	472	371	101
150	451	381	70
151	449	394	55
152	459	381	78
153	457	372	85
154	432	369	63
155	445	364	81
156	463	369	94
157	451	368	83
158	438	364	74
159	454	374	80
160	453	374	79
161	472	370	102
162	472	370	102
163	464	378	86
164	463	373	90
165	484	373	111
166	475	382	93
167	466	379	87
168	455	376	79
169	437	368	69
170	442	368	74
171	455	366	89
172	451	373	78
173	435	369	66
174	450	372	78
175	447	370	77
176	462	371	91
177	456	363	93
178	454	369	85
179	460	368	92
180	438	379	59
181	460	373	87
182	457	373	84
183	456	373	83
184	464	372	92
185	470	368	102
186	487	373	114
187	463	362	101
188	458	364	94
189	460	373	87
190	465	371	94
191	473	373	100
192	469	374	95
193	470	373	97
194	465	365	100
195	478	364	114
196	459	368	91
197	428	366	62
198	439	368	71
199	454	380	74
200	476	379	97
201	471	374	97
202	436	380	56
203	446	371	75
204	448	367	81
205	446	371	75
206	467	364	103
207	449	365	84
208	442	371	71
209	450	377	73
210	429	372	57
211	438	380	58
212	452	377	75
213	449	366	83
214	459	370	89
215	458	375	83
216	461	374	87
217	448	373	75
218	451	371	80
219	463	361	102
220	461	370	91
221	441	365	76
222	441	366	75
223	440	368	72
224	432	371	61
225	423	374	49
226	415	365	50
227	452	368	84
228	476	361	115
229	458	368	90
230	442	372	70
231	463	369	94
232	471	370	101
233	473	366	107
234	455	367	88
235	447	369	78
236	451	361	90
237	452	363	89
238	447	370	77
239	453	364	89
240	452	357	95
241	446	363	83
242	437	362	75
243	441	364	77
244	437	367	70
245	433	374	59
246	456	378	78
247	457	373	84
248	449	367	82
249	425	360	65
250	448	370	78
251	463	364	99
252	435	367	68
253	442	363	79
254	431	366	65
255	416	369	47
256	417	372	45
257	408	381	27
258	421	371	50
259	456	359	97
260	462	361	101
261	434	368	66
262	436	361	75
263	452	368	84
264	458	371	87
265	450	369	81
266	443	372	71
267	446	373	73
268	459	367	92
269	465	365	100
270	455	363	92
271	450	367	83
272	449	370	79
273	446	364	82
274	443	365	78
275	441	371	70
276	451	374	77
277	438	368	70
278	433	366	67
279	436	365	71
280	437	367	70
281	425	365	60
282	427	360	67
283	438	352	86
284	427	361	66
285	410	357	53
286	433	352	81
287	469	360	109
288	475	368	107
289	453	375	78
290	435	365	70
291	468	351	117
292	480	364	116
293	463	365	98
294	450	357	93
295	449	361	88
296	449	361	88
297	445	368	77
298	434	370	64
299	436	359	77
300	420	359	61
301	444	350	94
302	478	358	120
303	453	354	99
304	462	352	110
305	445	360	85
306	448	365	83
307	459	364	95
308	460	353	107
309	450	351	99
310	447	351	96
311	443	356	87
312	464	361	103
313	445	352	93
314	435	352	83
315	440	353	87
316	421	358	63
317	418	360	58
318	442	362	80
319	444	365	79
320	443	364	79
321	438	368	70
322	438	371	67
323	452	369	83
324	455	365	90
325	438	363	75
326	448	360	88
327	443	354	89
328	435	365	70
329	452	366	86
330	448	362	86
331	432	353	79
332	431	353	78
333	424	358	66
334	434	361	73
335	433	353	80
336	433	359	74
337	455	367	88
338	451	362	89
339	438	356	82
340	411	351	60
341	429	354	75
342	417	362	55
343	424	355	69
344	445	368	77
345	439	366	73
346	431	360	71
347	415	362	53
348	422	353	69
349	440	354	86
350	434	368	66
351	434	370	64
352	461	356	105
353	424	360	64
354	415	365	50
355	438	364	74
356	445	355	90
357	437	365	72
358	435	370	65
359	416	362	54
360	439	354	85
361	438	358	80
362	434	357	77
363	433	347	86
364	424	357	67
365	420	358	62
366	415	357	58
367	407	354	53
368	432	355	77
369	443	357	86
370	450	358	92
371	459	356	103
372	430	358	72
373	454	357	97
374	455	360	95
375	449	353	96
376	459	359	100
377	449	361	88
378	450	352	98
379	450	354	96
380	423	365	58
381	422	358	64
382	427	360	67
383	415	361	54
384	446	355	91
385	451	354	97
386	454	349	105
387	457	351	106
388	440	354	86
389	421	356	65
390	411	349	62
391	425	356	69
392	426	360	66
393	442	352	90
394	429	361	68
395	436	366	70
396	449	371	78
397	454	358	96
398	443	349	94
399	426	353	73
400	426	357	69
401	421	356	65
402	450	358	92
403	449	351	98
404	445	354	91
405	437	346	91
406	439	348	91
407	451	351	100
408	456	362	94
409	452	368	84
410	445	362	83
411	468	360	108
412	457	364	93
413	442	366	76
414	444	359	85
415	434	357	77
416	415	370	45
417	416	364	52
418	443	365	78
419	452	367	85
420	441	367	74
421	444	359	85
422	422	363	59
423	430	358	72
424	425	368	57
425	428	362	66
426	428	354	74
427	448	349	99
428	449	356	93
429	460	359	101
430	469	357	112
431	474	354	120
432	469	351	118
433	456	359	97
434	442	357	85
435	465	352	113
436	463	356	107
437	470	358	112
438	470	355	115
439	465	349	116
440	454	351	103
441	437	357	80
442	447	358	89
443	447	358	89
444	448	363	85
445	461	363	98
446	455	355	100
447	435	346	89
448	458	345	113
449	460	350	110
450	460	346	114
451	469	359	110
452	440	361	79
453	430	357	73
454	424	358	66
455	425	351	74
456	455	352	103
457	457	359	98
458	430	360	70
459	423	353	70
460	448	355	93
461	433	357	76
462	440	364	76
463	461	357	104
464	433	349	84
465	436	360	76
466	432	362	70
467	448	355	93
468	471	352	119
469	452	358	94
470	436	361	75
471	432	354	78
472	458	349	109
473	466	347	119
474	486	360	126
475	460	365	95
476	459	369	90
477	441	363	78
478	421	356	65
479	429	357	72
480	449	341	108
481	457	352	105
482	431	356	75
483	438	358	80
484	435	353	82
485	452	353	99
486	466	357	109
487	454	366	88
488	463	349	114
489	444	351	93
490	438	352	86
491	453	347	106
492	460	347	113
493	456	351	105
494	459	348	111
495	482	345	137
496	471	353	118
497	440	355	85
498	432	359	73
499	444	352	92
500	446	356	90
501	440	349	91
502	445	349	96
503	447	345	102
504	460	348	112
505	456	352	104
506	429	346	83
507	466	340	126
508	465	341	124
509	443	346	97
510	457	355	102
511	470	350	120
512	451	340	111
513	456	342	114
514	457	350	107
515	424	353	71
516	407	354	53
517	438	353	85
518	433	351	82
519	446	352	94
520	454	341	113
521	441	340	101
522	460	348	112
523	459	351	108
524	449	354	95
525	464	351	113
526	460	350	110
527	445	344	101
528	482	349	133
529	465	350	115
530	454	343	111
531	457	337	120
532	458	345	113
533	434	346	88
534	429	343	86
535	434	345	89
536	429	358	71
537	458	345	113
538	443	347	96
539	439	357	82
540	460	348	112
541	459	345	114
542	452	350	102
543	451	343	108
544	456	344	112
545	481	347	134
546	467	351	116
547	453	349	104
548	470	352	118
549	467	342	125
550	471	338	133
551	466	342	124
552	459	346	113
553	465	341	124
554	467	346	121
555	438	341	97
556	444	348	96
557	464	347	117
558	465	341	124
559	455	344	111
560	467	342	125
561	476	349	127
562	486	346	140
563	482	343	139
564	476	342	134
565	475	342	133
566	476	344	132
567	486	348	138
568	492	352	140
569	495	348	147
570	517	335	182
571	506	332	174
572	483	347	136
573	466	352	114
574	472	360	112
575	491	357	134
576	494	356	138
577	492	345	147
578	506	341	165
579	493	344	149
580	482	348	134
581	497	348	149
582	507	344	163
583	465	337	128
584	489	328	161
585	532	348	184
586	514	345	169
587	514	342	172
588	509	349	160
589	535	345	190
590	556	349	207
591	542	353	189
592	508	338	170
593	514	343	171
594	515	339	176
595	546	339	207
596	542	340	202
597	535	341	194
598	517	343	174
599	561	348	213
600	555	344	211
601	521	346	175
602	529	343	186
603	559	352	207
604	551	349	202
605	536	345	191
606	545	352	193
607	535	348	187
608	548	337	211
609	551	334	217
610	551	346	205
611	577	345	232
612	604	334	270
613	582	338	244
614	577	342	235
615	564	342	222
616	563	341	222
617	567	342	225
618	595	335	260
619	601	337	264
620	595	349	246
621	625	339	286
622	625	336	289
623	617	339	278
624	599	342	257
625	620	340	280
626	662	342	320
627	670	337	333
628	670	340	330
629	641	342	299
630	643	343	300
631	667	349	318
632	678	357	321
633	687	354	333
634	685	346	339
635	676	339	337
636	690	337	353
637	734	346	388
638	730	345	385
639	731	344	387
640	736	340	396
641	711	336	375
642	738	341	397
643	751	346	405
644	765	345	420
645	809	338	471
646	826	344	482
647	784	343	441
648	769	344	425
649	792	346	446
650	822	341	481
651	843	345	498
652	871	345	526
653	852	348	504
654	830	348	482
655	852	344	508
656	850	343	507
657	860	344	516
658	867	332	535
659	899	329	570
660	938	341	597
661	911	337	574
662	919	343	576
663	924	350	574
664	921	345	576
665	924	333	591
666	956	337	619
667	953	346	607
668	939	351	588
669	981	347	634
670	1024	344	680
671	1050	344	706
672	1044	333	711
673	1079	338	741
674	1096	346	750
675	1081	343	738
676	1117	346	771
677	1133	333	800
678	1152	338	814
679	1185	336	849
680	1217	349	868
681	1239	347	892
682	1249	343	906
683	1228	340	888
684	1282	337	945
685	1322	335	987
686	1341	342	999
687	1336	345	991
688	1354	341	1013
689	1389	344	1045
690	1355	344	1011
691	1384	344	1040
692	1427	344	1083
693	1444	334	1110
694	1430	334	1096
695	1454	346	1108
696	1490	338	1152
697	1513	338	1175
698	1523	340	1183
699	1510	336	1174
700	1545	347	1198
701	1538	344	1194
702	1577	342	1235
703	1594	336	1258
704	1600	343	1257
705	1619	338	1281
706	1627	330	1297
707	1639	331	1308
708	1667	342	1325
709	1667	346	1321
710	1674	353	1321
711	1673	338	1335
712	1688	334	1354
713	1691	339	1352
714	1760	339	1421
715	1810	343	1467
716	1798	327	1471
717	1828	323	1505
718	1851	330	1521
719	1847	332	1515
720	1880	334	1546
721	1936	328	1608
722	1946	334	1612
723	1931	333	1598
724	1964	338	1626
725	2021	345	1676
726	2061	336	1725
727	2014	325	1689
728	2045	329	1716
729	2121	341	1780
730	2194	340	1854
731	2191	345	1846
732	2231	344	1887
733	2234	342	1892
734	2215	347	1868
735	2287	341	1946
736	2310	332	1978
737	2323	331	1992
738	2343	345	1998
739	2355	337	2018
740	2395	339	2056
741	2429	347	2082
742	2501	338	2163
743	2522	335	2187
744	2541	347	2194
745	2499	341	2158
746	2517	334	2183
747	2613	338	2275
748	2587	335	2252
749	2575	335	2240
750	2623	341	2282
751	2640	336	2304
752	2635	338	2297
753	2631	337	2294
754	2676	336	2340
755	2696	342	2354
756	2688	340	2348
757	2671	346	2325
758	2639	341	2298
759	2716	348	2368
760	2706	345	2361
761	2678	337	2341
762	2676	339	2337
763	2704	329	2375
764	2684	323	2361
765	2687	331	2356
766	2705	333	2372
767	2688	335	2353
768	2676	340	2336
769	2700	333	2367
770	2680	324	2356
771	2681	334	2347
772	2683	342	2341
773	2665	333	2332
774	2716	339	2377
775	2741	343	2398
776	2792	343	2449
777	2739	337	2402
778	2721	336	2385
779	2751	346	2405
780	2739	351	2388
781	2748	342	2406
782	2786	339	2447
783	2819	341	2478
784	2837	335	2502
785	2897	342	2555
786	2834	344	2490
787	2851	345	2506
788	2950	346	2604
789	2986	338	2648
790	2990	330	2660
791	2999	326	2673
792	3012	341	2671
793	2970	337	2633
794	3054	332	2722
795	3100	340	2760
796	3094	337	2757
797	3130	341	2789
798	3127	346	2781
799	3141	349	2792
800	3145	347	2798
801	3118	345	2773
802	3141	331	2810
803	3189	328	2861
804	3167	328	2839
805	3165	334	2831
806	3249	333	2916
807	3265	337	2928
808	3202	346	2856
809	3196	349	2847
810	3158	341	2817
811	3199	332	2867
812	3240	335	2905
813	3206	333	2873
814	3207	330	2877
815	3192	331	2861
816	3174	341	2833
817	3142	344	2798
818	3170	337	2833
819	3089	339	2750
820	3079	336	2743
821	3109	335	2774
822	3076	337	2739
823	3102	336	2766
824	3105	338	2767
825	3116	325	2791
826	3082	324	2758
827	3039	326	2713
828	3080	333	2747
829	3087	343	2744
830	3075	341	2734
831	3065	330	2735
832	3096	327	2769
833	3127	331	2796
834	3092	335	2757
835	3098	320	2778
836	3095	326	2769
837	3166	334	2832
838	3108	330	2778
839	3126	326	2800
840	3120	334	2786
841	3118	337	2781
842	3100	334	2766
843	3102	330	2772
844	3132	329	2803
845	3120	325	2795
846	3174	328	2846
847	3186	332	2854
848	3208	334	2874
849	3317	334	2983
850	3303	330	2973
851	3253	329	2924
852	3310	333	2977
853	3328	322	3006
854	3358	325	3033
855	3358	331	3027
856	3395	332	3063
857	3441	327	3114
858	3498	334	3164
859	3523	327	3196
860	3525	328	3197
861	3501	330	3171
862	3538	330	3208
863	3610	335	3275
864	3568	331	3237
865	3472	332	3140
866	3518	331	3187
867	3638	324	3314
868	3644	322	3322
869	3606	321	3285
870	3651	329	3322
871	3646	323	3323
872	3713	328	3385
873	3676	330	3346
874	3629	322	3307
875	3716	327	3389
876	3717	338	3379
877	3754	328	3426
878	3679	318	3361
879	3684	318	3366
880	3721	335	3386
881	3697	331	3366
882	3633	332	3301
883	3668	330	3338
884	3670	335	3335
885	3635	332	3303
886	3629	319	3310
887	3647	319	3328
888	3620	334	3286
889	3591	325	3266
890	3543	325	3218
891	3562	321	3241
892	3596	320	3276
893	3617	321	3296
894	3626	326	3300
895	3604	332	3272
896	3584	332	3252
897	3514	329	3185
898	3551	328	3223
899	3579	325	3254
900	3536	328	3208
901	3547	325	3222
902	3570	324	3246
903	3553	336	3217
904	3569	329	3240
905	3536	316	3220
906	3528	321	3207
907	3580	335	3245
908	3599	337	3262
909	3571	330	3241
910	3596	336	3260
911	3645	335	3310
912	3642	332	3310
913	3607	325	3282
914	3640	321	3319
915	3622	321	3301
916	3630	322	3308
917	3680	317	3363
918	3705	321	3384
919	3797	319	3478
920	3867	323	3544
921	3915	321	3594
922	3903	322	3581
923	3908	330	3578
924	3946	327	3619
925	3987	327	3660
926	3992	330	3662
927	4067	333	3734
928	4100	326	3774
929	4095	329	3766
930	4136	337	3799
931	4165	332	3833
932	4177	323	3854
933	4189	329	3860
934	4200	334	3866
935	4276	327	3949
936	4349	331	4018
937	4349	326	4023
938	4308	322	3986
939	4379	324	4055
940	4444	318	4126
941	4412	321	4091
942	4409	330	4079
943	4416	323	4093
944	4425	319	4106
945	4517	319	4198
946	4489	325	4164
947	4531	322	4209
948	4493	320	4173
949	4454	320	4134
950	4459	318	4141
951	4475	322	4153
952	4454	323	4131
953	4439	321	4118
954	4477	317	4160
955	4483	317	4166
956	4493	331	4162
957	4414	325	4089
958	4384	327	4057
959	4450	332	4118
960	4402	328	4074
961	4418	320	4098
962	4327	331	3996
963	4319	337	3982
964	4350	325	4025
965	4306	321	3985
966	4311	317	3994
967	4287	320	3967
968	4239	322	3917
969	4232	329	3903
970	4223	337	3886
971	4179	322	3857
972	4195	321	3874
973	4164	327	3837
974	4163	333	3830
975	4138	321	3817
976	4137	314	3823
977	4132	322	3810
978	4189	322	3867
979	4168	323	3845
980	4138	325	3813
981	4164	318	3846
982	4149	317	3832
983	4193	324	3869
984	4218	330	3888
985	4275	331	3944
986	4327	328	3999
987	4303	330	3973
988	4361	316	4045
989	4368	324	4044
990	4409	332	4077
991	4452	324	4128
992	4525	327	4198
993	4562	329	4233
994	4541	324	4217
995	4552	323	4229
996	4634	321	4313
997	4711	322	4389
998	4698	324	4374
999	4734	328	4406
1000	4789	332	4457
1001	4845	324	4521
1002	4894	316	4578
1003	4914	318	4596
1004	4967	326	4641
1005	5000	328	4672
1006	5058	332	4726
1007	5094	327	4767
1008	5156	322	4834
1009	5216	321	4895
1010	5295	323	4972
1011	5327	321	5006
1012	5323	315	5008
1013	5402	320	5082
1014	5463	318	5145
1015	5420	312	5108
1016	5454	322	5132
1017	5533	317	5216
1018	5479	314	5165
1019	5507	318	5189
1020	5634	317	5317
1021	5614	316	5298
1022	5592	308	5284
1023	5613	319	5294
1024	5585	324	5261
1025	5619	316	5303
1026	5742	327	5415
1027	5753	329	5424
1028	5681	320	5361
1029	5629	315	5314
1030	5590	315	5275
1031	5632	320	5312
1032	5668	323	5345
1033	5637	323	5314
1034	5602	325	5277
1035	5516	326	5190
1036	5594	327	5267
1037	5594	328	5266
1038	5563	328	5235
1039	5540	323	5217
1040	5521	317	5204
1041	5502	316	5186
1042	5606	324	5282
1043	5543	320	5223
1044	5462	324	5138
1045	5440	324	5116
1046	5533	313	5220
1047	5544	313	5231
1048	5423	323	5100
1049	5441	323	5118
1050	5396	320	5076
1051	5334	316	5018
1052	5361	318	5043
1053	5355	320	5035
1054	5354	323	5031
1055	5478	319	5159
1056	5432	319	5113
1057	5431	321	5110
1058	5409	324	5085
1059	5485	321	5164
1060	5450	324	5126
1061	5474	318	5156
1062	5412	312	5100
1063	5427	316	5111
1064	5552	315	5237
1065	5501	314	5187
1066	5471	331	5140
1067	5475	330	5145
1068	5538	309	5229
1069	5645	308	5337
1070	5707	313	5394
1071	5709	316	5393
1072	5695	318	5377
1073	5761	304	5457
1074	5770	304	5466
1075	5773	313	5460
1076	5908	326	5582
1077	6009	321	5688
1078	6072	315	5757
1079	6072	322	5750
1080	6098	309	5789
1081	6157	311	5846
1082	6188	320	5868
1083	6255	323	5932
1084	6370	322	6048
1085	6427	319	6108
1086	6462	315	6147
1087	6583	316	6267
1088	6703	306	6397
1089	6780	307	6473
1090	6790	316	6474
1091	6851	311	6540
1092	6962	310	6652
1093	7041	309	6732
1094	7218	308	6910
1095	7303	314	6989
1096	7378	314	7064
1097	7324	320	7004
1098	7391	313	7078
1099	7445	311	7134
1100	7528	313	7215
1101	7528	314	7214
1102	7543	312	7231
1103	7642	321	7321
1104	7704	324	7380
1105	7723	317	7406
1106	7713	321	7392
1107	7769	318	7451
1108	7891	314	7577
1109	7974	317	7657
1110	7866	323	7543
1111	7857	333	7524
1112	7990	326	7664
1113	7983	312	7671
1114	7992	321	7671
1115	8002	315	7687
1116	7993	309	7684
1117	7964	315	7649
1118	7955	316	7639
1119	7951	315	7636
1120	7996	313	7683
1121	8018	315	7703
1122	7934	327	7607
1123	7904	322	7582
1124	7902	317	7585
1125	7819	319	7500
1126	7876	313	7563
1127	7849	318	7531
1128	7795	320	7475
1129	7787	318	7469
1130	7861	315	7546
1131	7855	314	7541
1132	7799	313	7486
1133	7841	315	7526
1134	7717	320	7397
1135	7609	326	7283
1136	7651	318	7333
1137	7602	314	7288
1138	7480	318	7162
1139	7562	324	7238
1140	7645	322	7323
1141	7581	321	7260
1142	7497	315	7182
1143	7461	321	7140
1144	7415	321	7094
1145	7434	318	7116
1146	7476	319	7157
1147	7489	319	7170
1148	7394	316	7078
1149	7319	310	7009
1150	7332	325	7007
1151	7359	321	7038
1152	7391	327	7064
1153	7377	329	7048
1154	7419	318	7101
1155	7432	311	7121
1156	7413	312	7101
1157	7408	308	7100
1158	7368	312	7056
1159	7436	312	7124
1160	7482	311	7171
1161	7479	322	7157
1162	7508	323	7185
1163	7556	323	7233
1164	7558	318	7240
1165	7604	313	7291
1166	7733	320	7413
1167	7703	323	7380
1168	7774	325	7449
1169	7828	322	7506
1170	7867	315	7552
1171	7898	313	7585
1172	7932	319	7613
1173	7954	324	7630
1174	8037	326	7711
1175	8055	328	7727
1176	8085	322	7763
1177	8192	307	7885
1178	8240	310	7930
1179	8340	306	8034
1180	8459	307	8152
1181	8490	304	8186
1182	8560	307	8253
1183	8660	324	8336
1184	8774	325	8449
1185	8791	313	8478
1186	8875	310	8565
1187	8922	320	8602
1188	8983	322	8661
1189	9077	318	8759
1190	9135	312	8823
1191	9186	311	8875
1192	9267	309	8958
1193	9409	313	9096
1194	9430	316	9114
1195	9443	321	9122
1196	9579	319	9260
1197	9635	310	9325
1198	9716	308	9408
1199	9729	312	9417
1200	9709	315	9394
1201	9717	321	9396
1202	9778	317	9461
1203	9775	312	9463
1204	9865	314	9551
1205	9894	312	9582
1206	9920	323	9597
1207	9949	317	9632
1208	9915	321	9594
1209	9869	317	9552
1210	9909	317	9592
1211	9855	322	9533
1212	9976	325	9651
1213	9940	320	9620
1214	9832	318	9514
1215	9764	319	9445
1216	9789	313	9476
1217	9797	314	9483
1218	9807	312	9495
1219	9774	312	9462
1220	9701	309	9392
1221	9708	312	9396
1222	9698	315	9383
1223	9629	321	9308
1224	9620	316	9304
1225	9562	309	9253
1226	9454	311	9143
1227	9330	302	9028
1228	9326	297	9029
1229	9320	300	9020
1230	9234	313	8921
1231	9162	307	8855
1232	9090	305	8785
1233	9036	300	8736
1234	8969	299	8670
1235	8936	304	8632
1236	8951	305	8646
1237	8826	316	8510
1238	8810	318	8492
1239	8826	309	8517
1240	8686	310	8376
1241	8624	311	8313
1242	8663	319	8344
1243	8629	320	8309
1244	8580	312	8268
1245	8578	313	8265
1246	8451	311	8140
1247	8451	309	8142
1248	8460	306	8154
1249	8336	311	8025
1250	8299	315	7984
1251	8308	317	7991
1252	8274	310	7964
1253	8286	307	7979
1254	8193	311	7882
1255	8184	319	7865
1256	8199	306	7893
1257	8140	315	7825
1258	8109	319	7790
1259	8181	314	7867
1260	8187	313	7874
1261	8074	309	7765
1262	8126	309	7817
1263	8141	315	7826
1264	8112	315	7797
1265	8103	314	7789
1266	8066	317	7749
1267	8081	320	7761
1268	8136	313	7823
1269	8154	309	7845
1270	8157	306	7851
1271	8214	310	7904
1272	8317	320	7997
1273	8358	314	8044
1274	8302	309	7993
1275	8337	305	8032
1276	8437	301	8136
1277	8435	297	8138
1278	8475	307	8168
1279	8464	319	8145
1280	8540	319	8221
1281	8657	312	8345
1282	8649	306	8343
1283	8664	306	8358
1284	8701	317	8384
1285	8724	312	8412
1286	8688	306	8382
1287	8771	302	8469
1288	8894	310	8584
1289	8914	313	8601
1290	8963	300	8663
1291	9034	305	8729
1292	9039	313	8726
1293	9105	316	8789
1294	9148	314	8834
1295	9204	308	8896
1296	9225	307	8918
1297	9440	300	9140
1298	9481	299	9182
1299	9461	300	9161
1300	9568	304	9264
1301	9511	310	9201
1302	9566	315	9251
1303	9632	313	9319
1304	9727	308	9419
1305	9769	312	9457
1306	9766	315	9451
1307	9786	308	9478
1308	9848	306	9542
1309	9870	309	9561
1310	9884	309	9575
1311	9934	307	9627
1312	10020	314	9706
1313	10045	300	9745
1314	9919	310	9609
1315	9845	315	9530
1316	9951	307	9644
1317	10048	309	9739
1318	9957	300	9657
1319	9888	289	9599
1320	9905	302	9603
1321	9969	298	9671
1322	9920	300	9620
1323	9873	304	9569
1324	9875	303	9572
1325	9940	295	9645
1326	9881	308	9573
1327	9790	313	9477
1328	9854	310	9544
1329	9847	302	9545
1330	9858	299	9559
1331	9746	308	9438
1332	9743	312	9431
1333	9694	309	9385
1334	9632	298	9334
1335	9537	304	9233
1336	9568	320	9248
1337	9639	303	9336
1338	9595	293	9302
1339	9481	288	9193
1340	9443	302	9141
1341	9446	305	9141
1342	9449	297	9152
1343	9401	307	9094
1344	9405	307	9098
1345	9385	303	9082
1346	9194	303	8891
1347	9182	308	8874
1348	9080	315	8765
1349	8989	302	8687
1350	9015	299	8716
1351	8974	306	8668
1352	8927	310	8617
1353	8907	304	8603
1354	8837	290	8547
1355	8679	299	8380
1356	8584	307	8277
1357	8585	299	8286
1358	8561	293	8268
1359	8491	290	8201
1360	8445	290	8155
1361	8365	302	8063
1362	8257	299	7958
1363	8190	296	7894
1364	8152	306	7846
1365	8060	302	7758
1366	8097	301	7796
1367	8124	308	7816
1368	7994	306	7688
1369	7994	302	7692
1370	8033	304	7729
1371	7935	306	7629
1372	7825	310	7515
1373	7910	302	7608
1374	7849	301	7548
1375	7809	307	7502
1376	7748	305	7443
1377	7713	311	7402
1378	7751	300	7451
1379	7753	300	7453
1380	7723	305	7418
1381	7714	301	7413
1382	7734	292	7442
1383	7791	300	7491
1384	7725	304	7421
1385	7687	300	7387
1386	7693	303	7390
1387	7734	298	7436
1388	7746	295	7451
1389	7758	295	7463
1390	7835	300	7535
1391	7835	301	7534
1392	7748	305	7443
1393	7783	310	7473
1394	7906	312	7594
1395	7981	308	7673
1396	7916	297	7619
1397	8007	294	7713
1398	8091	295	7796
1399	8055	306	7749
1400	8133	302	7831
1401	8217	303	7914
1402	8215	304	7911
1403	8206	299	7907
1404	8236	299	7937
1405	8348	309	8039
1406	8422	316	8106
1407	8524	304	8220
1408	8560	309	8251
1409	8634	301	8333
1410	8706	298	8408
1411	8797	298	8499
1412	8849	299	8550
1413	8827	301	8526
1414	8913	295	8618
1415	8990	292	8698
1416	9119	303	8816
1417	9139	296	8843
1418	9139	304	8835
1419	9305	305	9000
1420	9448	302	9146
1421	9440	301	9139
1422	9498	303	9195
1423	9532	310	9222
1424	9530	309	9221
1425	9548	301	9247
1426	9599	307	9292
1427	9664	316	9348
1428	9659	311	9348
1429	9679	304	9375
1430	9764	302	9462
1431	9799	304	9495
1432	9749	302	9447
1433	9735	298	9437
1434	9739	297	9442
1435	9807	302	9505
1436	9809	294	9515
1437	9872	291	9581
1438	9884	294	9590
1439	9923	291	9632
1440	9858	297	9561
1441	9843	298	9545
1442	9960	290	9670
1443	9912	295	9617
1444	9954	297	9657
1445	9935	300	9635
1446	9806	296	9510
1447	9779	297	9482
1448	9806	300	9506
1449	9755	301	9454
1450	9750	297	9453
1451	9791	300	9491
1452	9756	296	9460
1453	9672	302	9370
1454	9650	309	9341
1455	9646	297	9349
1456	9609	298	9311
1457	9630	293	9337
1458	9566	291	9275
1459	9484	302	9182
1460	9480	311	9169
1461	9441	300	9141
1462	9368	306	9062
1463	9340	301	9039
1464	9310	293	9017
1465	9191	299	8892
1466	9074	294	8780
1467	9084	296	8788
1468	9071	298	8773
1469	8961	289	8672
1470	9001	296	8705
1471	8884	295	8589
1472	8898	306	8592
1473	8852	309	8543
1474	8754	294	8460
1475	8663	296	8367
1476	8501	296	8205
1477	8470	299	8171
1478	8432	307	8125
1479	8369	307	8062
1480	8187	304	7883
1481	8194	296	7898
1482	8288	305	7983
1483	8233	305	7928
1484	8075	296	7779
1485	8018	294	7724
1486	8004	303	7701
1487	7918	299	7619
1488	7862	297	7565
1489	7788	295	7493
1490	7758	304	7454
1491	7708	298	7410
1492	7728	295	7433
1493	7640	302	7338
1494	7513	306	7207
1495	7476	300	7176
1496	7445	299	7146
1497	7463	306	7157
1498	7405	302	7103
1499	7285	288	6997
1500	7176	288	6888
1501	7226	295	6931
1502	7263	287	6976
1503	7174	289	6885
1504	7111	306	6805
1505	7153	296	6857
1506	7130	299	6831
1507	7108	298	6810
1508	7054	296	6758
1509	7016	293	6723
1510	7036	288	6748
1511	7029	288	6741
1512	7032	299	6733
1513	6989	302	6687
1514	6958	308	6650
1515	6850	298	6552
1516	6861	296	6565
1517	6915	300	6615
1518	6877	306	6571
1519	6901	302	6599
1520	6917	298	6619
1521	6893	303	6590
1522	6895	306	6589
1523	6929	301	6628
1524	6916	298	6618
1525	6955	305	6650
1526	6987	303	6684
1527	7033	293	6740
1528	7018	289	6729
1529	7037	295	6742
1530	6999	303	6696
1531	7038	302	6736
1532	7098	308	6790
1533	7068	303	6765
1534	7142	302	6840
1535	7189	299	6890
1536	7245	293	6952
1537	7177	291	6886
1538	7191	302	6889
1539	7240	302	6938
1540	7278	301	6977
1541	7289	302	6987
1542	7318	307	7011
1543	7326	305	7021
1544	7378	297	7081
1545	7475	293	7182
1546	7484	299	7185
1547	7500	308	7192
1548	7518	298	7220
1549	7647	291	7356
1550	7723	297	7426
1551	7698	301	7397
1552	7778	301	7477
1553	7901	302	7599
1554	7868	303	7565
1555	7933	298	7635
1556	7965	299	7666
1557	7927	288	7639
1558	7929	294	7635
1559	7871	294	7577
1560	7989	299	7690
1561	8038	305	7733
1562	8036	296	7740
1563	8103	298	7805
1564	8157	295	7862
1565	8148	297	7851
1566	8209	308	7901
1567	8239	300	7939
1568	8242	296	7946
1569	8305	307	7998
1570	8301	303	7998
1571	8253	301	7952
1572	8327	297	8030
1573	8340	294	8046
1574	8282	298	7984
1575	8307	303	8004
1576	8364	293	8071
1577	8285	288	7997
1578	8296	295	8001
1579	8324	295	8029
1580	8437	287	8150
1581	8368	302	8066
1582	8250	301	7949
1583	8257	296	7961
1584	8211	294	7917
1585	8251	290	7961
1586	8259	294	7965
1587	8255	297	7958
1588	8253	304	7949
1589	8208	312	7896
1590	8160	311	7849
1591	8165	311	7854
1592	8133	306	7827
1593	8109	294	7815
1594	8023	301	7722
1595	7949	305	7644
1596	7998	302	7696
1597	8003	288	7715
1598	7968	300	7668
1599	7916	300	7616
1600	7823	295	7528
1601	7805	298	7507
1602	7784	301	7483
1603	7783	301	7482
1604	7740	304	7436
1605	7663	302	7361
1606	7627	297	7330
1607	7598	299	7299
1608	7599	304	7295
1609	7539	301	7238
1610	7486	299	7187
1611	7379	298	7081
1612	7311	295	7016
1613	7251	303	6948
1614	7235	292	6943
1615	7186	290	6896
1616	7197	297	6900
1617	7092	294	6798
1618	7101	294	6807
1619	7053	296	6757
1620	6938	292	6646
1621	6858	300	6558
1622	6788	303	6485
1623	6784	299	6485
1624	6753	303	6450
1625	6697	303	6394
1626	6629	309	6320
1627	6571	301	6270
1628	6597	303	6294
1629	6458	296	6162
1630	6418	294	6124
1631	6349	296	6053
1632	6310	302	6008
1633	6317	308	6009
1634	6295	299	5996
1635	6176	292	5884
1636	6150	300	5850
1637	6109	304	5805
1638	6090	300	5790
1639	5999	301	5698
1640	6005	306	5699
1641	5991	302	5689
1642	5919	299	5620
1643	5909	298	5611
1644	5850	297	5553
1645	5866	295	5571
1646	5833	300	5533
1647	5812	293	5519
1648	5833	300	5533
1649	5855	317	5538
1650	5810	301	5509
1651	5656	293	5363
1652	5660	293	5367
1653	5740	303	5437
1654	5650	298	5352
1655	5583	293	5290
1656	5635	299	5336
1657	5665	302	5363
1658	5709	300	5409
1659	5660	293	5367
1660	5591	299	5292
1661	5554	295	5259
1662	5515	290	5225
1663	5541	292	5249
1664	5488	306	5182
1665	5517	311	5206
1666	5549	299	5250
1667	5586	299	5287
1668	5542	301	5241
1669	5476	301	5175
1670	5499	294	5205
1671	5436	295	5141
1672	5393	293	5100
1673	5383	284	5099
1674	5399	293	5106
1675	5367	296	5071
1676	5318	296	5022
1677	5327	304	5023
1678	5362	303	5059
1679	5398	297	5101
1680	5393	298	5095
1681	5356	286	5070
1682	5409	288	5121
1683	5400	293	5107
1684	5401	289	5112
1685	5388	286	5102
1686	5390	281	5109
1687	5489	295	5194
1688	5443	300	5143
1689	5385	296	5089
1690	5406	296	5110
1691	5449	292	5157
1692	5426	285	5141
1693	5416	294	5122
1694	5410	313	5097
1695	5461	307	5154
1696	5460	300	5160
1697	5501	296	5205
1698	5603	295	5308
1699	5645	289	5356
1700	5626	289	5337
1701	5628	297	5331
1702	5620	299	5321
1703	5728	300	5428
1704	5772	299	5473
1705	5744	295	5449
1706	5864	290	5574
1707	5882	286	5596
1708	5971	288	5683
1709	6038	289	5749
1710	5993	288	5705
1711	6080	291	5789
1712	6217	298	5919
1713	6199	294	5905
1714	6147	289	5858
1715	6137	299	5838
1716	6244	298	5946
1717	6231	301	5930
1718	6245	293	5952
1719	6322	291	6031
1720	6395	289	6106
1721	6405	296	6109
1722	6500	296	6204
1723	6448	295	6153
1724	6535	292	6243
1725	6610	295	6315
1726	6563	303	6260
1727	6638	301	6337
1728	6699	288	6411
1729	6690	287	6403
1730	6819	294	6525
1731	6930	293	6637
1732	6967	295	6672
1733	6906	292	6614
1734	7000	294	6706
1735	7153	298	6855
1736	7196	286	6910
1737	7289	288	7001
1738	7324	298	7026
1739	7377	296	7081
1740	7424	290	7134
1741	7456	296	7160
1742	7423	300	7123
1743	7434	298	7136
1744	7439	295	7144
1745	7411	296	7115
1746	7451	290	7161
1747	7506	287	7219
1748	7568	301	7267
1749	7559	301	7258
1750	7628	301	7327
1751	7672	302	7370
1752	7626	298	7328
1753	7566	293	7273
1754	7563	293	7270
1755	7507	293	7214
1756	7495	294	7201
1757	7517	298	7219
1758	7552	300	7252
1759	7584	298	7286
1760	7635	308	7327
1761	7656	296	7360
1762	7656	298	7358
1763	7664	306	7358
1764	7692	302	7390
1765	7698	285	7413
1766	7692	289	7403
1767	7603	297	7306
1768	7512	301	7211
1769	7444	306	7138
1770	7488	307	7181
1771	7472	297	7175
1772	7401	292	7109
1773	7403	303	7100
1774	7315	299	7016
1775	7375	293	7082
1776	7358	299	7059
1777	7385	298	7087
1778	7264	307	6957
1779	7239	293	6946
1780	7294	292	7002
1781	7247	299	6948
1782	7109	295	6814
1783	7068	292	6776
1784	7070	295	6775
1785	6955	293	6662
1786	6982	297	6685
1787	6910	302	6608
1788	6837	291	6546
1789	6859	300	6559
1790	6861	306	6555
1791	6792	299	6493
1792	6763	300	6463
1793	6721	297	6424
1794	6746	307	6439
1795	6748	302	6446
1796	6627	296	6331
1797	6574	300	6274
1798	6635	307	6328
1799	6644	301	6343
1800	6566	297	6269
1801	6487	294	6193
1802	6491	298	6193
1803	6466	299	6167
1804	6471	298	6173
1805	6368	295	6073
1806	6394	291	6103
1807	6406	300	6106
1808	6311	304	6007
1809	6279	299	5980
1810	6156	305	5851
1811	6009	303	5706
1812	5914	286	5628
1813	5882	281	5601
1814	5836	298	5538
1815	5839	302	5537
1816	5786	311	5475
1817	5708	305	5403
1818	5645	299	5346
1819	5688	298	5390
1820	5756	288	5468
1821	5618	290	5328
1822	5608	293	5315
1823	5597	294	5303
1824	5605	311	5294
1825	5599	306	5293
1826	5514	304	5210
1827	5467	293	5174
1828	5558	288	5270
1829	5581	289	5292
1830	5591	291	5300
1831	5613	294	5319
1832	5636	299	5337
1833	5585	299	5286
1834	5628	299	5329
1835	5586	300	5286
1836	5666	294	5372
1837	5763	295	5468
1838	5750	293	5457
1839	5714	300	5414
1840	5707	311	5396
1841	5625	307	5318
1842	5595	298	5297
1843	5588	300	5288
1844	5589	302	5287
1845	5515	301	5214
1846	5532	302	5230
1847	5556	307	5249
1848	5602	302	5300
1849	5585	300	5285
1850	5536	296	5240
1851	5554	295	5259
1852	5511	289	5222
1853	5486	290	5196
1854	5456	295	5161
1855	5468	294	5174
1856	5447	297	5150
1857	5423	286	5137
1858	5473	296	5177
1859	5440	308	5132
1860	5442	299	5143
1861	5442	300	5142
1862	5436	306	5130
1863	5463	295	5168
1864	5458	292	5166
1865	5427	293	5134
1866	5421	293	5128
1867	5415	293	5122
1868	5451	294	5157
1869	5595	296	5299
1870	5663	296	5367
1871	5554	297	5257
1872	5586	294	5292
1873	5638	293	5345
1874	5730	294	5436
1875	5824	294	5530
1876	5894	295	5599
1877	5899	298	5601
1878	5919	290	5629
1879	6002	295	5707
1880	6022	305	5717
1881	6014	299	5715
1882	5986	291	5695
1883	5966	292	5674
1884	6023	299	5724
1885	6018	295	5723
1886	6069	300	5769
1887	6048	293	5755
1888	6031	290	5741
1889	6032	289	5743
1890	5974	295	5679
1891	5913	297	5616
1892	5981	299	5682
1893	6019	306	5713
1894	6017	299	5718
1895	6001	304	5697
1896	6029	304	5725
1897	6118	305	5813
1898	6152	301	5851
1899	6125	299	5826
1900	6080	291	5789
1901	6052	295	5757
1902	6155	300	5855
1903	6217	293	5924
1904	6211	299	5912
1905	6301	287	6014
1906	6250	289	5961
1907	6210	295	5915
1908	6254	289	5965
1909	6292	294	5998
1910	6286	298	5988
1911	6324	299	6025
1912	6339	297	6042
1913	6343	293	6050
1914	6330	291	6039
1915	6422	290	6132
1916	6514	295	6219
1917	6481	287	6194
1918	6483	292	6191
1919	6558	299	6259
1920	6594	286	6308
1921	6553	290	6263
1922	6613	299	6314
1923	6715	301	6414
1924	6621	297	6324
1925	6613	301	6312
1926	6736	299	6437
1927	6792	291	6501
1928	6812	295	6517
1929	6901	304	6597
1930	6875	303	6572
1931	6823	300	6523
1932	6824	295	6529
1933	6882	295	6587
1934	6796	307	6489
1935	6765	301	6464
1936	6785	298	6487
1937	6724	300	6424
1938	6714	301	6413
1939	6710	291	6419
1940	6671	284	6387
1941	6663	290	6373
1942	6662	299	6363
1943	6599	308	6291
1944	6551	308	6243
1945	6578	296	6282
1946	6598	293	6305
1947	6602	298	6304
1948	6637	289	6348
1949	6676	295	6381
1950	6574	305	6269
1951	6580	300	6280
1952	6665	297	6368
1953	6604	299	6305
1954	6574	303	6271
1955	6565	301	6264
1956	6537	295	6242
1957	6518	290	6228
1958	6567	294	6273
1959	6508	296	6212
1960	6531	286	6245
1961	6532	291	6241
1962	6526	299	6227
1963	6490	293	6197
1964	6457	294	6163
1965	6341	289	6052
1966	6272	292	5980
1967	6273	297	5976
1968	6333	300	6033
1969	6322	298	6024
1970	6260	294	5966
1971	6278	293	5985
1972	6245	287	5958
1973	6184	286	5898
1974	6195	291	5904
1975	6169	306	5863
1976	6229	303	5926
1977	6103	291	5812
1978	6099	296	5803
1979	6129	304	5825
1980	6165	308	5857
1981	6212	303	5909
1982	6129	298	5831
1983	6075	293	5782
1984	6032	285	5747
1985	6002	291	5711
1986	6035	304	5731
1987	5967	304	5663
1988	5876	296	5580
1989	5824	299	5525
1990	5805	299	5506
1991	5684	300	5384
1992	5688	298	5390
1993	5649	289	5360
1994	5573	298	5275
1995	5554	298	5256
1996	5498	299	5199
1997	5447	293	5154
1998	5395	287	5108
1999	5371	292	5079
2000	5341	292	5049
2001	5303	302	5001
2002	5257	306	4951
2003	5198	297	4901
2004	5127	295	4832
2005	5108	300	4808
2006	5110	295	4815
2007	5152	288	4864
2008	5091	294	4797
2009	5015	297	4718
2010	5029	300	4729
2011	5010	300	4710
2012	4948	295	4653
2013	4918	297	4621
2014	4902	305	4597
2015	4886	306	4580
2016	4837	302	4535
2017	4861	293	4568
2018	4842	301	4541
2019	4856	299	4557
2020	4829	283	4546
2021	4867	286	4581
2022	4870	290	4580
2023	4839	287	4552
2024	4737	292	4445
2025	4722	305	4417
2026	4778	295	4483
2027	4710	291	4419
2028	4736	294	4442
2029	4748	298	4450
2030	4739	298	4441
2031	4735	292	4443
2032	4759	290	4469
2033	4801	289	4512
2034	4755	303	4452
2035	4710	297	4413
2036	4757	297	4460
2037	4828	296	4532
2038	4802	303	4499
2039	4804	300	4504
2040	4828	287	4541
2041	4844	293	4551
2042	4883	290	4593
2043	4870	289	4581
2044	4926	300	4626
2045	4975	299	4676
2046	5051	296	4755
2047	5101	294	4807
2048	5112	291	4821
2049	5097	296	4801
2050	5091	296	4795
2051	5103	297	4806
2052	5033	297	4736
2053	5100	294	4806
2054	5096	296	4800
2055	5048	293	4755
2056	5019	294	4725
2057	5047	299	4748
2058	5120	294	4826
2059	5136	298	4838
2060	5132	299	4833
2061	5100	291	4809
2062	5030	295	4735
2063	5065	293	4772
2064	5152	300	4852
2065	5008	302	4706
2066	4961	299	4662
2067	5031	294	4737
2068	4955	298	4657
2069	4946	306	4640
2070	5044	300	4744
2071	5005	293	4712
2072	4933	296	4637
2073	4893	292	4601
2074	4891	290	4601
2075	4887	288	4599
2076	4918	293	4625
2077	4926	296	4630
2078	4791	297	4494
2079	4757	304	4453
2080	4840	301	4539
2081	4868	296	4572
2082	4825	299	4526
2083	4860	288	4572
2084	4801	285	4516
2085	4768	281	4487
2086	4867	293	4574
2087	4892	293	4599
2088	4949	291	4658
2089	4976	289	4687
2090	4994	293	4701
2091	5015	303	4712
2092	4919	301	4618
2093	4897	298	4599
2094	4943	293	4650
2095	4948	293	4655
2096	4958	299	4659
2097	4901	295	4606
2098	4956	298	4658
2099	4970	293	4677
2100	4997	294	4703
2101	4988	300	4688
2102	4988	293	4695
2103	5038	291	4747
2104	5124	299	4825
2105	5177	297	4880
2106	5263	296	4967
2107	5218	295	4923
2108	5262	298	4964
2109	5309	311	4998
2110	5315	307	5008
2111	5355	301	5054
2112	5373	293	5080
2113	5351	282	5069
2114	5389	291	5098
2115	5351	300	5051
2116	5342	295	5047
2117	5470	290	5180
2118	5381	290	5091
2119	5294	289	5005
2120	5295	294	5001
2121	5214	295	4919
2122	5212	304	4908
2123	5230	306	4924
2124	5300	302	4998
2125	5324	296	5028
2126	5336	296	5040
2127	5235	298	4937
2128	5275	292	4983
2129	5208	292	4916
2130	5182	283	4899
2131	5216	289	4927
2132	5265	296	4969
2133	5326	296	5030
2134	5412	290	5122
2135	5515	290	5225
2136	5572	292	5280
2137	5620	293	5327
2138	5595	303	5292
2139	5534	295	5239
2140	5575	293	5282
2141	5566	299	5267
2142	5558	298	5260
2143	5526	292	5234
2144	5555	293	5262
2145	5598	296	5302
2146	5719	295	5424
2147	5749	294	5455
2148	5786	293	5493
2149	5812	296	5516
2150	5714	292	5422
2151	5706	295	5411
2152	5716	296	5420
2153	5782	293	5489
2154	5813	300	5513
2155	5851	296	5555
2156	5908	296	5612
2157	5860	298	5562
2158	5859	291	5568
2159	5916	290	5626
2160	5904	305	5599
2161	5855	299	5556
2162	5914	298	5616
2163	5974	295	5679
2164	5904	291	5613
2165	5923	300	5623
2166	6018	297	5721
2167	5964	294	5670
2168	6072	306	5766
2169	6101	304	5797
2170	6067	298	5769
2171	6090	295	5795
2172	6131	292	5839
2173	6152	286	5866
2174	6113	295	5818
2175	6100	295	5805
2176	6089	294	5795
2177	6076	296	5780
2178	6038	295	5743
2179	6020	289	5731
2180	5998	288	5710
2181	5975	290	5685
2182	6006	293	5713
2183	6021	291	5730
2184	5994	298	5696
2185	5948	294	5654
2186	5971	296	5675
2187	5991	296	5695
2188	6123	295	5828
2189	6209	295	5914
2190	6278	299	5979
2191	6370	298	6072
2192	6341	305	6036
2193	6352	304	6048
2194	6399	295	6104
2195	6388	296	6092
2196	6287	300	5987
2197	6297	292	6005
2198	6258	294	5964
2199	6222	298	5924
2200	6205	301	5904
2201	6149	298	5851
2202	6122	292	5830
2203	6158	291	5867
2204	6118	302	5816
2205	6185	306	5879
2206	6247	305	5942
2207	6218	298	5920
2208	6171	300	5871
2209	6202	297	5905
2210	6205	299	5906
2211	6105	297	5808
2212	6154	290	5864
2213	6144	294	5850
2214	6138	304	5834
2215	6083	292	5791
2216	6020	293	5727
2217	6008	300	5708
2218	6038	295	5743
2219	5989	289	5700
2220	6002	292	5710
2221	6015	294	5721
2222	5909	304	5605
2223	5829	300	5529
2224	5858	301	5557
2225	5902	295	5607
2226	5870	287	5583
2227	5873	293	5580
2228	5879	303	5576
2229	5805	301	5504
2230	5823	293	5530
2231	5834	296	5538
2232	5805	291	5514
2233	5799	297	5502
2234	5753	297	5456
2235	5662	298	5364
2236	5592	293	5299
2237	5525	291	5234
2238	5581	295	5286
2239	5538	291	5247
2240	5497	295	5202
2241	5456	295	5161
2242	5474	295	5179
2243	5430	300	5130
2244	5390	295	5095
2245	5373	293	5080
2246	5387	298	5089
2247	5396	300	5096
2248	5390	299	5091
2249	5418	297	5121
2250	5310	302	5008
2251	5316	299	5017
2252	5305	295	5010
2253	5279	287	4992
2254	5251	295	4956
2255	5255	299	4956
2256	5188	288	4900
2257	5168	286	4882
2258	5146	291	4855
2259	5185	293	4892
2260	5220	298	4922
2261	5105	296	4809
2262	5086	297	4789
2263	5119	291	4828
2264	5074	298	4776
2265	5069	299	4770
2266	5111	296	4815
2267	5191	301	4890
2268	5089	305	4784
2269	5020	297	4723
2270	4997	298	4699
2271	5032	292	4740
2272	5004	296	4708
2273	4933	295	4638
2274	4967	305	4662
2275	4937	314	4623
2276	4882	301	4581
2277	4889	298	4591
2278	4886	299	4587
2279	4888	296	4592
2280	4898	299	4599
2281	4819	301	4518
2282	4828	303	4525
2283	4785	294	4491
2284	4753	304	4449
2285	4761	297	4464
2286	4760	301	4459
2287	4723	303	4420
2288	4780	291	4489
2289	4702	296	4406
2290	4656	307	4349
2291	4733	299	4434
2292	4690	294	4396
2293	4700	301	4399
2294	4743	300	4443
2295	4752	293	4459
2296	4663	294	4369
2297	4644	295	4349
2298	4641	293	4348
2299	4621	305	4316
2300	4590	303	4287
2301	4568	301	4267
2302	4572	300	4272
2303	4638	302	4336
2304	4677	302	4375
2305	4622	301	4321
2306	4598	298	4300
2307	4573	298	4275
2308	4658	300	4358
2309	4698	292	4406
2310	4666	286	4380
2311	4686	295	4391
2312	4668	298	4370
2313	4647	308	4339
2314	4647	310	4337
2315	4697	297	4400
2316	4660	295	4365
2317	4676	294	4382
2318	4675	294	4381
2319	4626	296	4330
2320	4665	300	4365
2321	4646	297	4349
2322	4651	299	4352
2323	4689	296	4393
2324	4690	302	4388
2325	4641	297	4344
2326	4652	297	4355
2327	4662	305	4357
2328	4683	312	4371
2329	4712	299	4413
2330	4679	289	4390
2331	4651	306	4345
2332	4618	295	4323
2333	4669	298	4371
2334	4670	296	4374
2335	4649	294	4355
2336	4626	290	4336
2337	4661	300	4361
2338	4684	299	4385
2339	4713	295	4418
2340	4741	305	4436
2341	4682	305	4377
2342	4660	304	4356
2343	4689	301	4388
2344	4651	292	4359
2345	4644	290	4354
2346	4682	295	4387
2347	4715	295	4420
2348	4647	291	4356
2349	4665	297	4368
2350	4650	303	4347
2351	4686	301	4385
2352	4784	296	4488
2353	4741	292	4449
2354	4733	290	4443
2355	4726	284	4442
2356	4805	288	4517
2357	4891	286	4605
2358	4893	296	4597
2359	4876	295	4581
2360	4876	296	4580
2361	4953	289	4664
2362	4951	300	4651
2363	4964	296	4668
2364	5022	305	4717
2365	5071	303	4768
2366	5122	292	4830
2367	5145	293	4852
2368	5149	293	4856
2369	5158	295	4863
2370	5242	293	4949
2371	5319	290	5029
2372	5357	289	5068
2373	5352	290	5062
2374	5304	299	5005
2375	5246	300	4946
2376	5287	297	4990
2377	5357	290	5067
2378	5345	288	5057
2379	5400	294	5106
2380	5309	306	5003
2381	5271	302	4969
2382	5294	296	4998
2383	5325	287	5038
2384	5368	295	5073
2385	5331	302	5029
2386	5373	306	5067
2387	5359	298	5061
2388	5353	301	5052
2389	5400	295	5105
2390	5451	300	5151
2391	5433	295	5138
2392	5464	289	5175
2393	5459	293	5166
2394	5448	290	5158
2395	5440	293	5147
2396	5474	296	5178
2397	5481	298	5183
2398	5420	298	5122
2399	5399	296	5103
2400	5447	290	5157
2401	5385	296	5089
2402	5347	295	5052
2403	5377	281	5096
2404	5449	289	5160
2405	5435	296	5139
2406	5370	298	5072
2407	5337	296	5041
2408	5299	299	5000
2409	5270	297	4973
2410	5291	295	4996
2411	5363	298	5065
2412	5315	300	5015
2413	5221	296	4925
2414	5258	296	4962
2415	5263	295	4968
2416	5222	304	4918
2417	5234	298	4936
2418	5208	303	4905
2419	5207	307	4900
2420	5260	298	4962
2421	5240	294	4946
2422	5209	293	4916
2423	5197	297	4900
2424	5186	293	4893
2425	5276	293	4983
2426	5226	302	4924
2427	5255	296	4959
2428	5220	293	4927
2429	5209	291	4918
2430	5221	298	4923
2431	5177	297	4880
2432	5116	300	4816
2433	5169	294	4875
2434	5247	296	4951
2435	5146	290	4856
2436	5193	287	4906
2437	5173	295	4878
2438	5097	295	4802
2439	5148	303	4845
2440	5173	294	4879
2441	5110	283	4827
2442	5154	291	4863
2443	5182	293	4889
2444	5217	291	4926
2445	5159	288	4871
2446	5003	290	4713
2447	5058	301	4757
2448	5115	303	4812
2449	5119	298	4821
2450	5124	302	4822
2451	5140	292	4848
2452	5072	295	4777
2453	5063	291	4772
2454	5006	290	4716
2455	5009	304	4705
2456	5055	296	4759
2457	4972	289	4683
2458	4985	294	4691
2459	5018	290	4728
2460	4973	292	4681
2461	4971	285	4686
2462	4981	290	4691
2463	4956	285	4671
2464	4970	295	4675
2465	4988	294	4694
2466	4920	286	4634
2467	4953	292	4661
2468	4993	283	4710
2469	4992	304	4688
2470	4995	296	4699
2471	4945	292	4653
2472	4943	301	4642
2473	4908	296	4612
2474	4874	301	4573
2475	4823	303	4520
2476	4873	296	4577
2477	4879	291	4588
2478	4908	290	4618
2479	4978	292	4686
2480	4985	300	4685
2481	4924	298	4626
2482	4872	299	4573
2483	4839	309	4530
2484	4811	297	4514
2485	4854	295	4559
2486	4911	298	4613
2487	4892	298	4594
2488	4888	293	4595
2489	4911	286	4625
2490	4900	291	4609
2491	4904	285	4619
2492	4950	295	4655
2493	4933	297	4636
2494	4939	291	4648
2495	4869	297	4572
2496	4839	302	4537
2497	4852	304	4548
2498	4814	301	4513
2499	4817	295	4522
2500	4829	303	4526
2501	4818	307	4511
2502	4850	299	4551
2503	4846	298	4548
2504	4854	296	4558
2505	4823	292	4531
2506	4873	294	4579
2507	4875	284	4591
2508	4906	288	4618
2509	4963	295	4668
2510	4991	282	4709
2511	4970	289	4681
2512	4952	303	4649
2513	4963	302	4661
2514	4939	299	4640
2515	4986	299	4687
2516	5024	296	4728
2517	5230	291	4939
2518	5544	296	5248
2519	5973	298	5675
2520	6479	301	6178
2521	6918	302	6616
2522	6981	296	6685
2523	6758	292	6466
2524	6463	292	6171
2525	6286	286	6000
2526	6138	293	5845
2527	6027	299	5728
2528	6051	298	5753
2529	6049	294	5755
2530	6061	298	5763
2531	6040	299	5741
2532	6071	301	5770
2533	6065	301	5764
2534	6050	299	5751
2535	5977	291	5686
2536	5802	290	5512
2537	5762	301	5461
2538	5733	292	5441
2539	5643	293	5350
2540	5576	298	5278
2541	5549	293	5256
2542	5596	294	5302
2543	5652	301	5351
2544	5651	304	5347
2545	5572	303	5269
2546	5527	295	5232
2547	5511	291	5220
2548	5456	290	5166
2549	5339	289	5050
2550	5193	296	4897
2551	5170	288	4882
2552	5169	289	4880
2553	5093	300	4793
2554	5123	305	4818
2555	5061	300	4761
2556	5001	305	4696
2557	4998	292	4706
2558	4936	289	4647
2559	4830	298	4532
2560	4832	299	4533
2561	4714	293	4421
2562	4615	300	4315
2563	4590	301	4289
2564	4573	294	4279
2565	4571	296	4275
2566	4566	294	4272
2567	4534	295	4239
2568	4465	305	4160
2569	4451	306	4145
2570	4480	300	4180
2571	4431	294	4137
2572	4397	294	4103
2573	4353	290	4063
2574	4370	299	4071
2575	4329	301	4028
2576	4249	301	3948
2577	4217	286	3931
2578	4223	284	3939
2579	4190	301	3889
2580	4123	303	3820
2581	4079	297	3782
2582	4009	298	3711
2583	4002	292	3710
2584	3990	293	3697
2585	4053	301	3752
2586	4070	301	3769
2587	4020	292	3728
2588	3968	296	3672
2589	3914	299	3615
2590	3834	296	3538
2591	3881	290	3591
2592	3872	290	3582
2593	3887	303	3584
2594	3878	302	3576
2595	3852	294	3558
2596	3858	289	3569
2597	3912	284	3628
2598	3876	292	3584
2599	3873	297	3576
2600	3883	307	3576
2601	3840	301	3539
2602	3797	283	3514
2603	3796	288	3508
2604	3824	293	3531
2605	3775	293	3482
2606	3710	302	3408
2607	3715	301	3414
2608	3701	293	3408
2609	3669	297	3372
2610	3648	291	3357
2611	3696	288	3408
2612	3732	301	3431
2613	3700	306	3394
2614	3695	302	3393
2615	3723	296	3427
2616	3715	302	3413
2617	3742	304	3438
2618	3718	297	3421
2619	3720	292	3428
2620	3682	295	3387
2621	3656	306	3350
2622	3696	305	3391
2623	3716	298	3418
2624	3646	292	3354
2625	3613	295	3318
2626	3606	296	3310
2627	3679	299	3380
2628	3750	305	3445
2629	3765	298	3467
2630	3698	296	3402
2631	3652	308	3344
2632	3650	295	3355
2633	3667	291	3376
2634	3650	293	3357
2635	3704	290	3414
2636	3791	292	3499
2637	3770	285	3485
2638	3767	291	3476
2639	3816	287	3529
2640	3837	291	3546
2641	3758	298	3460
2642	3729	291	3438
2643	3777	294	3483
2644	3812	297	3515
2645	3798	291	3507
2646	3812	296	3516
2647	3861	296	3565
2648	3871	296	3575
2649	3838	299	3539
2650	3893	300	3593
2651	3894	293	3601
2652	3963	297	3666
2653	3970	296	3674
2654	3921	302	3619
2655	3861	303	3558
2656	3875	293	3582
2657	3935	294	3641
2658	3923	302	3621
2659	3926	304	3622
2660	3927	295	3632
2661	3911	290	3621
2662	3984	293	3691
2663	4011	288	3723
2664	4005	293	3712
2665	4068	288	3780
2666	4042	292	3750
2667	4009	294	3715
2668	4029	302	3727
2669	4009	305	3704
2670	4037	305	3732
2671	4006	296	3710
2672	4042	290	3752
2673	4051	292	3759
2674	4029	291	3738
2675	4129	299	3830
2676	4129	307	3822
2677	4104	297	3807
2678	4082	292	3790
2679	4078	302	3776
2680	4109	302	3807
2681	4058	294	3764
2682	4017	291	3726
2683	4008	301	3707
2684	4087	308	3779
2685	4085	298	3787
2686	4053	290	3763
2687	4098	293	3805
2688	4076	300	3776
2689	4092	297	3795
2690	4070	292	3778
2691	4093	297	3796
2692	4068	295	3773
2693	4074	287	3787
2694	4045	293	3752
2695	4020	297	3723
2696	4032	303	3729
2697	4008	297	3711
2698	3986	300	3686
2699	4012	291	3721
2700	4050	292	3758
2701	4067	296	3771
2702	4015	297	3718
2703	3992	290	3702
2704	3907	286	3621
2705	3931	296	3635
2706	3952	298	3654
2707	3910	294	3616
2708	3931	302	3629
2709	3929	297	3632
2710	3923	298	3625
2711	3866	301	3565
2712	3853	304	3549
2713	3848	298	3550
2714	3864	301	3563
2715	3882	297	3585
2716	3899	294	3605
2717	3810	291	3519
2718	3786	295	3491
2719	3831	297	3534
2720	3829	295	3534
2721	3744	288	3456
2722	3789	298	3491
2723	3772	301	3471
2724	3754	294	3460
2725	3753	291	3462
2726	3717	294	3423
2727	3706	290	3416
2728	3708	284	3424
2729	3706	288	3418
2730	3623	283	3340
2731	3671	296	3375
2732	3694	292	3402
2733	3636	296	3340
2734	3638	297	3341
2735	3678	298	3380
2736	3629	298	3331
2737	3625	294	3331
2738	3551	295	3256
2739	3551	302	3249
2740	3576	307	3269
2741	3534	302	3232
2742	3508	296	3212
2743	3525	286	3239
2744	3535	284	3251
2745	3521	294	3227
2746	3500	294	3206
2747	3543	297	3246
2748	3507	293	3214
2749	3491	287	3204
2750	3396	298	3098
2751	3446	300	3146
2752	3535	299	3236
2753	3523	293	3230
2754	3485	295	3190
2755	3453	291	3162
2756	3490	295	3195
2757	3448	290	3158
2758	3421	299	3122
2759	3413	297	3116
2760	3407	292	3115
2761	3393	285	3108
2762	3430	289	3141
2763	3417	294	3123
2764	3382	292	3090
2765	3407	290	3117
2766	3391	293	3098
2767	3390	300	3090
2768	3421	294	3127
2769	3423	294	3129
2770	3407	296	3111
2771	3384	294	3090
2772	3440	290	3150
2773	3414	288	3126
2774	3367	293	3074
2775	3354	298	3056
2776	3374	301	3073
2777	3383	301	3082
2778	3343	296	3047
2779	3349	301	3048
2780	3361	303	3058
2781	3349	299	3050
2782	3276	298	2978
2783	3310	291	3019
2784	3305	293	3012
2785	3296	291	3005
2786	3253	299	2954
2787	3304	297	3007
2788	3358	301	3057
2789	3349	294	3055
2790	3329	280	3049
2791	3350	287	3063
2792	3336	300	3036
2793	3290	297	2993
2794	3269	302	2967
2795	3269	306	2963
2796	3292	304	2988
2797	3332	289	3043
2798	3338	290	3048
2799	3304	294	3010
2800	3268	300	2968
2801	3277	290	2987
2802	3292	288	3004
2803	3295	301	2994
2804	3298	306	2992
2805	3284	297	2987
2806	3234	298	2936
2807	3238	296	2942
2808	3251	292	2959
2809	3251	282	2969
2810	3264	293	2971
2811	3235	297	2938
2812	3197	297	2900
2813	3247	294	2953
2814	3269	293	2976
2815	3253	306	2947
2816	3219	301	2918
2817	3178	301	2877
2818	3211	306	2905
2819	3236	298	2938
2820	3197	302	2895
2821	3225	305	2920
2822	3205	300	2905
2823	3165	301	2864
2824	3162	297	2865
2825	3175	295	2880
2826	3159	300	2859
2827	3181	296	2885
2828	3187	301	2886
2829	3126	299	2827
2830	3150	296	2854
2831	3184	288	2896
2832	3158	287	2871
2833	3122	291	2831
2834	3121	290	2831
2835	3103	282	2821
2836	3157	290	2867
2837	3141	302	2839
2838	3103	293	2810
2839	3107	293	2814
2840	3084	294	2790
2841	3121	289	2832
2842	3104	296	2808
2843	3085	293	2792
2844	3026	293	2733
2845	3019	297	2722
2846	3052	288	2764
2847	3081	285	2796
2848	3052	293	2759
2849	3066	306	2760
2850	3040	299	2741
2851	3090	292	2798
2852	3046	292	2754
2853	3018	292	2726
2854	2967	291	2676
2855	2924	289	2635
2856	2927	301	2626
2857	2929	301	2628
2858	2934	296	2638
2859	2909	297	2612
2860	2869	289	2580
2861	2867	290	2577
2862	2902	290	2612
2863	2873	290	2583
2864	2818	289	2529
2865	2811	292	2519
2866	2836	306	2530
2867	2748	303	2445
2868	2759	301	2458
2869	2786	292	2494
2870	2737	297	2440
2871	2739	299	2440
2872	2703	293	2410
2873	2734	301	2433
2874	2733	286	2447
2875	2717	291	2426
2876	2688	300	2388
2877	2707	297	2410
2878	2711	288	2423
2879	2706	294	2412
2880	2631	295	2336
2881	2652	296	2356
2882	2638	295	2343
2883	2614	293	2321
2884	2646	295	2351
2885	2703	291	2412
2886	2638	289	2349
2887	2593	301	2292
2888	2617	298	2319
2889	2588	300	2288
2890	2589	291	2298
2891	2560	286	2274
2892	2536	299	2237
2893	2565	300	2265
2894	2592	292	2300
2895	2567	294	2273
2896	2501	295	2206
2897	2517	296	2221
2898	2517	294	2223
2899	2488	293	2195
2900	2433	296	2137
2901	2470	290	2180
2902	2474	291	2183
2903	2456	285	2171
2904	2494	286	2208
2905	2457	291	2166
2906	2391	294	2097
2907	2395	301	2094
2908	2403	304	2099
2909	2378	292	2086
2910	2436	289	2147
2911	2448	292	2156
2912	2406	299	2107
2913	2408	300	2108
2914	2378	295	2083
2915	2340	291	2049
2916	2400	298	2102
2917	2410	291	2119
2918	2420	286	2134
2919	2439	292	2147
2920	2358	298	2060
2921	2367	304	2063
2922	2383	302	2081
2923	2347	291	2056
2924	2344	291	2053
2925	2335	294	2041
2926	2288	300	1988
2927	2348	295	2053
2928	2382	294	2088
2929	2350	296	2054
2930	2354	289	2065
2931	2309	299	2010
2932	2295	305	1990
2933	2311	304	2007
2934	2297	299	1998
2935	2352	293	2059
2936	2365	292	2073
2937	2311	298	2013
2938	2293	293	2000
2939	2323	297	2026
2940	2380	298	2082
2941	2340	302	2038
2942	2334	304	2030
2943	2347	304	2043
2944	2370	298	2072
2945	2366	300	2066
2946	2362	294	2068
2947	2364	294	2070
2948	2339	304	2035
2949	2346	301	2045
2950	2367	298	2069
2951	2359	290	2069
2952	2346	291	2055
2953	2329	286	2043
2954	2348	297	2051
2955	2313	299	2014
2956	2335	302	2033
2957	2340	295	2045
2958	2303	289	2014
2959	2353	289	2064
2960	2368	301	2067
2961	2340	297	2043
2962	2325	293	2032
2963	2373	285	2088
2964	2387	295	2092
2965	2344	309	2035
2966	2360	301	2059
2967	2365	298	2067
2968	2377	297	2080
2969	2407	295	2112
2970	2437	293	2144
2971	2425	298	2127
2972	2409	302	2107
2973	2391	301	2090
2974	2391	297	2094
2975	2402	299	2103
2976	2381	297	2084
2977	2341	287	2054
2978	2415	292	2123
2979	2443	294	2149
2980	2391	301	2090
2981	2385	300	2085
2982	2366	297	2069
2983	2398	296	2102
2984	2421	292	2129
2985	2402	296	2106
2986	2432	299	2133
2987	2467	300	2167
2988	2422	290	2132
2989	2417	298	2119
2990	2394	297	2097
2991	2422	293	2129
2992	2442	300	2142
2993	2460	296	2164
2994	2444	293	2151
2995	2431	293	2138
2996	2496	297	2199
2997	2485	294	2191
2998	2506	291	2215
2999	2487	286	2201
3000	2474	286	2188
3001	2441	287	2154
3002	2419	292	2127
3003	2452	307	2145
3004	2480	298	2182
3005	2498	294	2204
3006	2463	303	2160
3007	2418	300	2118
3008	2456	295	2161
3009	2458	294	2164
3010	2470	304	2166
3011	2472	298	2174
3012	2439	289	2150
3013	2430	287	2143
3014	2470	301	2169
3015	2483	306	2177
3016	2449	306	2143
3017	2374	298	2076
3018	2415	295	2120
3019	2464	296	2168
3020	2406	296	2110
3021	2395	297	2098
3022	2405	289	2116
3023	2404	288	2116
3024	2468	288	2180
3025	2497	294	2203
3026	2456	295	2161
3027	2480	288	2192
3028	2482	296	2186
3029	2409	299	2110
3030	2412	298	2114
3031	2392	295	2097
3032	2374	287	2087
3033	2379	298	2081
3034	2405	304	2101
3035	2443	292	2151
3036	2448	284	2164
3037	2408	295	2113
3038	2395	295	2100
3039	2396	296	2100
3040	2379	294	2085
3041	2404	295	2109
3042	2398	282	2116
3043	2330	290	2040
3044	2341	291	2050
3045	2371	304	2067
3046	2389	307	2082
3047	2336	296	2040
3048	2316	291	2025
3049	2333	296	2037
3050	2364	295	2069
3051	2346	291	2055
3052	2334	295	2039
3053	2332	302	2030
3054	2334	300	2034
3055	2359	290	2069
3056	2346	295	2051
3057	2322	298	2024
3058	2305	291	2014
3059	2327	286	2041
3060	2355	291	2064
3061	2366	296	2070
3062	2348	298	2050
3063	2362	291	2071
3064	2352	288	2064
3065	2317	288	2029
3066	2295	287	2008
3067	2262	302	1960
3068	2249	300	1949
3069	2241	293	1948
3070	2233	301	1932
3071	2268	292	1976
3072	2281	289	1992
3073	2285	292	1993
3074	2267	287	1980
3075	2287	294	1993
3076	2221	295	1926
3077	2186	286	1900
3078	2228	288	1940
3079	2205	289	1916
3080	2185	281	1904
3081	2163	290	1873
3082	2128	296	1832
3083	2158	293	1865
3084	2155	285	1870
3085	2139	295	1844
3086	2156	300	1856
3087	2176	295	1881
3088	2201	291	1910
3089	2218	286	1932
3090	2234	295	1939
3091	2259	297	1962
3092	2288	297	1991
3093	2309	303	2006
3094	2286	292	1994
3095	2235	290	1945
3096	2242	288	1954
3097	2257	287	1970
3098	2231	286	1945
3099	2218	304	1914
3100	2218	308	1910
3101	2247	299	1948
3102	2268	300	1968
3103	2252	296	1956
3104	2277	286	1991
3105	2255	290	1965
3106	2245	303	1942
3107	2251	301	1950
3108	2284	296	1988
3109	2277	292	1985
3110	2220	297	1923
3111	2234	293	1941
3112	2280	287	1993
3113	2238	282	1956
3114	2221	292	1929
3115	2256	293	1963
3116	2278	290	1988
3117	2251	292	1959
3118	2245	291	1954
3119	2248	297	1951
3120	2286	295	1991
3121	2280	285	1995
3122	2281	292	1989
3123	2250	297	1953
3124	2249	299	1950
3125	2291	294	1997
3126	2276	291	1985
3127	2285	288	1997
3128	2302	294	2008
3129	2313	297	2016
3130	2317	294	2023
3131	2275	296	1979
3132	2320	290	2030
3133	2279	285	1994
3134	2261	288	1973
3135	2274	292	1982
3136	2294	297	1997
3137	2265	295	1970
3138	2307	294	2013
3139	2340	296	2044
3140	2346	296	2050
3141	2312	294	2018
3142	2292	295	1997
3143	2310	292	2018
3144	2362	285	2077
3145	2369	294	2075
3146	2411	309	2102
3147	2459	306	2153
3148	2466	302	2164
3149	2415	295	2120
3150	2454	292	2162
3151	2452	297	2155
3152	2438	287	2151
3153	2420	298	2122
3154	2465	297	2168
3155	2500	284	2216
3156	2532	287	2245
3157	2575	288	2287
3158	2602	296	2306
3159	2614	301	2313
3160	2624	293	2331
3161	2646	285	2361
3162	2704	294	2410
3163	2692	290	2402
3164	2761	293	2468
3165	2861	298	2563
3166	2870	301	2569
3167	2886	302	2584
3168	2973	291	2682
3169	3051	294	2757
3170	3041	296	2745
3171	3077	294	2783
3172	3131	298	2833
3173	3191	298	2893
3174	3193	292	2901
3175	3151	300	2851
3176	3147	297	2850
3177	3195	297	2898
3178	3300	305	2995
3179	3369	302	3067
3180	3374	291	3083
3181	3449	297	3152
3182	3486	298	3188
3183	3485	292	3193
3184	3520	302	3218
3185	3621	295	3326
3186	3664	287	3377
3187	3707	294	3413
3188	3774	297	3477
3189	3794	293	3501
3190	3832	290	3542
3191	3877	295	3582
3192	3833	289	3544
3193	3816	291	3525
3194	3840	304	3536
3195	3790	293	3497
3196	3873	289	3584
3197	3979	298	3681
3198	4071	290	3781
3199	4132	294	3838
3200	4238	297	3941
3201	4275	289	3986
3202	4322	289	4033
3203	4357	306	4051
3204	4361	306	4055
3205	4459	298	4161
3206	4509	300	4209
3207	4574	298	4276
3208	4595	302	4293
3209	4609	309	4300
3210	4604	303	4301
3211	4671	298	4373
3212	4717	302	4415
3213	4682	300	4382
3214	4748	304	4444
3215	4803	299	4504
3216	4849	304	4545
3217	4834	303	4531
3218	4797	290	4507
3219	4840	299	4541
3220	4808	302	4506
3221	4822	298	4524
3222	4799	301	4498
3223	4838	303	4535
3224	4943	297	4646
3225	4957	280	4677
3226	5008	285	4723
3227	5083	303	4780
3228	5048	304	4744
3229	5077	292	4785
3230	5156	292	4864
3231	5169	302	4867
3232	5134	304	4830
3233	5214	296	4918
3234	5301	291	5010
3235	5369	292	5077
3236	5465	294	5171
3237	5655	294	5361
3238	5674	292	5382
3239	5731	300	5431
3240	5748	296	5452
3241	5751	298	5453
3242	5694	305	5389
3243	5564	297	5267
3244	5573	281	5292
3245	5542	280	5262
3246	5553	294	5259
3247	5564	302	5262
3248	5570	304	5266
3249	5503	294	5209
3250	5457	292	5165
3251	5529	300	5229
3252	5589	294	5295
3253	5597	290	5307
3254	5527	292	5235
3255	5526	297	5229
3256	5479	298	5181
3257	5484	292	5192
3258	5478	293	5185
3259	5512	299	5213
3260	5555	303	5252
3261	5534	297	5237
3262	5500	298	5202
3263	5506	294	5212
3264	5583	292	5291
3265	5586	294	5292
3266	5637	290	5347
3267	5720	298	5422
3268	5861	296	5565
3269	5962	305	5657
3270	6141	301	5840
3271	6118	292	5826
3272	6083	284	5799
3273	6087	294	5793
3274	6101	300	5801
3275	6074	292	5782
3276	6044	301	5743
3277	6078	304	5774
3278	6073	300	5773
3279	5974	301	5673
3280	5859	293	5566
3281	5787	290	5497
3282	5775	295	5480
3283	5738	302	5436
3284	5642	298	5344
3285	5564	294	5270
3286	5483	300	5183
3287	5392	295	5097
3288	5332	297	5035
3289	5312	293	5019
3290	5309	294	5015
3291	5334	298	5036
3292	5370	301	5069
3293	5411	294	5117
3294	5408	289	5119
3295	5371	291	5080
3296	5296	292	5004
3297	5271	300	4971
3298	5329	303	5026
3299	5398	298	5100
3300	5430	297	5133
3301	5444	299	5145
3302	5469	295	5174
3303	5429	292	5137
3304	5392	293	5099
3305	5343	282	5061
3306	5342	281	5061
3307	5244	296	4948
3308	5225	302	4923
3309	5179	305	4874
3310	5081	305	4776
3311	5048	300	4748
3312	4977	288	4689
3313	4940	283	4657
3314	4887	294	4593
3315	4862	295	4567
3316	4889	297	4592
3317	4843	295	4548
3318	4763	281	4482
3319	4824	279	4545
3320	4774	298	4476
3321	4805	295	4510
3322	4858	281	4577
3323	4871	291	4580
3324	4850	289	4561
3325	4858	297	4561
3326	4884	302	4582
3327	4817	299	4518
3328	4788	298	4490
3329	4691	302	4389
3330	4688	305	4383
3331	4714	300	4414
3332	4612	300	4312
3333	4563	298	4265
3334	4527	290	4237
3335	4450	290	4160
3336	4381	299	4082
3337	4340	294	4046
3338	4285	283	4002
3339	4233	286	3947
3340	4145	282	3863
3341	4176	288	3888
3342	4144	308	3836
3343	4097	303	3794
3344	4073	297	3776
3345	4053	294	3759
3346	3978	294	3684
3347	3985	288	3697
3348	3924	287	3637
3349	3879	287	3592
3350	3819	300	3519
3351	3767	301	3466
3352	3745	296	3449
3353	3722	295	3427
3354	3644	294	3350
3355	3578	289	3289
3356	3556	301	3255
3357	3526	293	3233
3358	3464	300	3164
3359	3387	295	3092
3360	3407	290	3117
3361	3403	295	3108
3362	3404	300	3104
3363	3370	298	3072
3364	3376	290	3086
3365	3343	282	3061
3366	3303	292	3011
3367	3302	301	3001
3368	3321	293	3028
3369	3410	282	3128
3370	3436	303	3133
3371	3493	304	3189
3372	3561	293	3268
3373	3575	289	3286
3374	3504	302	3202
3375	3492	308	3184
3376	3481	307	3174
3377	3436	306	3130
3378	3398	291	3107
3379	3342	288	3054
3380	3324	299	3025
3381	3329	299	3030
3382	3273	287	2986
3383	3226	297	2929
3384	3195	295	2900
3385	3203	288	2915
3386	3158	290	2868
3387	3167	289	2878
3388	3223	297	2926
3389	3277	295	2982
3390	3268	297	2971
3391	3210	308	2902
3392	3230	301	2929
3393	3245	293	2952
3394	3209	306	2903
3395	3118	298	2820
3396	3116	294	2822
3397	3101	298	2803
3398	3054	296	2758
3399	3092	286	2806
3400	3035	289	2746
3401	2949	286	2663
3402	2913	287	2626
3403	2886	302	2584
3404	2888	308	2580
3405	2899	296	2603
3406	2831	286	2545
3407	2809	296	2513
3408	2806	298	2508
3409	2802	298	2504
3410	2781	298	2483
3411	2810	297	2513
3412	2751	288	2463
3413	2729	287	2442
3414	2748	299	2449
3415	2764	301	2463
3416	2725	294	2431
3417	2688	296	2392
3418	2689	303	2386
3419	2663	301	2362
3420	2644	302	2342
3421	2596	287	2309
3422	2577	284	2293
3423	2597	300	2297
3424	2688	295	2393
3425	2726	299	2427
3426	2716	294	2422
3427	2712	297	2415
3428	2725	290	2435
3429	2774	294	2480
3430	2719	296	2423
3431	2679	297	2382
3432	2630	299	2331
3433	2602	292	2310
3434	2657	296	2361
3435	2679	300	2379
3436	2694	305	2389
3437	2693	298	2395
3438	2653	286	2367
3439	2661	290	2371
3440	2662	297	2365
3441	2634	303	2331
3442	2617	295	2322
3443	2596	294	2302
3444	2622	290	2332
3445	2617	285	2332
3446	2631	292	2339
3447	2621	296	2325
3448	2580	289	2291
3449	2580	294	2286
3450	2577	300	2277
3451	2524	291	2233
3452	2514	298	2216
3453	2482	307	2175
3454	2427	300	2127
3455	2411	297	2114
3456	2457	300	2157
3457	2432	299	2133
3458	2440	299	2141
3459	2432	296	2136
3460	2441	290	2151
3461	2397	305	2092
3462	2412	305	2107
3463	2487	304	2183
3464	2498	300	2198
3465	2558	305	2253
3466	2483	299	2184
3467	2425	288	2137
3468	2444	290	2154
3469	2462	292	2170
3470	2494	291	2203
3471	2509	297	2212
3472	2485	297	2188
3473	2428	284	2144
3474	2333	290	2043
3475	2337	291	2046
3476	2346	289	2057
3477	2306	294	2012
3478	2309	306	2003
3479	2246	296	1950
3480	2212	280	1932
3481	2211	282	1929
3482	2220	287	1933
3483	2198	286	1912
3484	2219	288	1931
3485	2208	292	1916
3486	2197	297	1900
3487	2215	296	1919
3488	2208	296	1912
3489	2199	292	1907
3490	2173	288	1885
3491	2171	290	1881
3492	2171	298	1873
3493	2143	302	1841
3494	2166	301	1865
3495	2204	286	1918
3496	2130	286	1844
3497	2055	292	1763
3498	2051	297	1754
3499	2059	292	1767
3500	2041	291	1750
3501	2010	291	1719
3502	2055	289	1766
3503	2096	296	1800
3504	2069	291	1778
3505	2042	287	1755
3506	2040	297	1743
3507	2025	292	1733
3508	2009	284	1725
3509	2027	288	1739
3510	2014	293	1721
3511	1953	303	1650
3512	1942	305	1637
3513	1921	300	1621
3514	1897	297	1600
3515	1867	284	1583
3516	1845	287	1558
3517	1830	288	1542
3518	1824	296	1528
3519	1845	293	1552
3520	1858	299	1559
3521	1829	304	1525
3522	1781	301	1480
3523	1809	293	1516
3524	1789	283	1506
3525	1773	285	1488
3526	1783	296	1487
3527	1803	302	1501
3528	1775	292	1483
3529	1752	292	1460
3530	1771	291	1480
3531	1772	287	1485
3532	1812	299	1513
3533	1846	296	1550
3534	1789	303	1486
3535	1757	300	1457
3536	1698	294	1404
3537	1689	294	1395
3538	1676	304	1372
3539	1698	305	1393
3540	1720	303	1417
3541	1686	305	1381
3542	1672	303	1369
3543	1685	297	1388
3544	1686	286	1400
3545	1647	294	1353
3546	1651	290	1361
3547	1648	289	1359
3548	1627	296	1331
3549	1635	289	1346
3550	1614	296	1318
3551	1548	293	1255
3552	1556	299	1257
3553	1556	297	1259
3554	1548	292	1256
3555	1532	301	1231
3556	1510	296	1214
3557	1553	292	1261
3558	1593	293	1300
3559	1562	299	1263
3560	1526	298	1228
3561	1516	301	1215
3562	1527	295	1232
3563	1490	304	1186
3564	1482	308	1174
3565	1480	289	1191
3566	1481	293	1188
3567	1473	294	1179
3568	1446	291	1155
3569	1474	304	1170
3570	1437	303	1134
3571	1421	294	1127
3572	1428	288	1140
3573	1441	282	1159
3574	1432	295	1137
3575	1406	296	1110
3576	1414	286	1128
3577	1438	293	1145
3578	1468	298	1170
3579	1467	292	1175
3580	1356	293	1063
3581	1350	299	1051
3582	1382	296	1086
3583	1365	292	1073
3584	1389	302	1087
3585	1372	296	1076
3586	1395	297	1098
3587	1402	296	1106
3588	1357	288	1069
3589	1346	292	1054
3590	1343	293	1050
3591	1288	294	994
3592	1215	295	920
3593	1241	294	947
3594	1247	295	952
3595	1230	298	932
3596	1279	292	987
3597	1281	287	994
3598	1277	289	988
3599	1279	295	984
3600	1268	295	973
3601	1250	290	960
3602	1218	289	929
3603	1197	302	895
3604	1187	302	885
3605	1198	298	900
3606	1233	303	930
3607	1228	300	928
3608	1218	305	913
3609	1214	296	918
3610	1158	296	862
3611	1172	304	868
3612	1192	303	889
3613	1144	295	849
3614	1135	295	840
3615	1113	294	819
3616	1106	291	815
3617	1102	287	815
3618	1092	293	799
3619	1084	289	795
3620	1084	285	799
3621	1099	295	804
3622	1092	299	793
3623	1080	290	790
3624	1102	284	818
3625	1060	296	764
3626	1056	303	753
3627	1073	305	768
3628	1076	301	775
3629	1072	296	776
3630	1060	296	764
3631	1065	292	773
3632	1096	296	800
3633	1099	292	807
3634	1094	284	810
3635	1057	289	768
3636	1026	294	732
3637	1028	295	733
3638	992	301	691
3639	976	301	675
3640	985	292	693
3641	966	292	674
3642	967	298	669
3643	963	298	665
3644	964	301	663
3645	955	294	661
3646	966	291	675
3647	986	295	691
3648	961	296	665
