index	original	background	difference
-----------------------------------------------------
1	521	346	175
2	528	356	172
3	550	362	188
4	556	357	199
5	555	352	203
6	567	352	215
7	537	359	178
8	539	364	175
9	556	360	196
10	556	370	186
11	537	363	174
12	520	359	161
13	538	365	173
14	535	359	176
15	546	350	196
16	557	346	211
17	562	360	202
18	555	357	198
19	550	350	200
20	540	359	181
21	542	363	179
22	546	360	186
23	562	362	200
24	543	361	182
25	575	355	220
26	582	368	214
27	561	371	190
28	556	360	196
29	554	365	189
30	540	371	169
31	565	369	196
32	558	361	197
33	544	369	175
34	546	379	167
35	542	366	176
36	542	363	179
37	550	359	191
38	544	362	182
39	558	359	199
40	532	359	173
41	538	366	172
42	544	363	181
43	569	370	199
44	565	367	198
45	575	353	222
46	550	358	192
47	532	367	165
48	532	364	168
49	551	375	176
50	569	379	190
51	584	377	207
52	582	372	210
53	569	367	202
54	569	380	189
55	553	375	178
56	566	372	194
57	553	374	179
58	551	376	175
59	571	370	201
60	577	373	204
61	557	374	183
62	557	370	187
63	576	376	200
64	573	368	205
65	576	373	203
66	571	379	192
67	571	371	200
68	559	368	191
69	546	363	183
70	544	361	183
71	559	368	191
72	563	377	186
73	557	378	179
74	555	381	174
75	578	374	204
76	539	364	175
77	555	355	200
78	570	367	203
79	558	371	187
80	536	368	168
81	556	373	183
82	557	381	176
83	557	368	189
84	552	373	179
85	547	378	169
86	533	370	163
87	545	371	174
88	553	363	190
89	537	364	173
90	549	374	175
91	579	381	198
92	570	379	191
93	572	372	200
94	564	369	195
95	543	373	170
96	552	367	185
97	554	361	193
98	529	370	159
99	534	372	162
100	540	377	163
101	546	379	167
102	547	376	171
103	568	370	198
104	580	369	211
105	547	378	169
106	527	377	150
107	532	373	159
108	549	371	178
109	541	371	170
110	537	373	164
111	544	370	174
112	543	364	179
113	530	377	153
114	543	375	168
115	549	374	175
116	541	376	165
117	557	372	185
118	563	378	185
119	554	378	176
120	566	369	197
121	562	365	197
122	542	366	176
123	551	378	173
124	536	391	145
125	553	375	178
126	559	368	191
127	563	367	196
128	561	374	187
129	566	381	185
130	551	376	175
131	540	376	164
132	551	369	182
133	559	369	190
134	537	368	169
135	539	375	164
136	536	383	153
137	562	378	184
138	573	377	196
139	555	368	187
140	543	378	165
141	566	386	180
142	547	385	162
143	549	369	180
144	567	369	198
145	552	378	174
146	541	367	174
147	540	365	175
148	529	376	153
149	531	371	160
150	541	381	160
151	548	394	154
152	536	381	155
153	551	372	179
154	549	369	180
155	565	364	201
156	556	369	187
157	534	368	166
158	541	364	177
159	567	374	193
160	560	374	186
161	556	370	186
162	537	370	167
163	545	378	167
164	545	373	172
165	552	373	179
166	536	382	154
167	528	379	149
168	530	376	154
169	515	368	147
170	536	368	168
171	540	366	174
172	550	373	177
173	566	369	197
174	540	372	168
175	569	370	199
176	589	371	218
177	571	363	208
178	554	369	185
179	564	368	196
180	553	379	174
181	539	373	166
182	536	373	163
183	529	373	156
184	555	372	183
185	563	368	195
186	544	373	171
187	556	362	194
188	556	364	192
189	558	373	185
190	543	371	172
191	549	373	176
192	549	374	175
193	551	373	178
194	544	365	179
195	550	364	186
196	539	368	171
197	517	366	151
198	547	368	179
199	553	380	173
200	525	379	146
201	517	374	143
202	533	380	153
203	545	371	174
204	541	367	174
205	527	371	156
206	559	364	195
207	548	365	183
208	512	371	141
209	556	377	179
210	564	372	192
211	548	380	168
212	531	377	154
213	527	366	161
214	526	370	156
215	537	375	162
216	522	374	148
217	540	373	167
218	555	371	184
219	555	361	194
220	538	370	168
221	548	365	183
222	538	366	172
223	539	368	171
224	549	371	178
225	543	374	169
226	553	365	188
227	557	368	189
228	557	361	196
229	543	368	175
230	528	372	156
231	533	369	164
232	540	370	170
233	519	366	153
234	504	367	137
235	510	369	141
236	536	361	175
237	580	363	217
238	574	370	204
239	546	364	182
240	538	357	181
241	526	363	163
242	527	362	165
243	527	364	163
244	525	367	158
245	536	374	162
246	522	378	144
247	529	373	156
248	540	367	173
249	530	360	170
250	526	370	156
251	529	364	165
252	519	367	152
253	528	363	165
254	533	366	167
255	518	369	149
256	521	372	149
257	540	381	159
258	530	371	159
259	560	359	201
260	550	361	189
261	537	368	169
262	534	361	173
263	546	368	178
264	542	371	171
265	535	369	166
266	511	372	139
267	519	373	146
268	523	367	156
269	516	365	151
270	526	363	163
271	539	367	172
272	529	370	159
273	559	364	195
274	548	365	183
275	540	371	169
276	512	374	138
277	529	368	161
278	538	366	172
279	530	365	165
280	514	367	147
281	536	365	171
282	525	360	165
283	526	352	174
284	530	361	169
285	531	357	174
286	533	352	181
287	554	360	194
288	548	368	180
289	529	375	154
290	540	365	175
291	537	351	186
292	509	364	145
293	509	365	144
294	521	357	164
295	533	361	172
296	537	361	176
297	521	368	153
298	514	370	144
299	530	359	171
300	534	359	175
301	537	350	187
302	548	358	190
303	540	354	186
304	535	352	183
305	530	360	170
306	536	365	171
307	550	364	186
308	547	353	194
309	527	351	176
310	505	351	154
311	524	356	168
312	521	361	160
313	540	352	188
314	562	352	210
315	537	353	184
316	538	358	180
317	556	360	196
318	536	362	174
319	523	365	158
320	531	364	167
321	527	368	159
322	510	371	139
323	529	369	160
324	528	365	163
325	528	363	165
326	532	360	172
327	524	354	170
328	531	365	166
329	539	366	173
330	511	362	149
331	511	353	158
332	537	353	184
333	538	358	180
334	520	361	159
335	518	353	165
336	508	359	149
337	539	367	172
338	544	362	182
339	518	356	162
340	510	351	159
341	525	354	171
342	516	362	154
343	523	355	168
344	529	368	161
345	512	366	146
346	523	360	163
347	550	362	188
348	547	353	194
349	532	354	178
350	516	368	148
351	498	370	128
352	500	356	144
353	525	360	165
354	520	365	155
355	522	364	158
356	541	355	186
357	526	365	161
358	498	370	128
359	507	362	145
360	519	354	165
361	531	358	173
362	546	357	189
363	528	347	181
364	510	357	153
365	517	358	159
366	537	357	180
367	537	354	183
368	531	355	176
369	517	357	160
370	522	358	164
371	544	356	188
372	524	358	166
373	532	357	175
374	537	360	177
375	550	353	197
376	535	359	176
377	512	361	151
378	503	352	151
379	544	354	190
380	547	365	182
381	534	358	176
382	519	360	159
383	524	361	163
384	520	355	165
385	521	354	167
386	524	349	175
387	519	351	168
388	534	354	180
389	537	356	181
390	542	349	193
391	537	356	181
392	518	360	158
393	536	352	184
394	545	361	184
395	526	366	160
396	520	371	149
397	538	358	180
398	520	349	171
399	516	353	163
400	515	357	158
401	520	356	164
402	520	358	162
403	522	351	171
404	521	354	167
405	528	346	182
406	522	348	174
407	520	351	169
408	509	362	147
409	528	368	160
410	533	362	171
411	544	360	184
412	515	364	151
413	519	366	153
414	516	359	157
415	516	357	159
416	518	370	148
417	536	364	172
418	537	365	172
419	539	367	172
420	517	367	150
421	524	359	165
422	528	363	165
423	530	358	172
424	504	368	136
425	513	362	151
426	518	354	164
427	529	349	180
428	553	356	197
429	547	359	188
430	524	357	167
431	515	354	161
432	518	351	167
433	505	359	146
434	534	357	177
435	561	352	209
436	538	356	182
437	537	358	179
438	541	355	186
439	548	349	199
440	540	351	189
441	541	357	184
442	551	358	193
443	556	358	198
444	544	363	181
445	544	363	181
446	524	355	169
447	503	346	157
448	523	345	178
449	530	350	180
450	547	346	201
451	532	359	173
452	518	361	157
453	523	357	166
454	519	358	161
455	525	351	174
456	521	352	169
457	524	359	165
458	537	360	177
459	535	353	182
460	523	355	168
461	535	357	178
462	520	364	156
463	502	357	145
464	515	349	166
465	522	360	162
466	506	362	144
467	503	355	148
468	505	352	153
469	541	358	183
470	527	361	166
471	543	354	189
472	541	349	192
473	497	347	150
474	494	360	134
475	514	365	149
476	526	369	157
477	526	363	163
478	529	356	173
479	535	357	178
480	529	341	188
481	529	352	177
482	524	356	168
483	525	358	167
484	539	353	186
485	531	353	178
486	527	357	170
487	530	366	164
488	530	349	181
489	520	351	169
490	513	352	161
491	536	347	189
492	531	347	184
493	508	351	157
494	506	348	158
495	531	345	186
496	522	353	169
497	516	355	161
498	528	359	169
499	517	352	165
500	535	356	179
501	544	349	195
502	540	349	191
503	553	345	208
504	520	348	172
505	522	352	170
506	537	346	191
507	545	340	205
508	541	341	200
509	537	346	191
510	543	355	188
511	542	350	192
512	553	340	213
513	556	342	214
514	531	350	181
515	536	353	183
516	527	354	173
517	553	353	200
518	550	351	199
519	556	352	204
520	553	341	212
521	552	340	212
522	543	348	195
523	551	351	200
524	552	354	198
525	567	351	216
526	561	350	211
527	538	344	194
528	549	349	200
529	568	350	218
530	552	343	209
531	556	337	219
532	563	345	218
533	582	346	236
534	568	343	225
535	580	345	235
536	565	358	207
537	572	345	227
538	567	347	220
539	560	357	203
540	550	348	202
541	555	345	210
542	574	350	224
543	571	343	228
544	575	344	231
545	605	347	258
546	603	351	252
547	612	349	263
548	599	352	247
549	611	342	269
550	600	338	262
551	589	342	247
552	571	346	225
553	596	341	255
554	601	346	255
555	585	341	244
556	598	348	250
557	595	347	248
558	591	341	250
559	615	344	271
560	598	342	256
561	593	349	244
562	576	346	230
563	585	343	242
564	615	342	273
565	631	342	289
566	614	344	270
567	604	348	256
568	632	352	280
569	641	348	293
570	609	335	274
571	639	332	307
572	667	347	320
573	649	352	297
574	665	360	305
575	667	357	310
576	651	356	295
577	667	345	322
578	668	341	327
579	670	344	326
580	662	348	314
581	684	348	336
582	694	344	350
583	697	337	360
584	680	328	352
585	710	348	362
586	695	345	350
587	711	342	369
588	741	349	392
589	738	345	393
590	716	349	367
591	729	353	376
592	731	338	393
593	731	343	388
594	739	339	400
595	758	339	419
596	775	340	435
597	740	341	399
598	735	343	392
599	762	348	414
600	759	344	415
601	803	346	457
602	810	343	467
603	818	352	466
604	806	349	457
605	807	345	462
606	790	352	438
607	811	348	463
608	821	337	484
609	842	334	508
610	857	346	511
611	851	345	506
612	846	334	512
613	873	338	535
614	873	342	531
615	850	342	508
616	867	341	526
617	894	342	552
618	924	335	589
619	913	337	576
620	886	349	537
621	923	339	584
622	948	336	612
623	971	339	632
624	978	342	636
625	987	340	647
626	991	342	649
627	981	337	644
628	1045	340	705
629	1064	342	722
630	1058	343	715
631	1075	349	726
632	1122	357	765
633	1172	354	818
634	1149	346	803
635	1134	339	795
636	1155	337	818
637	1178	346	832
638	1189	345	844
639	1188	344	844
640	1222	340	882
641	1263	336	927
642	1271	341	930
643	1283	346	937
644	1346	345	1001
645	1315	338	977
646	1356	344	1012
647	1389	343	1046
648	1371	344	1027
649	1403	346	1057
650	1443	341	1102
651	1466	345	1121
652	1487	345	1142
653	1517	348	1169
654	1504	348	1156
655	1523	344	1179
656	1583	343	1240
657	1582	344	1238
658	1566	332	1234
659	1591	329	1262
660	1583	341	1242
661	1622	337	1285
662	1653	343	1310
663	1673	350	1323
664	1708	345	1363
665	1703	333	1370
666	1727	337	1390
667	1789	346	1443
668	1834	351	1483
669	1860	347	1513
670	1892	344	1548
671	1927	344	1583
672	1972	333	1639
673	2034	338	1696
674	2008	346	1662
675	2003	343	1660
676	2035	346	1689
677	2104	333	1771
678	2152	338	1814
679	2189	336	1853
680	2267	349	1918
681	2375	347	2028
682	2459	343	2116
683	2445	340	2105
684	2424	337	2087
685	2510	335	2175
686	2585	342	2243
687	2606	345	2261
688	2620	341	2279
689	2710	344	2366
690	2706	344	2362
691	2716	344	2372
692	2752	344	2408
693	2842	334	2508
694	2876	334	2542
695	2883	346	2537
696	2920	338	2582
697	2950	338	2612
698	3001	340	2661
699	3084	336	2748
700	3091	347	2744
701	3122	344	2778
702	3155	342	2813
703	3128	336	2792
704	3183	343	2840
705	3241	338	2903
706	3252	330	2922
707	3227	331	2896
708	3245	342	2903
709	3347	346	3001
710	3408	353	3055
711	3388	338	3050
712	3400	334	3066
713	3447	339	3108
714	3501	339	3162
715	3524	343	3181
716	3568	327	3241
717	3659	323	3336
718	3723	330	3393
719	3756	332	3424
720	3814	334	3480
721	3796	328	3468
722	3867	334	3533
723	3922	333	3589
724	3878	338	3540
725	3994	345	3649
726	4069	336	3733
727	4069	325	3744
728	4119	329	3790
729	4280	341	3939
730	4375	340	4035
731	4405	345	4060
732	4451	344	4107
733	4496	342	4154
734	4510	347	4163
735	4510	341	4169
736	4594	332	4262
737	4680	331	4349
738	4735	345	4390
739	4757	337	4420
740	4872	339	4533
741	4927	347	4580
742	4897	338	4559
743	5052	335	4717
744	5103	347	4756
745	5090	341	4749
746	5127	334	4793
747	5142	338	4804
748	5206	335	4871
749	5197	335	4862
750	5251	341	4910
751	5206	336	4870
752	5184	338	4846
753	5208	337	4871
754	5270	336	4934
755	5404	342	5062
756	5311	340	4971
757	5261	346	4915
758	5274	341	4933
759	5279	348	4931
760	5310	345	4965
761	5324	337	4987
762	5320	339	4981
763	5276	329	4947
764	5269	323	4946
765	5335	331	5004
766	5315	333	4982
767	5306	335	4971
768	5322	340	4982
769	5252	333	4919
770	5224	324	4900
771	5288	334	4954
772	5260	342	4918
773	5250	333	4917
774	5270	339	4931
775	5317	343	4974
776	5315	343	4972
777	5213	337	4876
778	5301	336	4965
779	5367	346	5021
780	5429	351	5078
781	5458	342	5116
782	5454	339	5115
783	5524	341	5183
784	5581	335	5246
785	5570	342	5228
786	5509	344	5165
787	5662	345	5317
788	5746	346	5400
789	5721	338	5383
790	5785	330	5455
791	5808	326	5482
792	5865	341	5524
793	5896	337	5559
794	5976	332	5644
795	6045	340	5705
796	6156	337	5819
797	6209	341	5868
798	6185	346	5839
799	6205	349	5856
800	6158	347	5811
801	6198	345	5853
802	6291	331	5960
803	6237	328	5909
804	6311	328	5983
805	6333	334	5999
806	6259	333	5926
807	6274	337	5937
808	6246	346	5900
809	6310	349	5961
810	6359	341	6018
811	6382	332	6050
812	6291	335	5956
813	6175	333	5842
814	6183	330	5853
815	6216	331	5885
816	6156	341	5815
817	6100	344	5756
818	6012	337	5675
819	6187	339	5848
820	6183	336	5847
821	6158	335	5823
822	6111	337	5774
823	6047	336	5711
824	6021	338	5683
825	6049	325	5724
826	6037	324	5713
827	6009	326	5683
828	5966	333	5633
829	5963	343	5620
830	5947	341	5606
831	5934	330	5604
832	5945	327	5618
833	5920	331	5589
834	5930	335	5595
835	5968	320	5648
836	5946	326	5620
837	5994	334	5660
838	6009	330	5679
839	6020	326	5694
840	6032	334	5698
841	6081	337	5744
842	6146	334	5812
843	6187	330	5857
844	6180	329	5851
845	6166	325	5841
846	6254	328	5926
847	6311	332	5979
848	6334	334	6000
849	6418	334	6084
850	6435	330	6105
851	6523	329	6194
852	6549	333	6216
853	6525	322	6203
854	6644	325	6319
855	6675	331	6344
856	6618	332	6286
857	6682	327	6355
858	6825	334	6491
859	6862	327	6535
860	6938	328	6610
861	6961	330	6631
862	6964	330	6634
863	6962	335	6627
864	6920	331	6589
865	7050	332	6718
866	7136	331	6805
867	7173	324	6849
868	7199	322	6877
869	7165	321	6844
870	7217	329	6888
871	7242	323	6919
872	7258	328	6930
873	7242	330	6912
874	7232	322	6910
875	7245	327	6918
876	7306	338	6968
877	7303	328	6975
878	7143	318	6825
879	7151	318	6833
880	7200	335	6865
881	7263	331	6932
882	7187	332	6855
883	7191	330	6861
884	7190	335	6855
885	7210	332	6878
886	7174	319	6855
887	7139	319	6820
888	7112	334	6778
889	7070	325	6745
890	7067	325	6742
891	6972	321	6651
892	7003	320	6683
893	7015	321	6694
894	6931	326	6605
895	6974	332	6642
896	7036	332	6704
897	6979	329	6650
898	6885	328	6557
899	6869	325	6544
900	6916	328	6588
901	6947	325	6622
902	6877	324	6553
903	6933	336	6597
904	6946	329	6617
905	6988	316	6672
906	6941	321	6620
907	6923	335	6588
908	7020	337	6683
909	6993	330	6663
910	6969	336	6633
911	7114	335	6779
912	7094	332	6762
913	7109	325	6784
914	7191	321	6870
915	7188	321	6867
916	7258	322	6936
917	7277	317	6960
918	7287	321	6966
919	7403	319	7084
920	7488	323	7165
921	7525	321	7204
922	7551	322	7229
923	7596	330	7266
924	7606	327	7279
925	7749	327	7422
926	7850	330	7520
927	7906	333	7573
928	8031	326	7705
929	8049	329	7720
930	8138	337	7801
931	8124	332	7792
932	8128	323	7805
933	8308	329	7979
934	8440	334	8106
935	8508	327	8181
936	8513	331	8182
937	8513	326	8187
938	8534	322	8212
939	8575	324	8251
940	8625	318	8307
941	8670	321	8349
942	8631	330	8301
943	8676	323	8353
944	8579	319	8260
945	8624	319	8305
946	8600	325	8275
947	8668	322	8346
948	8673	320	8353
949	8651	320	8331
950	8688	318	8370
951	8696	322	8374
952	8702	323	8379
953	8595	321	8274
954	8642	317	8325
955	8640	317	8323
956	8574	331	8243
957	8496	325	8171
958	8495	327	8168
959	8452	332	8120
960	8483	328	8155
961	8495	320	8175
962	8418	331	8087
963	8294	337	7957
964	8373	325	8048
965	8388	321	8067
966	8224	317	7907
967	8297	320	7977
968	8230	322	7908
969	8174	329	7845
970	8226	337	7889
971	8134	322	7812
972	8045	321	7724
973	8059	327	7732
974	8084	333	7751
975	8009	321	7688
976	8039	314	7725
977	8098	322	7776
978	7968	322	7646
979	8002	323	7679
980	8071	325	7746
981	8130	318	7812
982	8132	317	7815
983	8222	324	7898
984	8198	330	7868
985	8231	331	7900
986	8342	328	8014
987	8403	330	8073
988	8486	316	8170
989	8486	324	8162
990	8439	332	8107
991	8591	324	8267
992	8632	327	8305
993	8773	329	8444
994	8807	324	8483
995	8839	323	8516
996	8916	321	8595
997	8941	322	8619
998	9042	324	8718
999	9194	328	8866
1000	9387	332	9055
1001	9543	324	9219
1002	9582	316	9266
1003	9649	318	9331
1004	9655	326	9329
1005	9664	328	9336
1006	9817	332	9485
1007	9870	327	9543
1008	9924	322	9602
1009	10076	321	9755
1010	10198	323	9875
1011	10276	321	9955
1012	10360	315	10045
1013	10481	320	10161
1014	10559	318	10241
1015	10675	312	10363
1016	10671	322	10349
1017	10784	317	10467
1018	10935	314	10621
1019	10928	318	10610
1020	10804	317	10487
1021	10828	316	10512
1022	10952	308	10644
1023	10954	319	10635
1024	10925	324	10601
1025	11009	316	10693
1026	10986	327	10659
1027	10949	329	10620
1028	10990	320	10670
1029	11014	315	10699
1030	11061	315	10746
1031	11050	320	10730
1032	11056	323	10733
1033	11067	323	10744
1034	11041	325	10716
1035	10982	326	10656
1036	10898	327	10571
1037	10940	328	10612
1038	10902	328	10574
1039	10930	323	10607
1040	10813	317	10496
1041	10782	316	10466
1042	10843	324	10519
1043	10894	320	10574
1044	10902	324	10578
1045	10906	324	10582
1046	10773	313	10460
1047	10725	313	10412
1048	10654	323	10331
1049	10709	323	10386
1050	10756	320	10436
1051	10700	316	10384
1052	10623	318	10305
1053	10654	320	10334
1054	10732	323	10409
1055	10660	319	10341
1056	10621	319	10302
1057	10593	321	10272
1058	10576	324	10252
1059	10622	321	10301
1060	10630	324	10306
1061	10680	318	10362
1062	10634	312	10322
1063	10758	316	10442
1064	10781	315	10466
1065	10750	314	10436
1066	10805	331	10474
1067	10957	330	10627
1068	10934	309	10625
1069	10984	308	10676
1070	11001	313	10688
1071	11110	316	10794
1072	11245	318	10927
1073	11297	304	10993
1074	11318	304	11014
1075	11449	313	11136
1076	11565	326	11239
1077	11646	321	11325
1078	11740	315	11425
1079	11814	322	11492
1080	11959	309	11650
1081	12112	311	11801
1082	12248	320	11928
1083	12353	323	12030
1084	12461	322	12139
1085	12625	319	12306
1086	12653	315	12338
1087	12886	316	12570
1088	13130	306	12824
1089	13204	307	12897
1090	13383	316	13067
1091	13551	311	13240
1092	13684	310	13374
1093	13861	309	13552
1094	13929	308	13621
1095	14121	314	13807
1096	14188	314	13874
1097	14292	320	13972
1098	14456	313	14143
1099	14564	311	14253
1100	14687	313	14374
1101	14820	314	14506
1102	14803	312	14491
1103	14877	321	14556
1104	15063	324	14739
1105	15136	317	14819
1106	15200	321	14879
1107	15328	318	15010
1108	15366	314	15052
1109	15395	317	15078
1110	15436	323	15113
1111	15486	333	15153
1112	15394	326	15068
1113	15406	312	15094
1114	15567	321	15246
1115	15576	315	15261
1116	15570	309	15261
1117	15641	315	15326
1118	15662	316	15346
1119	15706	315	15391
1120	15683	313	15370
1121	15593	315	15278
1122	15461	327	15134
1123	15433	322	15111
1124	15408	317	15091
1125	15440	319	15121
1126	15455	313	15142
1127	15453	318	15135
1128	15437	320	15117
1129	15412	318	15094
1130	15345	315	15030
1131	15216	314	14902
1132	15146	313	14833
1133	15047	315	14732
1134	14991	320	14671
1135	15061	326	14735
1136	15075	318	14757
1137	14967	314	14653
1138	14880	318	14562
1139	14837	324	14513
1140	14866	322	14544
1141	14762	321	14441
1142	14669	315	14354
1143	14637	321	14316
1144	14693	321	14372
1145	14664	318	14346
1146	14455	319	14136
1147	14415	319	14096
1148	14433	316	14117
1149	14458	310	14148
1150	14381	325	14056
1151	14362	321	14041
1152	14307	327	13980
1153	14344	329	14015
1154	14325	318	14007
1155	14364	311	14053
1156	14359	312	14047
1157	14378	308	14070
1158	14477	312	14165
1159	14488	312	14176
1160	14502	311	14191
1161	14635	322	14313
1162	14631	323	14308
1163	14596	323	14273
1164	14621	318	14303
1165	14751	313	14438
1166	14809	320	14489
1167	14897	323	14574
1168	14882	325	14557
1169	15015	322	14693
1170	15158	315	14843
1171	15227	313	14914
1172	15429	319	15110
1173	15456	324	15132
1174	15521	326	15195
1175	15795	328	15467
1176	15861	322	15539
1177	15976	307	15669
1178	16074	310	15764
1179	16100	306	15794
1180	16219	307	15912
1181	16581	304	16277
1182	16635	307	16328
1183	16793	324	16469
1184	16851	325	16526
1185	16918	313	16605
1186	17090	310	16780
1187	17292	320	16972
1188	17465	322	17143
1189	17606	318	17288
1190	17769	312	17457
1191	17836	311	17525
1192	17846	309	17537
1193	18024	313	17711
1194	18355	316	18039
1195	18349	321	18028
1196	18285	319	17966
1197	18546	310	18236
1198	18602	308	18294
1199	18622	312	18310
1200	18804	315	18489
1201	18920	321	18599
1202	18894	317	18577
1203	18893	312	18581
1204	19043	314	18729
1205	19159	312	18847
1206	19028	323	18705
1207	19071	317	18754
1208	19073	321	18752
1209	19120	317	18803
1210	19177	317	18860
1211	19216	322	18894
1212	19228	325	18903
1213	19234	320	18914
1214	19051	318	18733
1215	18955	319	18636
1216	19010	313	18697
1217	19031	314	18717
1218	18948	312	18636
1219	18866	312	18554
1220	18780	309	18471
1221	18753	312	18441
1222	18705	315	18390
1223	18561	321	18240
1224	18308	316	17992
1225	18245	309	17936
1226	18329	311	18018
1227	18318	302	18016
1228	17997	297	17700
1229	18011	300	17711
1230	18025	313	17712
1231	17796	307	17489
1232	17714	305	17409
1233	17556	300	17256
1234	17503	299	17204
1235	17355	304	17051
1236	17253	305	16948
1237	17191	316	16875
1238	17012	318	16694
1239	16930	309	16621
1240	16871	310	16561
1241	16651	311	16340
1242	16672	319	16353
1243	16567	320	16247
1244	16485	312	16173
1245	16489	313	16176
1246	16416	311	16105
1247	16309	309	16000
1248	16252	306	15946
1249	16229	311	15918
1250	16217	315	15902
1251	16112	317	15795
1252	15961	310	15651
1253	15978	307	15671
1254	15863	311	15552
1255	15791	319	15472
1256	15770	306	15464
1257	15837	315	15522
1258	15791	319	15472
1259	15650	314	15336
1260	15625	313	15312
1261	15620	309	15311
1262	15708	309	15399
1263	15695	315	15380
1264	15752	315	15437
1265	15656	314	15342
1266	15595	317	15278
1267	15625	320	15305
1268	15722	313	15409
1269	15743	309	15434
1270	15744	306	15438
1271	15800	310	15490
1272	15942	320	15622
1273	15933	314	15619
1274	15965	309	15656
1275	16144	305	15839
1276	16222	301	15921
1277	16188	297	15891
1278	16381	307	16074
1279	16438	319	16119
1280	16345	319	16026
1281	16491	312	16179
1282	16528	306	16222
1283	16674	306	16368
1284	16675	317	16358
1285	16705	312	16393
1286	16727	306	16421
1287	16816	302	16514
1288	16890	310	16580
1289	17102	313	16789
1290	17207	300	16907
1291	17308	305	17003
1292	17326	313	17013
1293	17480	316	17164
1294	17736	314	17422
1295	17789	308	17481
1296	17784	307	17477
1297	17788	300	17488
1298	18020	299	17721
1299	18169	300	17869
1300	18305	304	18001
1301	18381	310	18071
1302	18408	315	18093
1303	18448	313	18135
1304	18447	308	18139
1305	18597	312	18285
1306	18722	315	18407
1307	18830	308	18522
1308	18779	306	18473
1309	18765	309	18456
1310	19019	309	18710
1311	18875	307	18568
1312	18880	314	18566
1313	18951	300	18651
1314	19065	310	18755
1315	19145	315	18830
1316	19016	307	18709
1317	19000	309	18691
1318	19089	300	18789
1319	19055	289	18766
1320	19004	302	18702
1321	18987	298	18689
1322	18997	300	18697
1323	19030	304	18726
1324	18918	303	18615
1325	18813	295	18518
1326	18821	308	18513
1327	18785	313	18472
1328	18853	310	18543
1329	18656	302	18354
1330	18721	299	18422
1331	18699	308	18391
1332	18699	312	18387
1333	18727	309	18418
1334	18689	298	18391
1335	18672	304	18368
1336	18592	320	18272
1337	18505	303	18202
1338	18519	293	18226
1339	18432	288	18144
1340	18356	302	18054
1341	18218	305	17913
1342	18080	297	17783
1343	18013	307	17706
1344	18016	307	17709
1345	17970	303	17667
1346	17848	303	17545
1347	17652	308	17344
1348	17540	315	17225
1349	17473	302	17171
1350	17407	299	17108
1351	17205	306	16899
1352	17016	310	16706
1353	16928	304	16624
1354	16721	290	16431
1355	16569	299	16270
1356	16476	307	16169
1357	16318	299	16019
1358	16253	293	15960
1359	16140	290	15850
1360	15969	290	15679
1361	15937	302	15635
1362	15836	299	15537
1363	15800	296	15504
1364	15812	306	15506
1365	15659	302	15357
1366	15610	301	15309
1367	15545	308	15237
1368	15389	306	15083
1369	15418	302	15116
1370	15360	304	15056
1371	15189	306	14883
1372	15138	310	14828
1373	15039	302	14737
1374	14957	301	14656
1375	14871	307	14564
1376	14867	305	14562
1377	14845	311	14534
1378	14860	300	14560
1379	14805	300	14505
1380	14759	305	14454
1381	14792	301	14491
1382	14737	292	14445
1383	14620	300	14320
1384	14614	304	14310
1385	14649	300	14349
1386	14646	303	14343
1387	14693	298	14395
1388	14804	295	14509
1389	14873	295	14578
1390	14834	300	14534
1391	14900	301	14599
1392	14980	305	14675
1393	15024	310	14714
1394	15197	312	14885
1395	15237	308	14929
1396	15200	297	14903
1397	15352	294	15058
1398	15412	295	15117
1399	15496	306	15190
1400	15551	302	15249
1401	15603	303	15300
1402	15712	304	15408
1403	15954	299	15655
1404	16012	299	15713
1405	16104	309	15795
1406	16181	316	15865
1407	16358	304	16054
1408	16337	309	16028
1409	16399	301	16098
1410	16694	298	16396
1411	16781	298	16483
1412	16699	299	16400
1413	16946	301	16645
1414	17078	295	16783
1415	17191	292	16899
1416	17273	303	16970
1417	17398	296	17102
1418	17549	304	17245
1419	17607	305	17302
1420	17736	302	17434
1421	17828	301	17527
1422	17930	303	17627
1423	18075	310	17765
1424	18146	309	17837
1425	18346	301	18045
1426	18467	307	18160
1427	18492	316	18176
1428	18495	311	18184
1429	18499	304	18195
1430	18637	302	18335
1431	18673	304	18369
1432	18633	302	18331
1433	18775	298	18477
1434	18699	297	18402
1435	18718	302	18416
1436	18661	294	18367
1437	18698	291	18407
1438	18783	294	18489
1439	18858	291	18567
1440	18812	297	18515
1441	18759	298	18461
1442	18826	290	18536
1443	18860	295	18565
1444	18722	297	18425
1445	18681	300	18381
1446	18645	296	18349
1447	18696	297	18399
1448	18748	300	18448
1449	18733	301	18432
1450	18534	297	18237
1451	18613	300	18313
1452	18571	296	18275
1453	18535	302	18233
1454	18525	309	18216
1455	18399	297	18102
1456	18396	298	18098
1457	18365	293	18072
1458	18260	291	17969
1459	18107	302	17805
1460	18010	311	17699
1461	17964	300	17664
1462	17966	306	17660
1463	17757	301	17456
1464	17650	293	17357
1465	17540	299	17241
1466	17475	294	17181
1467	17566	296	17270
1468	17321	298	17023
1469	17182	289	16893
1470	17110	296	16814
1471	16885	295	16590
1472	16806	306	16500
1473	16750	309	16441
1474	16531	294	16237
1475	16429	296	16133
1476	16358	296	16062
1477	16238	299	15939
1478	16181	307	15874
1479	16011	307	15704
1480	15873	304	15569
1481	15644	296	15348
1482	15437	305	15132
1483	15346	305	15041
1484	15234	296	14938
1485	15222	294	14928
1486	15221	303	14918
1487	15071	299	14772
1488	14905	297	14608
1489	14758	295	14463
1490	14598	304	14294
1491	14513	298	14215
1492	14430	295	14135
1493	14355	302	14053
1494	14260	306	13954
1495	14100	300	13800
1496	14044	299	13745
1497	14055	306	13749
1498	13873	302	13571
1499	13767	288	13479
1500	13734	288	13446
1501	13716	295	13421
1502	13622	287	13335
1503	13555	289	13266
1504	13494	306	13188
1505	13471	296	13175
1506	13412	299	13113
1507	13410	298	13112
1508	13259	296	12963
1509	13124	293	12831
1510	13156	288	12868
1511	13130	288	12842
1512	13166	299	12867
1513	13179	302	12877
1514	13118	308	12810
1515	13151	298	12853
1516	13172	296	12876
1517	13065	300	12765
1518	13084	306	12778
1519	13104	302	12802
1520	13100	298	12802
1521	13100	303	12797
1522	13159	306	12853
1523	13121	301	12820
1524	13171	298	12873
1525	13116	305	12811
1526	13161	303	12858
1527	13171	293	12878
1528	13219	289	12930
1529	13199	295	12904
1530	13253	303	12950
1531	13393	302	13091
1532	13346	308	13038
1533	13376	303	13073
1534	13422	302	13120
1535	13476	299	13177
1536	13611	293	13318
1537	13737	291	13446
1538	13683	302	13381
1539	13713	302	13411
1540	13768	301	13467
1541	13731	302	13429
1542	13836	307	13529
1543	13897	305	13592
1544	14048	297	13751
1545	14201	293	13908
1546	14246	299	13947
1547	14184	308	13876
1548	14299	298	14001
1549	14490	291	14199
1550	14461	297	14164
1551	14554	301	14253
1552	14635	301	14334
1553	14728	302	14426
1554	14751	303	14448
1555	14764	298	14466
1556	14873	299	14574
1557	14983	288	14695
1558	15012	294	14718
1559	15057	294	14763
1560	15068	299	14769
1561	15149	305	14844
1562	15288	296	14992
1563	15328	298	15030
1564	15426	295	15131
1565	15629	297	15332
1566	15503	308	15195
1567	15575	300	15275
1568	15578	296	15282
1569	15572	307	15265
1570	15641	303	15338
1571	15638	301	15337
1572	15669	297	15372
1573	15670	294	15376
1574	15702	298	15404
1575	15695	303	15392
1576	15725	293	15432
1577	15732	288	15444
1578	15704	295	15409
1579	15775	295	15480
1580	15786	287	15499
1581	15798	302	15496
1582	15700	301	15399
1583	15752	296	15456
1584	15688	294	15394
1585	15593	290	15303
1586	15583	294	15289
1587	15579	297	15282
1588	15632	304	15328
1589	15411	312	15099
1590	15319	311	15008
1591	15433	311	15122
1592	15405	306	15099
1593	15367	294	15073
1594	15256	301	14955
1595	15205	305	14900
1596	15139	302	14837
1597	15106	288	14818
1598	15016	300	14716
1599	14906	300	14606
1600	14833	295	14538
1601	14698	298	14400
1602	14594	301	14293
1603	14550	301	14249
1604	14405	304	14101
1605	14426	302	14124
1606	14420	297	14123
1607	14234	299	13935
1608	14095	304	13791
1609	14031	301	13730
1610	13896	299	13597
1611	13812	298	13514
1612	13802	295	13507
1613	13730	303	13427
1614	13670	292	13378
1615	13732	290	13442
1616	13550	297	13253
1617	13396	294	13102
1618	13304	294	13010
1619	13151	296	12855
1620	13059	292	12767
1621	12920	300	12620
1622	12807	303	12504
1623	12751	299	12452
1624	12634	303	12331
1625	12445	303	12142
1626	12431	309	12122
1627	12343	301	12042
1628	12242	303	11939
1629	12091	296	11795
1630	11974	294	11680
1631	11862	296	11566
1632	11768	302	11466
1633	11760	308	11452
1634	11606	299	11307
1635	11594	292	11302
1636	11496	300	11196
1637	11465	304	11161
1638	11358	300	11058
1639	11338	301	11037
1640	11284	306	10978
1641	11171	302	10869
1642	11120	299	10821
1643	11071	298	10773
1644	11010	297	10713
1645	10919	295	10624
1646	10823	300	10523
1647	10877	293	10584
1648	10821	300	10521
1649	10810	317	10493
1650	10771	301	10470
1651	10750	293	10457
1652	10665	293	10372
1653	10676	303	10373
1654	10694	298	10396
1655	10549	293	10256
1656	10547	299	10248
1657	10561	302	10259
1658	10453	300	10153
1659	10382	293	10089
1660	10438	299	10139
1661	10395	295	10100
1662	10349	290	10059
1663	10377	292	10085
1664	10337	306	10031
1665	10348	311	10037
1666	10218	299	9919
1667	10172	299	9873
1668	10227	301	9926
1669	10153	301	9852
1670	10165	294	9871
1671	10109	295	9814
1672	10086	293	9793
1673	10025	284	9741
1674	10048	293	9755
1675	9974	296	9678
1676	9889	296	9593
1677	9957	304	9653
1678	9995	303	9692
1679	10007	297	9710
1680	9942	298	9644
1681	9935	286	9649
1682	10062	288	9774
1683	10062	293	9769
1684	10153	289	9864
1685	10116	286	9830
1686	10068	281	9787
1687	10046	295	9751
1688	10085	300	9785
1689	10034	296	9738
1690	10083	296	9787
1691	10145	292	9853
1692	10125	285	9840
1693	10205	294	9911
1694	10259	313	9946
1695	10295	307	9988
1696	10387	300	10087
1697	10398	296	10102
1698	10429	295	10134
1699	10475	289	10186
1700	10497	289	10208
1701	10562	297	10265
1702	10591	299	10292
1703	10641	300	10341
1704	10737	299	10438
1705	10909	295	10614
1706	10928	290	10638
1707	11027	286	10741
1708	11114	288	10826
1709	11173	289	10884
1710	11324	288	11036
1711	11414	291	11123
1712	11550	298	11252
1713	11515	294	11221
1714	11511	289	11222
1715	11663	299	11364
1716	11687	298	11389
1717	11776	301	11475
1718	11846	293	11553
1719	11818	291	11527
1720	11927	289	11638
1721	12069	296	11773
1722	12195	296	11899
1723	12254	295	11959
1724	12254	292	11962
1725	12298	295	12003
1726	12446	303	12143
1727	12649	301	12348
1728	12828	288	12540
1729	12842	287	12555
1730	12904	294	12610
1731	13024	293	12731
1732	13121	295	12826
1733	13164	292	12872
1734	13252	294	12958
1735	13340	298	13042
1736	13544	286	13258
1737	13741	288	13453
1738	13913	298	13615
1739	14069	296	13773
1740	14091	290	13801
1741	13956	296	13660
1742	13827	300	13527
1743	13761	298	13463
1744	13816	295	13521
1745	14015	296	13719
1746	14068	290	13778
1747	14082	287	13795
1748	14192	301	13891
1749	14245	301	13944
1750	14222	301	13921
1751	14234	302	13932
1752	14185	298	13887
1753	14102	293	13809
1754	14185	293	13892
1755	14109	293	13816
1756	14049	294	13755
1757	14059	298	13761
1758	14081	300	13781
1759	14121	298	13823
1760	14259	308	13951
1761	14316	296	14020
1762	14330	298	14032
1763	14374	306	14068
1764	14358	302	14056
1765	14271	285	13986
1766	14114	289	13825
1767	13999	297	13702
1768	13871	301	13570
1769	13836	306	13530
1770	13929	307	13622
1771	13883	297	13586
1772	13842	292	13550
1773	13848	303	13545
1774	13777	299	13478
1775	13728	293	13435
1776	13790	299	13491
1777	13730	298	13432
1778	13551	307	13244
1779	13470	293	13177
1780	13431	292	13139
1781	13396	299	13097
1782	13207	295	12912
1783	13085	292	12793
1784	13162	295	12867
1785	13040	293	12747
1786	12950	297	12653
1787	12875	302	12573
1788	12824	291	12533
1789	12891	300	12591
1790	12693	306	12387
1791	12692	299	12393
1792	12650	300	12350
1793	12606	297	12309
1794	12609	307	12302
1795	12457	302	12155
1796	12409	296	12113
1797	12377	300	12077
1798	12363	307	12056
1799	12232	301	11931
1800	12203	297	11906
1801	12147	294	11853
1802	12051	298	11753
1803	11990	299	11691
1804	11974	298	11676
1805	11948	295	11653
1806	11846	291	11555
1807	11787	300	11487
1808	11593	304	11289
1809	11390	299	11091
1810	11178	305	10873
1811	11027	303	10724
1812	10936	286	10650
1813	10981	281	10700
1814	10921	298	10623
1815	10884	302	10582
1816	10711	311	10400
1817	10627	305	10322
1818	10677	299	10378
1819	10560	298	10262
1820	10468	288	10180
1821	10476	290	10186
1822	10427	293	10134
1823	10385	294	10091
1824	10360	311	10049
1825	10312	306	10006
1826	10278	304	9974
1827	10300	293	10007
1828	10352	288	10064
1829	10364	289	10075
1830	10378	291	10087
1831	10456	294	10162
1832	10493	299	10194
1833	10563	299	10264
1834	10614	299	10315
1835	10591	300	10291
1836	10750	294	10456
1837	10784	295	10489
1838	10725	293	10432
1839	10652	300	10352
1840	10592	311	10281
1841	10453	307	10146
1842	10355	298	10057
1843	10308	300	10008
1844	10305	302	10003
1845	10311	301	10010
1846	10279	302	9977
1847	10258	307	9951
1848	10205	302	9903
1849	10186	300	9886
1850	10255	296	9959
1851	10179	295	9884
1852	10079	289	9790
1853	10127	290	9837
1854	10115	295	9820
1855	10056	294	9762
1856	10027	297	9730
1857	10116	286	9830
1858	10082	296	9786
1859	10049	308	9741
1860	10022	299	9723
1861	10081	300	9781
1862	10125	306	9819
1863	10064	295	9769
1864	10037	292	9745
1865	10125	293	9832
1866	10200	293	9907
1867	10173	293	9880
1868	10201	294	9907
1869	10354	296	10058
1870	10463	296	10167
1871	10525	297	10228
1872	10583	294	10289
1873	10578	293	10285
1874	10675	294	10381
1875	10865	294	10571
1876	11050	295	10755
1877	11043	298	10745
1878	11036	290	10746
1879	11055	295	10760
1880	11064	305	10759
1881	11126	299	10827
1882	11126	291	10835
1883	11139	292	10847
1884	11220	299	10921
1885	11174	295	10879
1886	11144	300	10844
1887	11081	293	10788
1888	10993	290	10703
1889	11044	289	10755
1890	11063	295	10768
1891	11000	297	10703
1892	11103	299	10804
1893	11152	306	10846
1894	11199	299	10900
1895	11197	304	10893
1896	11238	304	10934
1897	11272	305	10967
1898	11276	301	10975
1899	11273	299	10974
1900	11373	291	11082
1901	11478	295	11183
1902	11396	300	11096
1903	11431	293	11138
1904	11543	299	11244
1905	11540	287	11253
1906	11547	289	11258
1907	11535	295	11240
1908	11615	289	11326
1909	11647	294	11353
1910	11619	298	11321
1911	11700	299	11401
1912	11810	297	11513
1913	11813	293	11520
1914	11766	291	11475
1915	11844	290	11554
1916	11870	295	11575
1917	11940	287	11653
1918	11990	292	11698
1919	12109	299	11810
1920	12143	286	11857
1921	12160	290	11870
1922	12275	299	11976
1923	12408	301	12107
1924	12394	297	12097
1925	12516	301	12215
1926	12647	299	12348
1927	12720	291	12429
1928	12587	295	12292
1929	12569	304	12265
1930	12620	303	12317
1931	12588	300	12288
1932	12619	295	12324
1933	12605	295	12310
1934	12503	307	12196
1935	12425	301	12124
1936	12376	298	12078
1937	12411	300	12111
1938	12287	301	11986
1939	12263	291	11972
1940	12235	284	11951
1941	12200	290	11910
1942	12190	299	11891
1943	12133	308	11825
1944	12090	308	11782
1945	12133	296	11837
1946	12107	293	11814
1947	12089	298	11791
1948	12105	289	11816
1949	12220	295	11925
1950	12311	305	12006
1951	12287	300	11987
1952	12287	297	11990
1953	12303	299	12004
1954	12198	303	11895
1955	12225	301	11924
1956	12182	295	11887
1957	12111	290	11821
1958	12142	294	11848
1959	12149	296	11853
1960	12039	286	11753
1961	11918	291	11627
1962	11914	299	11615
1963	11824	293	11531
1964	11753	294	11459
1965	11635	289	11346
1966	11610	292	11318
1967	11656	297	11359
1968	11553	300	11253
1969	11584	298	11286
1970	11563	294	11269
1971	11457	293	11164
1972	11480	287	11193
1973	11425	286	11139
1974	11372	291	11081
1975	11451	306	11145
1976	11468	303	11165
1977	11362	291	11071
1978	11405	296	11109
1979	11430	304	11126
1980	11359	308	11051
1981	11301	303	10998
1982	11219	298	10921
1983	11166	293	10873
1984	11180	285	10895
1985	11093	291	10802
1986	11008	304	10704
1987	10926	304	10622
1988	10859	296	10563
1989	10821	299	10522
1990	10686	299	10387
1991	10562	300	10262
1992	10436	298	10138
1993	10308	289	10019
1994	10157	298	9859
1995	10124	298	9826
1996	10022	299	9723
1997	9980	293	9687
1998	9859	287	9572
1999	9702	292	9410
2000	9670	292	9378
2001	9670	302	9368
2002	9602	306	9296
2003	9562	297	9265
2004	9449	295	9154
2005	9339	300	9039
2006	9269	295	8974
2007	9324	288	9036
2008	9270	294	8976
2009	9213	297	8916
2010	9194	300	8894
2011	9104	300	8804
2012	9005	295	8710
2013	9055	297	8758
2014	9026	305	8721
2015	8981	306	8675
2016	8992	302	8690
2017	8955	293	8662
2018	8855	301	8554
2019	8793	299	8494
2020	8833	283	8550
2021	8833	286	8547
2022	8812	290	8522
2023	8759	287	8472
2024	8710	292	8418
2025	8759	305	8454
2026	8703	295	8408
2027	8642	291	8351
2028	8675	294	8381
2029	8730	298	8432
2030	8668	298	8370
2031	8739	292	8447
2032	8845	290	8555
2033	8775	289	8486
2034	8648	303	8345
2035	8723	297	8426
2036	8885	297	8588
2037	8897	296	8601
2038	8851	303	8548
2039	8875	300	8575
2040	8906	287	8619
2041	8899	293	8606
2042	9107	290	8817
2043	9249	289	8960
2044	9331	300	9031
2045	9401	299	9102
2046	9348	296	9052
2047	9329	294	9035
2048	9368	291	9077
2049	9344	296	9048
2050	9366	296	9070
2051	9337	297	9040
2052	9296	297	8999
2053	9333	294	9039
2054	9393	296	9097
2055	9501	293	9208
2056	9412	294	9118
2057	9378	299	9079
2058	9476	294	9182
2059	9451	298	9153
2060	9385	299	9086
2061	9359	291	9068
2062	9294	295	8999
2063	9201	293	8908
2064	9227	300	8927
2065	9335	302	9033
2066	9306	299	9007
2067	9212	294	8918
2068	9160	298	8862
2069	9161	306	8855
2070	9169	300	8869
2071	9170	293	8877
2072	9263	296	8967
2073	9185	292	8893
2074	9115	290	8825
2075	9134	288	8846
2076	9027	293	8734
2077	8918	296	8622
2078	8846	297	8549
2079	8834	304	8530
2080	8934	301	8633
2081	8848	296	8552
2082	8824	299	8525
2083	8829	288	8541
2084	8854	285	8569
2085	8952	281	8671
2086	9096	293	8803
2087	9144	293	8851
2088	9078	291	8787
2089	9040	289	8751
2090	8984	293	8691
2091	8942	303	8639
2092	9003	301	8702
2093	9033	298	8735
2094	8965	293	8672
2095	9026	293	8733
2096	9043	299	8744
2097	9012	295	8717
2098	9065	298	8767
2099	9127	293	8834
2100	9133	294	8839
2101	9285	300	8985
2102	9365	293	9072
2103	9400	291	9109
2104	9617	299	9318
2105	9762	297	9465
2106	9697	296	9401
2107	9753	295	9458
2108	9778	298	9480
2109	9777	311	9466
2110	9920	307	9613
2111	9938	301	9637
2112	9903	293	9610
2113	9945	282	9663
2114	10008	291	9717
2115	9985	300	9685
2116	9866	295	9571
2117	9820	290	9530
2118	9786	290	9496
2119	9729	289	9440
2120	9736	294	9442
2121	9707	295	9412
2122	9570	304	9266
2123	9618	306	9312
2124	9711	302	9409
2125	9729	296	9433
2126	9661	296	9365
2127	9604	298	9306
2128	9566	292	9274
2129	9501	292	9209
2130	9465	283	9182
2131	9734	289	9445
2132	10086	296	9790
2133	10195	296	9899
2134	10321	290	10031
2135	10324	290	10034
2136	10227	292	9935
2137	10113	293	9820
2138	10193	303	9890
2139	10152	295	9857
2140	10188	293	9895
2141	10307	299	10008
2142	10289	298	9991
2143	10290	292	9998
2144	10344	293	10051
2145	10348	296	10052
2146	10396	295	10101
2147	10477	294	10183
2148	10628	293	10335
2149	10563	296	10267
2150	10528	292	10236
2151	10586	295	10291
2152	10571	296	10275
2153	10724	293	10431
2154	10803	300	10503
2155	10830	296	10534
2156	10817	296	10521
2157	10826	298	10528
2158	10797	291	10506
2159	10839	290	10549
2160	10874	305	10569
2161	10901	299	10602
2162	10907	298	10609
2163	10922	295	10627
2164	11072	291	10781
2165	10999	300	10699
2166	11064	297	10767
2167	11177	294	10883
2168	11134	306	10828
2169	11165	304	10861
2170	11272	298	10974
2171	11304	295	11009
2172	11309	292	11017
2173	11417	286	11131
2174	11327	295	11032
2175	11138	295	10843
2176	11186	294	10892
2177	11218	296	10922
2178	11106	295	10811
2179	11062	289	10773
2180	11110	288	10822
2181	11069	290	10779
2182	11040	293	10747
2183	11058	291	10767
2184	11112	298	10814
2185	11246	294	10952
2186	11301	296	11005
2187	11383	296	11087
2188	11546	295	11251
2189	11703	295	11408
2190	11793	299	11494
2191	11734	298	11436
2192	11670	305	11365
2193	11693	304	11389
2194	11693	295	11398
2195	11572	296	11276
2196	11599	300	11299
2197	11544	292	11252
2198	11390	294	11096
2199	11410	298	11112
2200	11457	301	11156
2201	11462	298	11164
2202	11462	292	11170
2203	11588	291	11297
2204	11526	302	11224
2205	11531	306	11225
2206	11504	305	11199
2207	11459	298	11161
2208	11485	300	11185
2209	11471	297	11174
2210	11358	299	11059
2211	11307	297	11010
2212	11357	290	11067
2213	11308	294	11014
2214	11276	304	10972
2215	11138	292	10846
2216	11122	293	10829
2217	11145	300	10845
2218	11131	295	10836
2219	11079	289	10790
2220	10895	292	10603
2221	10815	294	10521
2222	10831	304	10527
2223	10766	300	10466
2224	10794	301	10493
2225	10876	295	10581
2226	10898	287	10611
2227	10856	293	10563
2228	10846	303	10543
2229	10698	301	10397
2230	10690	293	10397
2231	10688	296	10392
2232	10551	291	10260
2233	10464	297	10167
2234	10522	297	10225
2235	10468	298	10170
2236	10344	293	10051
2237	10234	291	9943
2238	10108	295	9813
2239	10096	291	9805
2240	10060	295	9765
2241	10065	295	9770
2242	10003	295	9708
2243	9982	300	9682
2244	9951	295	9656
2245	9921	293	9628
2246	9859	298	9561
2247	9856	300	9556
2248	9913	299	9614
2249	9845	297	9548
2250	9789	302	9487
2251	9825	299	9526
2252	9784	295	9489
2253	9724	287	9437
2254	9706	295	9411
2255	9694	299	9395
2256	9700	288	9412
2257	9658	286	9372
2258	9613	291	9322
2259	9646	293	9353
2260	9594	298	9296
2261	9614	296	9318
2262	9573	297	9276
2263	9502	291	9211
2264	9471	298	9173
2265	9471	299	9172
2266	9477	296	9181
2267	9499	301	9198
2268	9309	305	9004
2269	9291	297	8994
2270	9377	298	9079
2271	9383	292	9091
2272	9286	296	8990
2273	9198	295	8903
2274	9186	305	8881
2275	9128	314	8814
2276	9193	301	8892
2277	9086	298	8788
2278	9003	299	8704
2279	9045	296	8749
2280	9010	299	8711
2281	8998	301	8697
2282	8955	303	8652
2283	8904	294	8610
2284	8833	304	8529
2285	8846	297	8549
2286	8781	301	8480
2287	8745	303	8442
2288	8736	291	8445
2289	8665	296	8369
2290	8868	307	8561
2291	8930	299	8631
2292	8780	294	8486
2293	8683	301	8382
2294	8656	300	8356
2295	8627	293	8334
2296	8695	294	8401
2297	8643	295	8348
2298	8578	293	8285
2299	8623	305	8318
2300	8616	303	8313
2301	8554	301	8253
2302	8542	300	8242
2303	8522	302	8220
2304	8456	302	8154
2305	8541	301	8240
2306	8512	298	8214
2307	8581	298	8283
2308	8499	300	8199
2309	8551	292	8259
2310	8597	286	8311
2311	8576	295	8281
2312	8587	298	8289
2313	8558	308	8250
2314	8586	310	8276
2315	8610	297	8313
2316	8617	295	8322
2317	8619	294	8325
2318	8606	294	8312
2319	8706	296	8410
2320	8669	300	8369
2321	8599	297	8302
2322	8767	299	8468
2323	8832	296	8536
2324	8746	302	8444
2325	8748	297	8451
2326	8728	297	8431
2327	8628	305	8323
2328	8611	312	8299
2329	8595	299	8296
2330	8581	289	8292
2331	8633	306	8327
2332	8620	295	8325
2333	8598	298	8300
2334	8710	296	8414
2335	8703	294	8409
2336	8800	290	8510
2337	8885	300	8585
2338	8767	299	8468
2339	8682	295	8387
2340	8570	305	8265
2341	8502	305	8197
2342	8583	304	8279
2343	8537	301	8236
2344	8626	292	8334
2345	8639	290	8349
2346	8629	295	8334
2347	8582	295	8287
2348	8704	291	8413
2349	8706	297	8409
2350	8749	303	8446
2351	8768	301	8467
2352	8775	296	8479
2353	8943	292	8651
2354	8868	290	8578
2355	8923	284	8639
2356	8956	288	8668
2357	9065	286	8779
2358	9163	296	8867
2359	9129	295	8834
2360	9148	296	8852
2361	9241	289	8952
2362	9324	300	9024
2363	9471	296	9175
2364	9555	305	9250
2365	9550	303	9247
2366	9461	292	9169
2367	9608	293	9315
2368	9749	293	9456
2369	9775	295	9480
2370	9869	293	9576
2371	9948	290	9658
2372	9981	289	9692
2373	9999	290	9709
2374	10071	299	9772
2375	10029	300	9729
2376	9886	297	9589
2377	9833	290	9543
2378	9914	288	9626
2379	9848	294	9554
2380	9980	306	9674
2381	10022	302	9720
2382	9975	296	9679
2383	9941	287	9654
2384	9957	295	9662
2385	10056	302	9754
2386	10082	306	9776
2387	10036	298	9738
2388	10204	301	9903
2389	10193	295	9898
2390	10172	300	9872
2391	10220	295	9925
2392	10178	289	9889
2393	10149	293	9856
2394	10082	290	9792
2395	10111	293	9818
2396	10018	296	9722
2397	10077	298	9779
2398	10128	298	9830
2399	10108	296	9812
2400	10015	290	9725
2401	9916	296	9620
2402	9950	295	9655
2403	9956	281	9675
2404	9926	289	9637
2405	10002	296	9706
2406	10011	298	9713
2407	9928	296	9632
2408	9846	299	9547
2409	9985	297	9688
2410	9959	295	9664
2411	9826	298	9528
2412	9768	300	9468
2413	9813	296	9517
2414	9764	296	9468
2415	9639	295	9344
2416	9689	304	9385
2417	9702	298	9404
2418	9666	303	9363
2419	9675	307	9368
2420	9680	298	9382
2421	9652	294	9358
2422	9608	293	9315
2423	9696	297	9399
2424	9712	293	9419
2425	9703	293	9410
2426	9749	302	9447
2427	9647	296	9351
2428	9593	293	9300
2429	9618	291	9327
2430	9595	298	9297
2431	9494	297	9197
2432	9366	300	9066
2433	9401	294	9107
2434	9485	296	9189
2435	9502	290	9212
2436	9501	287	9214
2437	9523	295	9228
2438	9478	295	9183
2439	9421	303	9118
2440	9558	294	9264
2441	9547	283	9264
2442	9551	291	9260
2443	9454	293	9161
2444	9433	291	9142
2445	9434	288	9146
2446	9403	290	9113
2447	9373	301	9072
2448	9426	303	9123
2449	9431	298	9133
2450	9303	302	9001
2451	9267	292	8975
2452	9346	295	9051
2453	9362	291	9071
2454	9249	290	8959
2455	9150	304	8846
2456	9139	296	8843
2457	9227	289	8938
2458	9072	294	8778
2459	9048	290	8758
2460	9206	292	8914
2461	9173	285	8888
2462	9150	290	8860
2463	9184	285	8899
2464	9078	295	8783
2465	9033	294	8739
2466	8979	286	8693
2467	8958	292	8666
2468	8956	283	8673
2469	9003	304	8699
2470	8965	296	8669
2471	8997	292	8705
2472	8967	301	8666
2473	8968	296	8672
2474	8915	301	8614
2475	8889	303	8586
2476	9008	296	8712
2477	9096	291	8805
2478	9069	290	8779
2479	9028	292	8736
2480	9047	300	8747
2481	8979	298	8681
2482	8998	299	8699
2483	8986	309	8677
2484	8967	297	8670
2485	8984	295	8689
2486	8978	298	8680
2487	9037	298	8739
2488	9007	293	8714
2489	8996	286	8710
2490	9104	291	8813
2491	8947	285	8662
2492	8886	295	8591
2493	8931	297	8634
2494	8833	291	8542
2495	8840	297	8543
2496	8920	302	8618
2497	8929	304	8625
2498	8899	301	8598
2499	8922	295	8627
2500	8906	303	8603
2501	8966	307	8659
2502	8946	299	8647
2503	8920	298	8622
2504	9034	296	8738
2505	8988	292	8696
2506	8906	294	8612
2507	9013	284	8729
2508	9096	288	8808
2509	9145	295	8850
2510	9229	282	8947
2511	9357	289	9068
2512	9302	303	8999
2513	9254	302	8952
2514	9153	299	8854
2515	9196	299	8897
2516	9701	296	9405
2517	10573	291	10282
2518	11488	296	11192
2519	12510	298	12212
2520	13284	301	12983
2521	13247	302	12945
2522	12553	296	12257
2523	11922	292	11630
2524	11590	292	11298
2525	11337	286	11051
2526	11212	293	10919
2527	11252	299	10953
2528	11192	298	10894
2529	11066	294	10772
2530	11019	298	10721
2531	11100	299	10801
2532	11183	301	10882
2533	11105	301	10804
2534	11017	299	10718
2535	10962	291	10671
2536	10801	290	10511
2537	10589	301	10288
2538	10464	292	10172
2539	10431	293	10138
2540	10402	298	10104
2541	10372	293	10079
2542	10434	294	10140
2543	10415	301	10114
2544	10361	304	10057
2545	10337	303	10034
2546	10087	295	9792
2547	9870	291	9579
2548	9741	290	9451
2549	9702	289	9413
2550	9600	296	9304
2551	9496	288	9208
2552	9398	289	9109
2553	9391	300	9091
2554	9283	305	8978
2555	9084	300	8784
2556	8887	305	8582
2557	8749	292	8457
2558	8831	289	8542
2559	8841	298	8543
2560	8745	299	8446
2561	8562	293	8269
2562	8399	300	8099
2563	8418	301	8117
2564	8352	294	8058
2565	8246	296	7950
2566	8213	294	7919
2567	8238	295	7943
2568	8224	305	7919
2569	8127	306	7821
2570	8025	300	7725
2571	8042	294	7748
2572	8000	294	7706
2573	7881	290	7591
2574	7777	299	7478
2575	7780	301	7479
2576	7766	301	7465
2577	7667	286	7381
2578	7514	284	7230
2579	7518	301	7217
2580	7446	303	7143
2581	7442	297	7145
2582	7416	298	7118
2583	7294	292	7002
2584	7235	293	6942
2585	7264	301	6963
2586	7215	301	6914
2587	7189	292	6897
2588	7127	296	6831
2589	7049	299	6750
2590	7016	296	6720
2591	7002	290	6712
2592	6912	290	6622
2593	6881	303	6578
2594	6920	302	6618
2595	6923	294	6629
2596	6939	289	6650
2597	6955	284	6671
2598	7048	292	6756
2599	7010	297	6713
2600	6884	307	6577
2601	6848	301	6547
2602	6820	283	6537
2603	6813	288	6525
2604	6755	293	6462
2605	6678	293	6385
2606	6644	302	6342
2607	6672	301	6371
2608	6706	293	6413
2609	6673	297	6376
2610	6677	291	6386
2611	6659	288	6371
2612	6668	301	6367
2613	6701	306	6395
2614	6711	302	6409
2615	6640	296	6344
2616	6582	302	6280
2617	6678	304	6374
2618	6696	297	6399
2619	6663	292	6371
2620	6703	295	6408
2621	6655	306	6349
2622	6740	305	6435
2623	6861	298	6563
2624	6761	292	6469
2625	6741	295	6446
2626	6663	296	6367
2627	6651	299	6352
2628	6652	305	6347
2629	6619	298	6321
2630	6655	296	6359
2631	6727	308	6419
2632	6716	295	6421
2633	6699	291	6408
2634	6765	293	6472
2635	6922	290	6632
2636	6895	292	6603
2637	6867	285	6582
2638	6860	291	6569
2639	6862	287	6575
2640	6889	291	6598
2641	6889	298	6591
2642	6945	291	6654
2643	6930	294	6636
2644	6999	297	6702
2645	7050	291	6759
2646	7017	296	6721
2647	6955	296	6659
2648	7052	296	6756
2649	7104	299	6805
2650	7169	300	6869
2651	7198	293	6905
2652	7174	297	6877
2653	7246	296	6950
2654	7182	302	6880
2655	7203	303	6900
2656	7165	293	6872
2657	7147	294	6853
2658	7186	302	6884
2659	7225	304	6921
2660	7226	295	6931
2661	7237	290	6947
2662	7271	293	6978
2663	7294	288	7006
2664	7273	293	6980
2665	7321	288	7033
2666	7380	292	7088
2667	7351	294	7057
2668	7405	302	7103
2669	7393	305	7088
2670	7405	305	7100
2671	7409	296	7113
2672	7419	290	7129
2673	7466	292	7174
2674	7507	291	7216
2675	7570	299	7271
2676	7551	307	7244
2677	7509	297	7212
2678	7438	292	7146
2679	7373	302	7071
2680	7315	302	7013
2681	7382	294	7088
2682	7503	291	7212
2683	7553	301	7252
2684	7513	308	7205
2685	7477	298	7179
2686	7444	290	7154
2687	7466	293	7173
2688	7481	300	7181
2689	7472	297	7175
2690	7461	292	7169
2691	7422	297	7125
2692	7435	295	7140
2693	7464	287	7177
2694	7444	293	7151
2695	7459	297	7162
2696	7437	303	7134
2697	7313	297	7016
2698	7308	300	7008
2699	7262	291	6971
2700	7217	292	6925
2701	7245	296	6949
2702	7216	297	6919
2703	7202	290	6912
2704	7218	286	6932
2705	7183	296	6887
2706	7129	298	6831
2707	7109	294	6815
2708	7084	302	6782
2709	7059	297	6762
2710	7074	298	6776
2711	7045	301	6744
2712	7093	304	6789
2713	7022	298	6724
2714	7013	301	6712
2715	7039	297	6742
2716	6954	294	6660
2717	6912	291	6621
2718	6832	295	6537
2719	6829	297	6532
2720	6791	295	6496
2721	6821	288	6533
2722	6872	298	6574
2723	6846	301	6545
2724	6853	294	6559
2725	6788	291	6497
2726	6674	294	6380
2727	6659	290	6369
2728	6646	284	6362
2729	6614	288	6326
2730	6623	283	6340
2731	6633	296	6337
2732	6609	292	6317
2733	6584	296	6288
2734	6533	297	6236
2735	6528	298	6230
2736	6496	298	6198
2737	6479	294	6185
2738	6385	295	6090
2739	6365	302	6063
2740	6308	307	6001
2741	6359	302	6057
2742	6319	296	6023
2743	6319	286	6033
2744	6407	284	6123
2745	6384	294	6090
2746	6377	294	6083
2747	6371	297	6074
2748	6309	293	6016
2749	6299	287	6012
2750	6264	298	5966
2751	6264	300	5964
2752	6293	299	5994
2753	6222	293	5929
2754	6217	295	5922
2755	6283	291	5992
2756	6202	295	5907
2757	6114	290	5824
2758	6209	299	5910
2759	6212	297	5915
2760	6202	292	5910
2761	6202	285	5917
2762	6140	289	5851
2763	6130	294	5836
2764	6113	292	5821
2765	6074	290	5784
2766	6103	293	5810
2767	6053	300	5753
2768	5979	294	5685
2769	6040	294	5746
2770	6104	296	5808
2771	6166	294	5872
2772	6164	290	5874
2773	6024	288	5736
2774	5956	293	5663
2775	5972	298	5674
2776	5956	301	5655
2777	6003	301	5702
2778	6014	296	5718
2779	5926	301	5625
2780	5959	303	5656
2781	5956	299	5657
2782	5899	298	5601
2783	5943	291	5652
2784	5892	293	5599
2785	5932	291	5641
2786	5957	299	5658
2787	5942	297	5645
2788	5971	301	5670
2789	5931	294	5637
2790	5950	280	5670
2791	5889	287	5602
2792	5853	300	5553
2793	5881	297	5584
2794	5856	302	5554
2795	5848	306	5542
2796	5868	304	5564
2797	5792	289	5503
2798	5777	290	5487
2799	5833	294	5539
2800	5837	300	5537
2801	5817	290	5527
2802	5783	288	5495
2803	5825	301	5524
2804	5861	306	5555
2805	5887	297	5590
2806	5904	298	5606
2807	5858	296	5562
2808	5813	292	5521
2809	5813	282	5531
2810	5790	293	5497
2811	5792	297	5495
2812	5788	297	5491
2813	5830	294	5536
2814	5795	293	5502
2815	5773	306	5467
2816	5816	301	5515
2817	5796	301	5495
2818	5768	306	5462
2819	5748	298	5450
2820	5752	302	5450
2821	5724	305	5419
2822	5769	300	5469
2823	5777	301	5476
2824	5706	297	5409
2825	5628	295	5333
2826	5616	300	5316
2827	5636	296	5340
2828	5703	301	5402
2829	5756	299	5457
2830	5716	296	5420
2831	5671	288	5383
2832	5664	287	5377
2833	5720	291	5429
2834	5747	290	5457
2835	5705	282	5423
2836	5612	290	5322
2837	5565	302	5263
2838	5573	293	5280
2839	5580	293	5287
2840	5532	294	5238
2841	5511	289	5222
2842	5538	296	5242
2843	5556	293	5263
2844	5560	293	5267
2845	5505	297	5208
2846	5453	288	5165
2847	5487	285	5202
2848	5426	293	5133
2849	5414	306	5108
2850	5462	299	5163
2851	5405	292	5113
2852	5355	292	5063
2853	5317	292	5025
2854	5284	291	4993
2855	5303	289	5014
2856	5267	301	4966
2857	5197	301	4896
2858	5179	296	4883
2859	5168	297	4871
2860	5120	289	4831
2861	5124	290	4834
2862	5103	290	4813
2863	5068	290	4778
2864	5035	289	4746
2865	5042	292	4750
2866	5037	306	4731
2867	4997	303	4694
2868	4914	301	4613
2869	4943	292	4651
2870	4890	297	4593
2871	4876	299	4577
2872	4836	293	4543
2873	4838	301	4537
2874	4801	286	4515
2875	4717	291	4426
2876	4706	300	4406
2877	4782	297	4485
2878	4810	288	4522
2879	4802	294	4508
2880	4788	295	4493
2881	4723	296	4427
2882	4650	295	4355
2883	4649	293	4356
2884	4677	295	4382
2885	4643	291	4352
2886	4564	289	4275
2887	4592	301	4291
2888	4591	298	4293
2889	4525	300	4225
2890	4528	291	4237
2891	4567	286	4281
2892	4592	299	4293
2893	4577	300	4277
2894	4531	292	4239
2895	4466	294	4172
2896	4436	295	4141
2897	4445	296	4149
2898	4420	294	4126
2899	4387	293	4094
2900	4387	296	4091
2901	4371	290	4081
2902	4373	291	4082
2903	4352	285	4067
2904	4286	286	4000
2905	4251	291	3960
2906	4273	294	3979
2907	4291	301	3990
2908	4340	304	4036
2909	4339	292	4047
2910	4290	289	4001
2911	4246	292	3954
2912	4293	299	3994
2913	4284	300	3984
2914	4221	295	3926
2915	4178	291	3887
2916	4137	298	3839
2917	4179	291	3888
2918	4187	286	3901
2919	4185	292	3893
2920	4145	298	3847
2921	4189	304	3885
2922	4215	302	3913
2923	4168	291	3877
2924	4150	291	3859
2925	4187	294	3893
2926	4196	300	3896
2927	4149	295	3854
2928	4183	294	3889
2929	4121	296	3825
2930	4129	289	3840
2931	4133	299	3834
2932	4082	305	3777
2933	4039	304	3735
2934	4044	299	3745
2935	4056	293	3763
2936	4135	292	3843
2937	4089	298	3791
2938	4078	293	3785
2939	4097	297	3800
2940	4098	298	3800
2941	4081	302	3779
2942	4085	304	3781
2943	4100	304	3796
2944	4121	298	3823
2945	4149	300	3849
2946	4121	294	3827
2947	4105	294	3811
2948	4114	304	3810
2949	4162	301	3861
2950	4170	298	3872
2951	4141	290	3851
2952	4185	291	3894
2953	4141	286	3855
2954	4107	297	3810
2955	4130	299	3831
2956	4161	302	3859
2957	4135	295	3840
2958	4112	289	3823
2959	4144	289	3855
2960	4165	301	3864
2961	4145	297	3848
2962	4126	293	3833
2963	4159	285	3874
2964	4214	295	3919
2965	4210	309	3901
2966	4147	301	3846
2967	4194	298	3896
2968	4212	297	3915
2969	4184	295	3889
2970	4246	293	3953
2971	4238	298	3940
2972	4214	302	3912
2973	4224	301	3923
2974	4168	297	3871
2975	4208	299	3909
2976	4280	297	3983
2977	4291	287	4004
2978	4243	292	3951
2979	4199	294	3905
2980	4181	301	3880
2981	4223	300	3923
2982	4242	297	3945
2983	4254	296	3958
2984	4219	292	3927
2985	4212	296	3916
2986	4232	299	3933
2987	4275	300	3975
2988	4290	290	4000
2989	4283	298	3985
2990	4354	297	4057
2991	4420	293	4127
2992	4424	300	4124
2993	4381	296	4085
2994	4356	293	4063
2995	4414	293	4121
2996	4374	297	4077
2997	4358	294	4064
2998	4371	291	4080
2999	4373	286	4087
3000	4371	286	4085
3001	4386	287	4099
3002	4387	292	4095
3003	4373	307	4066
3004	4343	298	4045
3005	4344	294	4050
3006	4330	303	4027
3007	4365	300	4065
3008	4385	295	4090
3009	4359	294	4065
3010	4326	304	4022
3011	4265	298	3967
3012	4337	289	4048
3013	4369	287	4082
3014	4326	301	4025
3015	4273	306	3967
3016	4293	306	3987
3017	4270	298	3972
3018	4268	295	3973
3019	4284	296	3988
3020	4226	296	3930
3021	4257	297	3960
3022	4365	289	4076
3023	4313	288	4025
3024	4290	288	4002
3025	4296	294	4002
3026	4303	295	4008
3027	4363	288	4075
3028	4362	296	4066
3029	4352	299	4053
3030	4288	298	3990
3031	4284	295	3989
3032	4293	287	4006
3033	4215	298	3917
3034	4205	304	3901
3035	4191	292	3899
3036	4242	284	3958
3037	4294	295	3999
3038	4267	295	3972
3039	4196	296	3900
3040	4210	294	3916
3041	4176	295	3881
3042	4113	282	3831
3043	4133	290	3843
3044	4155	291	3864
3045	4094	304	3790
3046	4053	307	3746
3047	4068	296	3772
3048	4116	291	3825
3049	4086	296	3790
3050	4046	295	3751
3051	4097	291	3806
3052	4088	295	3793
3053	4045	302	3743
3054	4057	300	3757
3055	4048	290	3758
3056	4025	295	3730
3057	4048	298	3750
3058	4077	291	3786
3059	4027	286	3741
3060	3990	291	3699
3061	4019	296	3723
3062	3994	298	3696
3063	3976	291	3685
3064	3941	288	3653
3065	3969	288	3681
3066	3986	287	3699
3067	4005	302	3703
3068	3999	300	3699
3069	3978	293	3685
3070	3933	301	3632
3071	3879	292	3587
3072	3893	289	3604
3073	3928	292	3636
3074	3894	287	3607
3075	3949	294	3655
3076	3965	295	3670
3077	3900	286	3614
3078	3871	288	3583
3079	3845	289	3556
3080	3870	281	3589
3081	3924	290	3634
3082	3911	296	3615
3083	3874	293	3581
3084	3847	285	3562
3085	3768	295	3473
3086	3808	300	3508
3087	3897	295	3602
3088	3923	291	3632
3089	3872	286	3586
3090	3903	295	3608
3091	3934	297	3637
3092	3940	297	3643
3093	3938	303	3635
3094	3904	292	3612
3095	3883	290	3593
3096	3836	288	3548
3097	3948	287	3661
3098	3951	286	3665
3099	3876	304	3572
3100	3908	308	3600
3101	3934	299	3635
3102	3869	300	3569
3103	3904	296	3608
3104	3932	286	3646
3105	3908	290	3618
3106	3909	303	3606
3107	3977	301	3676
3108	3935	296	3639
3109	3896	292	3604
3110	3907	297	3610
3111	3984	293	3691
3112	3955	287	3668
3113	3962	282	3680
3114	3980	292	3688
3115	4012	293	3719
3116	3971	290	3681
3117	4004	292	3712
3118	3977	291	3686
3119	3958	297	3661
3120	3973	295	3678
3121	4029	285	3744
3122	4041	292	3749
3123	4063	297	3766
3124	4054	299	3755
3125	4062	294	3768
3126	4018	291	3727
3127	4047	288	3759
3128	4039	294	3745
3129	4044	297	3747
3130	4040	294	3746
3131	4059	296	3763
3132	4103	290	3813
3133	4101	285	3816
3134	4083	288	3795
3135	4072	292	3780
3136	4033	297	3736
3137	4036	295	3741
3138	4050	294	3756
3139	4126	296	3830
3140	4109	296	3813
3141	4087	294	3793
3142	4142	295	3847
3143	4143	292	3851
3144	4094	285	3809
3145	4049	294	3755
3146	4155	309	3846
3147	4208	306	3902
3148	4303	302	4001
3149	4371	295	4076
3150	4283	292	3991
3151	4305	297	4008
3152	4358	287	4071
3153	4393	298	4095
3154	4439	297	4142
3155	4526	284	4242
3156	4509	287	4222
3157	4534	288	4246
3158	4533	296	4237
3159	4602	301	4301
3160	4763	293	4470
3161	4780	285	4495
3162	4816	294	4522
3163	4919	290	4629
3164	4960	293	4667
3165	5068	298	4770
3166	5148	301	4847
3167	5322	302	5020
3168	5413	291	5122
3169	5398	294	5104
3170	5468	296	5172
3171	5550	294	5256
3172	5562	298	5264
3173	5562	298	5264
3174	5652	292	5360
3175	5747	300	5447
3176	5833	297	5536
3177	5866	297	5569
3178	5997	305	5692
3179	6125	302	5823
3180	6224	291	5933
3181	6306	297	6009
3182	6407	298	6109
3183	6491	292	6199
3184	6535	302	6233
3185	6581	295	6286
3186	6682	287	6395
3187	6794	294	6500
3188	6831	297	6534
3189	6817	293	6524
3190	6757	290	6467
3191	6746	295	6451
3192	6824	289	6535
3193	6838	291	6547
3194	6879	304	6575
3195	7108	293	6815
3196	7310	289	7021
3197	7482	298	7184
3198	7626	290	7336
3199	7722	294	7428
3200	7736	297	7439
3201	7781	289	7492
3202	7798	289	7509
3203	7897	306	7591
3204	7986	306	7680
3205	8155	298	7857
3206	8355	300	8055
3207	8392	298	8094
3208	8326	302	8024
3209	8310	309	8001
3210	8401	303	8098
3211	8471	298	8173
3212	8448	302	8146
3213	8597	300	8297
3214	8695	304	8391
3215	8670	299	8371
3216	8581	304	8277
3217	8545	303	8242
3218	8527	290	8237
3219	8587	299	8288
3220	8641	302	8339
3221	8768	298	8470
3222	8811	301	8510
3223	8860	303	8557
3224	8879	297	8582
3225	8988	280	8708
3226	9097	285	8812
3227	9115	303	8812
3228	9205	304	8901
3229	9257	292	8965
3230	9293	292	9001
3231	9358	302	9056
3232	9466	304	9162
3233	9607	296	9311
3234	9812	291	9521
3235	10075	292	9783
3236	10133	294	9839
3237	10204	294	9910
3238	10282	292	9990
3239	10260	300	9960
3240	10158	296	9862
3241	10071	298	9773
3242	10036	305	9731
3243	10050	297	9753
3244	9990	281	9709
3245	9947	280	9667
3246	9945	294	9651
3247	9958	302	9656
3248	9853	304	9549
3249	9842	294	9548
3250	9871	292	9579
3251	9994	300	9694
3252	9990	294	9696
3253	10015	290	9725
3254	9954	292	9662
3255	9907	297	9610
3256	9838	298	9540
3257	9789	292	9497
3258	9823	293	9530
3259	9884	299	9585
3260	9822	303	9519
3261	9744	297	9447
3262	9847	298	9549
3263	9872	294	9578
3264	9923	292	9631
3265	10149	294	9855
3266	10477	290	10187
3267	10773	298	10475
3268	10882	296	10586
3269	10979	305	10674
3270	10955	301	10654
3271	10920	292	10628
3272	10869	284	10585
3273	10828	294	10534
3274	10800	300	10500
3275	10846	292	10554
3276	10866	301	10565
3277	10806	304	10502
3278	10689	300	10389
3279	10519	301	10218
3280	10375	293	10082
3281	10255	290	9965
3282	10144	295	9849
3283	10027	302	9725
3284	9847	298	9549
3285	9673	294	9379
3286	9546	300	9246
3287	9422	295	9127
3288	9361	297	9064
3289	9409	293	9116
3290	9350	294	9056
3291	9414	298	9116
3292	9516	301	9215
3293	9487	294	9193
3294	9501	289	9212
3295	9435	291	9144
3296	9382	292	9090
3297	9504	300	9204
3298	9507	303	9204
3299	9516	298	9218
3300	9573	297	9276
3301	9561	299	9262
3302	9508	295	9213
3303	9520	292	9228
3304	9414	293	9121
3305	9338	282	9056
3306	9308	281	9027
3307	9198	296	8902
3308	9040	302	8738
3309	8949	305	8644
3310	8908	305	8603
3311	8822	300	8522
3312	8749	288	8461
3313	8662	283	8379
3314	8579	294	8285
3315	8553	295	8258
3316	8479	297	8182
3317	8465	295	8170
3318	8570	281	8289
3319	8636	279	8357
3320	8606	298	8308
3321	8505	295	8210
3322	8547	281	8266
3323	8551	291	8260
3324	8524	289	8235
3325	8492	297	8195
3326	8462	302	8160
3327	8379	299	8080
3328	8277	298	7979
3329	8189	302	7887
3330	8124	305	7819
3331	8134	300	7834
3332	8060	300	7760
3333	7936	298	7638
3334	7895	290	7605
3335	7712	290	7422
3336	7521	299	7222
3337	7469	294	7175
3338	7319	283	7036
3339	7175	286	6889
3340	7237	282	6955
3341	7200	288	6912
3342	7062	308	6754
3343	7008	303	6705
3344	6888	297	6591
3345	6859	294	6565
3346	6791	294	6497
3347	6730	288	6442
3348	6661	287	6374
3349	6468	287	6181
3350	6450	300	6150
3351	6456	301	6155
3352	6373	296	6077
3353	6319	295	6024
3354	6224	294	5930
3355	6138	289	5849
3356	5972	301	5671
3357	5928	293	5635
3358	5912	300	5612
3359	5845	295	5550
3360	5774	290	5484
3361	5857	295	5562
3362	5847	300	5547
3363	5698	298	5400
3364	5532	290	5242
3365	5593	282	5311
3366	5659	292	5367
3367	5736	301	5435
3368	5939	293	5646
3369	5948	282	5666
3370	6021	303	5718
3371	6123	304	5819
3372	6047	293	5754
3373	5978	289	5689
3374	5950	302	5648
3375	5899	308	5591
3376	5923	307	5616
3377	5853	306	5547
3378	5807	291	5516
3379	5720	288	5432
3380	5621	299	5322
3381	5593	299	5294
3382	5616	287	5329
3383	5566	297	5269
3384	5465	295	5170
3385	5440	288	5152
3386	5440	290	5150
3387	5468	289	5179
3388	5543	297	5246
3389	5626	295	5331
3390	5560	297	5263
3391	5469	308	5161
3392	5400	301	5099
3393	5330	293	5037
3394	5314	306	5008
3395	5281	298	4983
3396	5184	294	4890
3397	5234	298	4936
3398	5184	296	4888
3399	5072	286	4786
3400	5100	289	4811
3401	5096	286	4810
3402	5062	287	4775
3403	4990	302	4688
3404	4905	308	4597
3405	4800	296	4504
3406	4810	286	4524
3407	4827	296	4531
3408	4733	298	4435
3409	4742	298	4444
3410	4774	298	4476
3411	4721	297	4424
3412	4650	288	4362
3413	4638	287	4351
3414	4651	299	4352
3415	4599	301	4298
3416	4572	294	4278
3417	4561	296	4265
3418	4524	303	4221
3419	4513	301	4212
3420	4507	302	4205
3421	4510	287	4223
3422	4585	284	4301
3423	4633	300	4333
3424	4721	295	4426
3425	4767	299	4468
3426	4729	294	4435
3427	4728	297	4431
3428	4644	290	4354
3429	4568	294	4274
3430	4562	296	4266
3431	4581	297	4284
3432	4519	299	4220
3433	4502	292	4210
3434	4549	296	4253
3435	4596	300	4296
3436	4528	305	4223
3437	4560	298	4262
3438	4572	286	4286
3439	4532	290	4242
3440	4467	297	4170
3441	4406	303	4103
3442	4438	295	4143
3443	4455	294	4161
3444	4419	290	4129
3445	4406	285	4121
3446	4366	292	4074
3447	4433	296	4137
3448	4374	289	4085
3449	4335	294	4041
3450	4301	300	4001
3451	4240	291	3949
3452	4186	298	3888
3453	4172	307	3865
3454	4223	300	3923
3455	4256	297	3959
3456	4195	300	3895
3457	4108	299	3809
3458	4070	299	3771
3459	4061	296	3765
3460	4102	290	3812
3461	4156	305	3851
3462	4181	305	3876
3463	4301	304	3997
3464	4289	300	3989
3465	4185	305	3880
3466	4144	299	3845
3467	4195	288	3907
3468	4199	290	3909
3469	4242	292	3950
3470	4243	291	3952
3471	4165	297	3868
3472	4042	297	3745
3473	4002	284	3718
3474	3956	290	3666
3475	3907	291	3616
3476	3867	289	3578
3477	3829	294	3535
3478	3808	306	3502
3479	3768	296	3472
3480	3713	280	3433
3481	3687	282	3405
3482	3690	287	3403
3483	3696	286	3410
3484	3738	288	3450
3485	3759	292	3467
3486	3768	297	3471
3487	3783	296	3487
3488	3801	296	3505
3489	3762	292	3470
3490	3683	288	3395
3491	3676	290	3386
3492	3650	298	3352
3493	3640	302	3338
3494	3613	301	3312
3495	3494	286	3208
3496	3502	286	3216
3497	3486	292	3194
3498	3456	297	3159
3499	3455	292	3163
3500	3396	291	3105
3501	3410	291	3119
3502	3472	289	3183
3503	3445	296	3149
3504	3353	291	3062
3505	3331	287	3044
3506	3353	297	3056
3507	3313	292	3021
3508	3280	284	2996
3509	3223	288	2935
3510	3200	293	2907
3511	3184	303	2881
3512	3146	305	2841
3513	3125	300	2825
3514	3073	297	2776
3515	3082	284	2798
3516	3086	287	2799
3517	3131	288	2843
3518	3119	296	2823
3519	3067	293	2774
3520	3068	299	2769
3521	3046	304	2742
3522	3003	301	2702
3523	2976	293	2683
3524	2925	283	2642
3525	2933	285	2648
3526	2917	296	2621
3527	2907	302	2605
3528	2948	292	2656
3529	2952	292	2660
3530	2961	291	2670
3531	2975	287	2688
3532	3031	299	2732
3533	3002	296	2706
3534	2894	303	2591
3535	2823	300	2523
3536	2757	294	2463
3537	2783	294	2489
3538	2789	304	2485
3539	2783	305	2478
3540	2775	303	2472
3541	2769	305	2464
3542	2720	303	2417
3543	2714	297	2417
3544	2654	286	2368
3545	2591	294	2297
3546	2647	290	2357
3547	2671	289	2382
3548	2619	296	2323
3549	2623	289	2334
3550	2597	296	2301
3551	2588	293	2295
3552	2518	299	2219
3553	2469	297	2172
3554	2450	292	2158
3555	2468	301	2167
3556	2500	296	2204
3557	2498	292	2206
3558	2460	293	2167
3559	2463	299	2164
3560	2432	298	2134
3561	2455	301	2154
3562	2416	295	2121
3563	2367	304	2063
3564	2399	308	2091
3565	2402	289	2113
3566	2372	293	2079
3567	2382	294	2088
3568	2348	291	2057
3569	2362	304	2058
3570	2356	303	2053
3571	2325	294	2031
3572	2309	288	2021
3573	2309	282	2027
3574	2297	295	2002
3575	2265	296	1969
3576	2219	286	1933
3577	2264	293	1971
3578	2240	298	1942
3579	2217	292	1925
3580	2239	293	1946
3581	2233	299	1934
3582	2202	296	1906
3583	2232	292	1940
3584	2239	302	1937
3585	2228	296	1932
3586	2201	297	1904
3587	2176	296	1880
3588	2158	288	1870
3589	2098	292	1806
3590	2042	293	1749
3591	2049	294	1755
3592	2016	295	1721
3593	2005	294	1711
3594	2007	295	1712
3595	1976	298	1678
3596	1971	292	1679
3597	1982	287	1695
3598	2010	289	1721
3599	1965	295	1670
3600	1904	295	1609
3601	1946	290	1656
3602	1945	289	1656
3603	1958	302	1656
3604	1920	302	1618
3605	1899	298	1601
3606	1895	303	1592
3607	1871	300	1571
3608	1869	305	1564
3609	1871	296	1575
3610	1846	296	1550
3611	1858	304	1554
3612	1805	303	1502
3613	1785	295	1490
3614	1792	295	1497
3615	1760	294	1466
3616	1746	291	1455
3617	1721	287	1434
3618	1707	293	1414
3619	1718	289	1429
3620	1711	285	1426
3621	1732	295	1437
3622	1768	299	1469
3623	1743	290	1453
3624	1671	284	1387
3625	1658	296	1362
3626	1657	303	1354
3627	1643	305	1338
3628	1692	301	1391
3629	1700	296	1404
3630	1682	296	1386
3631	1694	292	1402
3632	1720	296	1424
3633	1684	292	1392
3634	1641	284	1357
3635	1599	289	1310
3636	1553	294	1259
3637	1538	295	1243
3638	1543	301	1242
3639	1504	301	1203
3640	1498	292	1206
3641	1504	292	1212
3642	1447	298	1149
3643	1447	298	1149
3644	1449	301	1148
3645	1479	294	1185
3646	1505	291	1214
3647	1490	295	1195
3648	1467	296	1171
