index	original	background	difference
-----------------------------------------------------
1	268	237	31
2	279	235	44
3	286	235	51
4	267	226	41
5	270	232	38
6	261	233	28
7	271	228	43
8	271	225	46
9	274	229	45
10	266	227	39
11	258	238	20
12	264	242	22
13	284	241	43
14	286	241	45
15	293	247	46
16	289	251	38
17	277	251	26
18	277	249	28
19	272	256	16
20	267	252	15
21	284	243	41
22	282	232	50
23	288	235	53
24	300	242	58
25	284	237	47
26	268	242	26
27	287	247	40
28	278	243	35
29	287	244	43
30	305	241	64
31	319	238	81
32	291	239	52
33	286	243	43
34	278	256	22
35	273	255	18
36	273	248	25
37	301	246	55
38	301	241	60
39	312	240	72
40	315	254	61
41	319	262	57
42	310	254	56
43	309	253	56
44	312	251	61
45	334	248	86
46	309	242	67
47	298	247	51
48	307	255	52
49	307	264	43
50	316	247	69
51	303	246	57
52	304	247	57
53	335	246	89
54	303	248	55
55	309	256	53
56	335	255	80
57	353	254	99
58	337	245	92
59	309	255	54
60	316	263	53
61	320	261	59
62	323	253	70
63	338	252	86
64	332	253	79
65	350	257	93
66	337	252	85
67	332	264	68
68	347	262	85
69	349	261	88
70	339	257	82
71	333	261	72
72	320	253	67
73	313	253	60
74	320	262	58
75	338	264	74
76	323	262	61
77	342	271	71
78	350	262	88
79	349	256	93
80	351	258	93
81	368	258	110
82	362	265	97
83	371	259	112
84	355	251	104
85	351	259	92
86	366	251	115
87	376	267	109
88	371	264	107
89	358	260	98
90	344	250	94
91	352	258	94
92	363	257	106
93	360	260	100
94	342	256	86
95	361	262	99
96	359	261	98
97	356	268	88
98	368	265	103
99	383	267	116
100	362	255	107
101	381	250	131
102	405	247	158
103	380	251	129
104	367	257	110
105	379	263	116
106	402	254	148
107	409	249	160
108	376	255	121
109	394	246	148
110	420	256	164
111	422	267	155
112	449	274	175
113	420	265	155
114	409	255	154
115	434	249	185
116	445	256	189
117	432	265	167
118	429	254	175
119	440	240	200
120	431	249	182
121	432	260	172
122	438	266	172
123	458	263	195
124	466	259	207
125	461	273	188
126	447	266	181
127	433	262	171
128	408	265	143
129	445	265	180
130	480	264	216
131	478	260	218
132	482	254	228
133	461	260	201
134	462	262	200
135	481	261	220
136	489	255	234
137	506	258	248
138	511	264	247
139	515	263	252
140	502	253	249
141	519	259	260
142	510	257	253
143	516	256	260
144	539	267	272
145	526	269	257
146	515	261	254
147	545	255	290
148	551	259	292
149	563	264	299
150	574	251	323
151	565	264	301
152	561	268	293
153	553	267	286
154	585	261	324
155	593	259	334
156	580	251	329
157	570	250	320
158	575	254	321
159	591	255	336
160	598	255	343
161	594	269	325
162	585	270	315
163	604	258	346
164	620	260	360
165	611	267	344
166	594	261	333
167	617	260	357
168	635	263	372
169	651	268	383
170	667	269	398
171	663	263	400
172	633	264	369
173	650	277	373
174	679	267	412
175	682	258	424
176	664	251	413
177	677	252	425
178	676	265	411
179	681	262	419
180	721	256	465
181	762	257	505
182	748	256	492
183	761	256	505
184	746	259	487
185	765	271	494
186	763	276	487
187	751	268	483
188	769	264	505
189	780	265	515
190	785	266	519
191	818	265	553
192	801	263	538
193	805	259	546
194	789	265	524
195	814	260	554
196	814	260	554
197	816	270	546
198	797	264	533
199	841	261	580
200	873	266	607
201	863	261	602
202	851	262	589
203	879	272	607
204	860	264	596
205	865	267	598
206	869	263	606
207	865	257	608
208	868	251	617
209	878	257	621
210	919	256	663
211	959	247	712
212	946	257	689
213	950	268	682
214	934	260	674
215	970	269	701
216	1006	266	740
217	1027	265	762
218	1059	267	792
219	1071	266	805
220	1035	265	770
221	1025	264	761
222	1068	250	818
223	1122	253	869
224	1129	258	871
225	1144	263	881
226	1151	258	893
227	1163	252	911
228	1170	256	914
229	1227	264	963
230	1240	260	980
231	1232	261	971
232	1223	262	961
233	1281	267	1014
234	1254	261	993
235	1252	265	987
236	1289	264	1025
237	1280	263	1017
238	1266	266	1000
239	1293	270	1023
240	1316	265	1051
241	1305	265	1040
242	1282	268	1014
243	1283	263	1020
244	1287	250	1037
245	1341	263	1078
246	1351	272	1079
247	1333	263	1070
248	1349	254	1095
249	1384	262	1122
250	1421	263	1158
251	1415	261	1154
252	1408	262	1146
253	1448	267	1181
254	1465	254	1211
255	1505	250	1255
256	1516	261	1255
257	1562	275	1287
258	1556	272	1284
259	1617	265	1352
260	1594	263	1331
261	1630	268	1362
262	1697	267	1430
263	1725	259	1466
264	1809	257	1552
265	1870	260	1610
266	1850	254	1596
267	1885	254	1631
268	1920	257	1663
269	1980	268	1712
270	1992	275	1717
271	2025	268	1757
272	2072	262	1810
273	2042	267	1775
274	2088	264	1824
275	2155	268	1887
276	2149	259	1890
277	2157	264	1893
278	2176	260	1916
279	2209	261	1948
280	2272	260	2012
281	2241	267	1974
282	2226	265	1961
283	2290	263	2027
284	2318	261	2057
285	2280	257	2023
286	2297	248	2049
287	2372	251	2121
288	2355	253	2102
289	2368	260	2108
290	2369	265	2104
291	2402	258	2144
292	2423	260	2163
293	2457	259	2198
294	2453	255	2198
295	2459	255	2204
296	2484	262	2222
297	2494	259	2235
298	2556	258	2298
299	2562	264	2298
300	2563	259	2304
301	2605	262	2343
302	2632	259	2373
303	2667	259	2408
304	2734	264	2470
305	2782	267	2515
306	2742	256	2486
307	2838	261	2577
308	2901	269	2632
309	2921	270	2651
310	2941	262	2679
311	3110	253	2857
312	3171	250	2921
313	3145	257	2888
314	3150	255	2895
315	3246	268	2978
316	3341	262	3079
317	3412	258	3154
318	3473	263	3210
319	3525	271	3254
320	3541	261	3280
321	3580	255	3325
322	3641	267	3374
323	3682	258	3424
324	3691	258	3433
325	3771	270	3501
326	3793	268	3525
327	3775	267	3508
328	3822	265	3557
329	3834	262	3572
330	3921	266	3655
331	3931	267	3664
332	3970	272	3698
333	3968	259	3709
334	3938	256	3682
335	3946	258	3688
336	3942	265	3677
337	3944	268	3676
338	3954	257	3697
339	3987	252	3735
340	3968	256	3712
341	3877	266	3611
342	3858	267	3591
343	3888	265	3623
344	3853	264	3589
345	3800	250	3550
346	3910	246	3664
347	3921	260	3661
348	3834	264	3570
349	3825	274	3551
350	3863	267	3596
351	3840	266	3574
352	3949	269	3680
353	4046	265	3781
354	3961	258	3703
355	3951	263	3688
356	3956	258	3698
357	3957	254	3703
358	3964	259	3705
359	4064	259	3805
360	4053	259	3794
361	4098	262	3836
362	4195	259	3936
363	4175	263	3912
364	4229	259	3970
365	4387	256	4131
366	4421	259	4162
367	4434	257	4177
368	4454	259	4195
369	4483	264	4219
370	4517	251	4266
371	4682	253	4429
372	4707	258	4449
373	4799	264	4535
374	4776	252	4524
375	4775	259	4516
376	4823	265	4558
377	4833	263	4570
378	4833	249	4584
379	4962	246	4716
380	5033	255	4778
381	4959	258	4701
382	4930	260	4670
383	4993	265	4728
384	4985	259	4726
385	4914	262	4652
386	4927	255	4672
387	4918	253	4665
388	4910	251	4659
389	4889	259	4630
390	4860	257	4603
391	4859	257	4602
392	4844	258	4586
393	4841	262	4579
394	4799	263	4536
395	4770	269	4501
396	4743	264	4479
397	4658	257	4401
398	4655	254	4401
399	4706	270	4436
400	4637	258	4379
401	4560	244	4316
402	4597	256	4341
403	4637	267	4370
404	4604	258	4346
405	4582	253	4329
406	4543	255	4288
407	4569	263	4306
408	4566	259	4307
409	4571	263	4308
410	4563	265	4298
411	4591	261	4330
412	4618	258	4360
413	4642	266	4376
414	4671	258	4413
415	4647	265	4382
416	4744	264	4480
417	4757	259	4498
418	4781	259	4522
419	4876	262	4614
420	4978	263	4715
421	5024	258	4766
422	5006	253	4753
423	5013	262	4751
424	5066	257	4809
425	5108	258	4850
426	5210	262	4948
427	5223	260	4963
428	5254	260	4994
429	5355	255	5100
430	5343	254	5089
431	5326	260	5066
432	5416	251	5165
433	5512	257	5255
434	5481	265	5216
435	5497	266	5231
436	5570	262	5308
437	5605	266	5339
438	5567	264	5303
439	5503	259	5244
440	5536	261	5275
441	5583	262	5321
442	5629	257	5372
443	5661	255	5406
444	5608	261	5347
445	5510	257	5253
446	5542	250	5292
447	5487	259	5228
448	5475	263	5212
449	5335	261	5074
450	5258	259	4999
451	5324	255	5069
452	5304	256	5048
453	5243	258	4985
454	5160	258	4902
455	5157	263	4894
456	5173	261	4912
457	5109	257	4852
458	5009	255	4754
459	5043	258	4785
460	4984	259	4725
461	4928	257	4671
462	4894	261	4633
463	4871	257	4614
464	4917	247	4670
465	4999	258	4741
466	4981	256	4725
467	4846	268	4578
468	4971	261	4710
469	4988	260	4728
470	4995	258	4737
471	5029	268	4761
472	4980	263	4717
473	5030	261	4769
474	5089	254	4835
475	5117	260	4857
476	5165	261	4904
477	5172	264	4908
478	5138	262	4876
479	5255	258	4997
480	5380	264	5116
481	5401	264	5137
482	5360	263	5097
483	5413	265	5148
484	5475	264	5211
485	5541	275	5266
486	5611	263	5348
487	5697	254	5443
488	5760	263	5497
489	5788	264	5524
490	5901	255	5646
491	5915	258	5657
492	5960	254	5706
493	6106	258	5848
494	6089	262	5827
495	6031	264	5767
496	6064	265	5799
497	6058	265	5793
498	6136	261	5875
499	6175	263	5912
500	6161	262	5899
501	6141	259	5882
502	6131	260	5871
503	6169	269	5900
504	6097	256	5841
505	6066	262	5804
506	6030	265	5765
507	6003	268	5735
508	6119	266	5853
509	6090	271	5819
510	6001	264	5737
511	5958	266	5692
512	5935	256	5679
513	5885	259	5626
514	5828	263	5565
515	5803	256	5547
516	5734	254	5480
517	5706	259	5447
518	5666	251	5415
519	5585	262	5323
520	5477	268	5209
521	5526	264	5262
522	5496	264	5232
523	5343	267	5076
524	5393	264	5129
525	5346	256	5090
526	5308	248	5060
527	5252	251	5001
528	5171	255	4916
529	5189	256	4933
530	5181	254	4927
531	5202	264	4938
532	5161	268	4893
533	5137	271	4866
534	5271	262	5009
535	5238	263	4975
536	5184	267	4917
537	5218	257	4961
538	5239	245	4994
539	5298	256	5042
540	5345	259	5086
541	5402	260	5142
542	5440	254	5186
543	5466	265	5201
544	5569	264	5305
545	5690	262	5428
546	5759	267	5492
547	5876	265	5611
548	5936	256	5680
549	5913	263	5650
550	6044	268	5776
551	6164	266	5898
552	6183	263	5920
553	6222	260	5962
554	6263	256	6007
555	6397	262	6135
556	6410	259	6151
557	6418	267	6151
558	6473	264	6209
559	6564	265	6299
560	6641	265	6376
561	6692	260	6432
562	6759	262	6497
563	6753	268	6485
564	6742	258	6484
565	6842	258	6584
566	6852	259	6593
567	6868	252	6616
568	6932	250	6682
569	6959	262	6697
570	6877	266	6611
571	6804	260	6544
572	6765	270	6495
573	6825	267	6558
574	6822	258	6564
575	6839	259	6580
576	6815	265	6550
577	6749	264	6485
578	6784	262	6522
579	6802	263	6539
580	6714	254	6460
581	6690	258	6432
582	6673	259	6414
583	6734	252	6482
584	6646	251	6395
585	6581	259	6322
586	6611	254	6357
587	6439	262	6177
588	6428	274	6154
589	6504	272	6232
590	6429	261	6168
591	6353	256	6097
592	6345	261	6084
593	6256	263	5993
594	6209	257	5952
595	6201	259	5942
596	6169	262	5907
597	6082	271	5811
598	6040	266	5774
599	6007	257	5750
600	6021	261	5760
601	5994	266	5728
602	5942	269	5673
603	5952	272	5680
604	5986	262	5724
605	5983	265	5718
606	5999	259	5740
607	6068	262	5806
608	5986	270	5716
609	6055	272	5783
610	6146	267	5879
611	6144	266	5878
612	6132	265	5867
613	6130	262	5868
614	6217	257	5960
615	6255	257	5998
616	6272	252	6020
617	6317	257	6060
618	6328	262	6066
619	6419	262	6157
620	6574	255	6319
621	6603	256	6347
622	6684	251	6433
623	6863	252	6611
624	6869	268	6601
625	6852	272	6580
626	6931	260	6671
627	7077	266	6811
628	7278	263	7015
629	7424	259	7165
630	7466	261	7205
631	7599	262	7337
632	7618	262	7356
633	7618	265	7353
634	7831	264	7567
635	7934	269	7665
636	7989	262	7727
637	8092	263	7829
638	8143	269	7874
639	8163	264	7899
640	8302	255	8047
641	8396	259	8137
642	8391	257	8134
643	8460	267	8193
644	8583	261	8322
645	8620	262	8358
646	8642	252	8390
647	8685	264	8421
648	8712	262	8450
649	8777	259	8518
650	8813	265	8548
651	8942	267	8675
652	8852	264	8588
653	8808	266	8542
654	8897	253	8644
655	8844	259	8585
656	8787	264	8523
657	8796	267	8529
658	8798	258	8540
659	8672	262	8410
660	8601	258	8343
661	8602	252	8350
662	8553	256	8297
663	8467	262	8205
664	8352	259	8093
665	8277	272	8005
666	8247	257	7990
667	8166	256	7910
668	8029	268	7761
669	7995	269	7726
670	7853	269	7584
671	7801	264	7537
672	7783	272	7511
673	7745	269	7476
674	7722	264	7458
675	7684	263	7421
676	7657	267	7390
677	7633	262	7371
678	7602	256	7346
679	7511	259	7252
680	7521	262	7259
681	7505	268	7237
682	7450	266	7184
683	7375	258	7117
684	7420	253	7167
685	7453	255	7198
686	7425	272	7153
687	7492	269	7223
688	7520	251	7269
689	7536	252	7284
690	7556	254	7302
691	7511	251	7260
692	7612	248	7364
693	7818	259	7559
694	7863	269	7594
695	7850	264	7586
696	7902	248	7654
697	8096	260	7836
698	8232	264	7968
699	8258	264	7994
700	8409	267	8142
701	8535	267	8268
702	8597	263	8334
703	8677	258	8419
704	8724	251	8473
705	8869	266	8603
706	8948	272	8676
707	9144	265	8879
708	9263	258	9005
709	9261	261	9000
710	9329	258	9071
711	9458	262	9196
712	9565	267	9298
713	9697	257	9440
714	9802	265	9537
715	9808	268	9540
716	9885	261	9624
717	10108	274	9834
718	10209	251	9958
719	10276	273	10003
720	10354	267	10087
721	10412	262	10150
722	10454	256	10198
723	10578	254	10324
724	10605	266	10339
725	10703	273	10430
726	10883	260	10623
727	11015	254	10761
728	11079	263	10816
729	11059	262	10797
730	11058	258	10800
731	11019	259	10760
732	11167	256	10911
733	11300	256	11044
734	11331	261	11070
735	11275	264	11011
736	11169	259	10910
737	11088	266	10822
738	11124	268	10856
739	11003	257	10746
740	10887	257	10630
741	10882	261	10621
742	10787	255	10532
743	10791	263	10528
744	10808	266	10542
745	10777	272	10505
746	10689	271	10418
747	10644	263	10381
748	10657	260	10397
749	10509	267	10242
750	10395	258	10137
751	10331	257	10074
752	10203	268	9935
753	10189	269	9920
754	10081	261	9820
755	9956	256	9700
756	10060	258	9802
757	10056	263	9793
758	9923	265	9658
759	9743	263	9480
760	9744	261	9483
761	9581	262	9319
762	9467	259	9208
763	9540	259	9281
764	9488	258	9230
765	9436	264	9172
766	9382	265	9117
767	9244	269	8975
768	9138	268	8870
769	9158	260	8898
770	9094	264	8830
771	9046	273	8773
772	8919	262	8657
773	8971	261	8710
774	8995	269	8726
775	8970	275	8695
776	8872	263	8609
777	8939	260	8679
778	8948	262	8686
779	8939	271	8668
780	9017	258	8759
781	9033	259	8774
782	8990	262	8728
783	9040	266	8774
784	9057	260	8797
785	9061	265	8796
786	9039	260	8779
787	9139	259	8880
788	9211	262	8949
789	9309	273	9036
790	9394	274	9120
791	9400	260	9140
792	9608	256	9352
793	9770	258	9512
794	9790	258	9532
795	9922	272	9650
796	10049	269	9780
797	10227	269	9958
798	10507	260	10247
799	10519	262	10257
800	10578	259	10319
801	10641	259	10382
802	10715	265	10450
803	10892	266	10626
804	11042	261	10781
805	11160	265	10895
806	11233	250	10983
807	11262	256	11006
808	11300	257	11043
809	11431	259	11172
810	11623	253	11370
811	11669	255	11414
812	11640	257	11383
813	11697	263	11434
814	11812	262	11550
815	11805	267	11538
816	11857	260	11597
817	11949	260	11689
818	11896	253	11643
819	11953	257	11696
820	12038	256	11782
821	11991	260	11731
822	11998	264	11734
823	12112	252	11860
824	12051	247	11804
825	12134	265	11869
826	12014	265	11749
827	11974	266	11708
828	11994	263	11731
829	11902	257	11645
830	11814	258	11556
831	11745	257	11488
832	11687	253	11434
833	11548	254	11294
834	11580	258	11322
835	11528	261	11267
836	11515	261	11254
837	11447	254	11193
838	11280	258	11022
839	11152	261	10891
840	11095	259	10836
841	10948	257	10691
842	10794	259	10535
843	10725	261	10464
844	10704	259	10445
845	10671	268	10403
846	10613	269	10344
847	10516	267	10249
848	10432	255	10177
849	10354	258	10096
850	10124	256	9868
851	9992	261	9731
852	10013	258	9755
853	9963	264	9699
854	9817	256	9561
855	9708	258	9450
856	9591	257	9334
857	9508	252	9256
858	9499	250	9249
859	9450	251	9199
860	9412	254	9158
861	9334	262	9072
862	9275	253	9022
863	9264	258	9006
864	9339	258	9081
865	9178	260	8918
866	9070	257	8813
867	8989	256	8733
868	8973	258	8715
869	8930	254	8676
870	8935	254	8681
871	8977	257	8720
872	8971	255	8716
873	8829	255	8574
874	8844	248	8596
875	8912	255	8657
876	8922	256	8666
877	8888	258	8630
878	8813	258	8555
879	8829	259	8570
880	8964	253	8711
881	8912	249	8663
882	8857	248	8609
883	8899	258	8641
884	8839	254	8585
885	8969	245	8724
886	8977	239	8738
887	9067	251	8816
888	9154	260	8894
889	9136	259	8877
890	9173	261	8912
891	9198	256	8942
892	9273	254	9019
893	9372	260	9112
894	9268	263	9005
895	9213	264	8949
896	9377	265	9112
897	9557	265	9292
898	9558	261	9297
899	9648	273	9375
900	9833	267	9566
901	9858	263	9595
902	9963	263	9700
903	9920	264	9656
904	9982	255	9727
905	10061	257	9804
906	10088	260	9828
907	10179	268	9911
908	10302	269	10033
909	10363	268	10095
910	10397	262	10135
911	10433	261	10172
912	10529	259	10270
913	10713	263	10450
914	10739	253	10486
915	10733	261	10472
916	10809	264	10545
917	10861	258	10603
918	10882	252	10630
919	10907	259	10648
920	10934	274	10660
921	10989	272	10717
922	11084	259	10825
923	11141	263	10878
924	11075	261	10814
925	11116	257	10859
926	11219	262	10957
927	11217	267	10950
928	11121	258	10863
929	11086	259	10827
930	11180	261	10919
931	11164	270	10894
932	11161	264	10897
933	11144	256	10888
934	11171	259	10912
935	11174	269	10905
936	11182	271	10911
937	11086	262	10824
938	11021	261	10760
939	10976	263	10713
940	10906	261	10645
941	10914	262	10652
942	10803	262	10541
943	10788	264	10524
944	10695	251	10444
945	10564	261	10303
946	10377	269	10108
947	10268	268	10000
948	10348	270	10078
949	10242	273	9969
950	10033	266	9767
951	9987	257	9730
952	9888	259	9629
953	9844	273	9571
954	9821	255	9566
955	9710	261	9449
956	9569	264	9305
957	9496	271	9225
958	9500	271	9229
959	9371	271	9100
960	9237	274	8963
961	9149	269	8880
962	9014	257	8757
963	9033	258	8775
964	8910	264	8646
965	8737	269	8468
966	8664	258	8406
967	8537	257	8280
968	8564	255	8309
969	8428	258	8170
970	8315	255	8060
971	8338	254	8084
972	8320	268	8052
973	8127	276	7851
974	8073	263	7810
975	8079	259	7820
976	8094	261	7833
977	8013	267	7746
978	7962	256	7706
979	7909	249	7660
980	7878	257	7621
981	7871	256	7615
982	7919	261	7658
983	7907	268	7639
984	7873	263	7610
985	7783	262	7521
986	7809	262	7547
987	7805	267	7538
988	7727	255	7472
989	7823	260	7563
990	7884	266	7618
991	7883	268	7615
992	7879	268	7611
993	7804	267	7537
994	7808	255	7553
995	7826	263	7563
996	7904	257	7647
997	7962	262	7700
998	8030	262	7768
999	8033	256	7777
1000	7952	254	7698
1001	8018	255	7763
1002	8056	264	7792
1003	8181	271	7910
1004	8198	271	7927
1005	8238	263	7975
1006	8324	263	8061
1007	8411	262	8149
1008	8465	255	8210
1009	8446	263	8183
1010	8548	268	8280
1011	8649	264	8385
1012	8662	275	8387
1013	8714	264	8450
1014	8843	263	8580
1015	8968	272	8696
1016	9047	264	8783
1017	9068	260	8808
1018	9125	272	8853
1019	9148	273	8875
1020	9156	262	8894
1021	9287	268	9019
1022	9393	262	9131
1023	9399	259	9140
1024	9510	260	9250
1025	9537	265	9272
1026	9587	259	9328
1027	9701	261	9440
1028	9722	268	9454
1029	9805	271	9534
1030	9781	268	9513
1031	9861	267	9594
1032	9928	264	9664
1033	9913	254	9659
1034	10017	245	9772
1035	10097	252	9845
1036	10136	255	9881
1037	10121	267	9854
1038	10076	266	9810
1039	10197	268	9929
1040	10298	267	10031
1041	10307	270	10037
1042	10301	269	10032
1043	10221	261	9960
1044	10323	254	10069
1045	10371	264	10107
1046	10420	257	10163
1047	10437	257	10180
1048	10279	262	10017
1049	10277	272	10005
1050	10309	260	10049
1051	10198	261	9937
1052	10176	259	9917
1053	10169	268	9901
1054	10064	267	9797
1055	10054	263	9791
1056	9984	265	9719
1057	9915	268	9647
1058	9917	261	9656
1059	9807	268	9539
1060	9648	268	9380
1061	9621	254	9367
1062	9626	258	9368
1063	9561	269	9292
1064	9509	274	9235
1065	9413	279	9134
1066	9363	268	9095
1067	9359	260	9099
1068	9257	257	9000
1069	9160	250	8910
1070	9137	252	8885
1071	9008	259	8749
1072	8965	262	8703
1073	8813	273	8540
1074	8677	260	8417
1075	8706	261	8445
1076	8549	264	8285
1077	8522	263	8259
1078	8476	257	8219
1079	8359	255	8104
1080	8271	269	8002
1081	8223	260	7963
1082	8046	254	7792
1083	8042	262	7780
1084	7946	256	7690
1085	7815	259	7556
1086	7750	261	7489
1087	7694	263	7431
1088	7661	260	7401
1089	7590	261	7329
1090	7499	262	7237
1091	7400	263	7137
1092	7400	264	7136
1093	7319	256	7063
1094	7271	261	7010
1095	7295	270	7025
1096	7189	266	6923
1097	7156	265	6891
1098	7139	268	6871
1099	7092	266	6826
1100	7102	253	6849
1101	7066	257	6809
1102	7014	261	6753
1103	6988	271	6717
1104	6960	274	6686
1105	6969	263	6706
1106	6968	263	6705
1107	6870	258	6612
1108	6915	269	6646
1109	6897	271	6626
1110	6891	266	6625
1111	6914	264	6650
1112	6845	258	6587
1113	6835	255	6580
1114	6832	252	6580
1115	6836	260	6576
1116	6807	261	6546
1117	6823	257	6566
1118	6879	265	6614
1119	6834	260	6574
1120	6825	258	6567
1121	6864	268	6596
1122	6930	273	6657
1123	6950	270	6680
1124	6929	272	6657
1125	7002	268	6734
1126	7026	259	6767
1127	7033	258	6775
1128	7089	255	6834
1129	7120	258	6862
1130	7095	253	6842
1131	7180	263	6917
1132	7215	262	6953
1133	7263	263	7000
1134	7342	264	7078
1135	7362	271	7091
1136	7374	273	7101
1137	7515	267	7248
1138	7527	260	7267
1139	7644	265	7379
1140	7601	261	7340
1141	7576	262	7314
1142	7711	260	7451
1143	7741	262	7479
1144	7715	265	7450
1145	7759	261	7498
1146	7845	253	7592
1147	7893	265	7628
1148	7945	264	7681
1149	8029	261	7768
1150	7993	265	7728
1151	8088	259	7829
1152	8111	259	7852
1153	8143	262	7881
1154	8216	267	7949
1155	8275	264	8011
1156	8296	253	8043
1157	8424	265	8159
1158	8446	260	8186
1159	8449	265	8184
1160	8501	264	8237
1161	8523	272	8251
1162	8582	274	8308
1163	8554	271	8283
1164	8649	265	8384
1165	8654	257	8397
1166	8668	256	8412
1167	8693	258	8435
1168	8687	253	8434
1169	8708	271	8437
1170	8687	272	8415
1171	8720	265	8455
1172	8690	258	8432
1173	8660	259	8401
1174	8657	253	8404
1175	8656	260	8396
1176	8659	259	8400
1177	8620	252	8368
1178	8608	252	8356
1179	8635	268	8367
1180	8468	273	8195
1181	8468	268	8200
1182	8408	261	8147
1183	8369	261	8108
1184	8337	258	8079
1185	8301	264	8037
1186	8208	260	7948
1187	8218	266	7952
1188	8162	264	7898
1189	8056	268	7788
1190	7945	267	7678
1191	7930	264	7666
1192	7879	261	7618
1193	7762	259	7503
1194	7729	263	7466
1195	7690	257	7433
1196	7551	249	7302
1197	7433	267	7166
1198	7416	272	7144
1199	7406	266	7140
1200	7324	257	7067
1201	7337	261	7076
1202	7238	264	6974
1203	7166	264	6902
1204	7152	264	6888
1205	7069	270	6799
1206	6926	270	6656
1207	6898	265	6633
1208	6810	271	6539
1209	6683	266	6417
1210	6665	262	6403
1211	6651	269	6382
1212	6608	265	6343
1213	6655	271	6384
1214	6593	268	6325
1215	6553	265	6288
1216	6470	265	6205
1217	6433	254	6179
1218	6402	258	6144
1219	6429	266	6163
1220	6408	258	6150
1221	6301	259	6042
1222	6253	261	5992
1223	6208	263	5945
1224	6282	263	6019
1225	6228	268	5960
1226	6177	257	5920
1227	6193	255	5938
1228	6235	258	5977
1229	6217	261	5956
1230	6158	257	5901
1231	6205	261	5944
1232	6139	258	5881
1233	6131	263	5868
1234	6177	264	5913
1235	6191	266	5925
1236	6121	264	5857
1237	6140	258	5882
1238	6149	260	5889
1239	6141	263	5878
1240	6106	260	5846
1241	6082	257	5825
1242	6027	260	5767
1243	6079	269	5810
1244	6136	267	5869
1245	6149	265	5884
1246	6135	259	5876
1247	6184	267	5917
1248	6259	264	5995
1249	6230	257	5973
1250	6265	262	6003
1251	6267	265	6002
1252	6250	259	5991
1253	6304	265	6039
1254	6346	264	6082
1255	6462	258	6204
1256	6545	258	6287
1257	6546	262	6284
1258	6556	258	6298
1259	6575	254	6321
1260	6560	256	6304
1261	6669	261	6408
1262	6721	254	6467
1263	6801	250	6551
1264	6819	252	6567
1265	6713	261	6452
1266	6750	263	6487
1267	6813	266	6547
1268	6872	263	6609
1269	6919	267	6652
1270	7020	266	6754
1271	7075	256	6819
1272	7078	253	6825
1273	7106	264	6842
1274	7206	265	6941
1275	7234	253	6981
1276	7277	249	7028
1277	7418	256	7162
1278	7381	260	7121
1279	7413	262	7151
1280	7513	261	7252
1281	7473	260	7213
1282	7611	266	7345
1283	7651	269	7382
1284	7684	261	7423
1285	7699	254	7445
1286	7770	259	7511
1287	7868	260	7608
1288	7920	256	7664
1289	7889	257	7632
1290	7891	265	7626
1291	8052	261	7791
1292	8004	252	7752
1293	8004	260	7744
1294	7998	257	7741
1295	8008	265	7743
1296	8099	259	7840
1297	8073	263	7810
1298	8106	262	7844
1299	8172	262	7910
1300	8309	265	8044
1301	8405	268	8137
1302	8402	263	8139
1303	8322	263	8059
1304	8322	269	8053
1305	8311	265	8046
1306	8393	252	8141
1307	8498	260	8238
1308	8520	265	8255
1309	8551	250	8301
1310	8570	253	8317
1311	8683	251	8432
1312	8649	256	8393
1313	8746	265	8481
1314	8825	273	8552
1315	8777	272	8505
1316	8755	259	8496
1317	8772	257	8515
1318	8804	262	8542
1319	8791	258	8533
1320	8800	259	8541
1321	8712	260	8452
1322	8565	262	8303
1323	8543	272	8271
1324	8592	268	8324
1325	8544	259	8285
1326	8570	259	8311
1327	8486	258	8228
1328	8498	261	8237
1329	8456	263	8193
1330	8328	258	8070
1331	8402	262	8140
1332	8453	265	8188
1333	8288	268	8020
1334	8259	259	8000
1335	8314	263	8051
1336	8292	257	8035
1337	8312	260	8052
1338	8309	253	8056
1339	8275	258	8017
1340	8203	263	7940
1341	8185	260	7925
1342	8258	262	7996
1343	8186	264	7922
1344	8129	266	7863
1345	8258	272	7986
1346	8305	267	8038
1347	8161	263	7898
1348	8119	259	7860
1349	8146	256	7890
1350	8124	251	7873
1351	8055	260	7795
1352	7992	263	7729
1353	7886	263	7623
1354	7858	260	7598
1355	7800	247	7553
1356	7801	248	7553
1357	7773	259	7514
1358	7666	254	7412
1359	7626	261	7365
1360	7505	264	7241
1361	7469	265	7204
1362	7370	254	7116
1363	7265	252	7013
1364	7270	260	7010
1365	7209	264	6945
1366	7135	256	6879
1367	7133	258	6875
1368	7002	262	6740
1369	6968	267	6701
1370	6945	267	6678
1371	6921	260	6661
1372	6813	264	6549
1373	6911	264	6647
1374	6906	261	6645
1375	6801	265	6536
1376	6712	258	6454
1377	6655	258	6397
1378	6661	262	6399
1379	6687	260	6427
1380	6720	255	6465
1381	6709	264	6445
1382	6718	262	6456
1383	6710	262	6448
1384	6788	271	6517
1385	6758	272	6486
1386	6733	261	6472
1387	6760	268	6492
1388	6783	262	6521
1389	6769	259	6510
1390	6676	260	6416
1391	6707	258	6449
1392	6726	260	6466
1393	6597	260	6337
1394	6507	251	6256
1395	6611	254	6357
1396	6653	257	6396
1397	6574	267	6307
1398	6593	264	6329
1399	6612	260	6352
1400	6542	250	6292
1401	6659	255	6404
1402	6681	261	6420
1403	6674	260	6414
1404	6644	268	6376
1405	6603	263	6340
1406	6592	265	6327
1407	6695	273	6422
1408	6718	273	6445
1409	6707	261	6446
1410	6724	252	6472
1411	6745	275	6470
1412	6834	269	6565
1413	6896	261	6635
1414	6853	268	6585
1415	6805	266	6539
1416	6817	261	6556
1417	6878	254	6624
1418	6975	255	6720
1419	6906	260	6646
1420	7003	257	6746
1421	7025	263	6762
1422	7016	262	6754
1423	7112	263	6849
1424	7186	263	6923
1425	7260	270	6990
1426	7236	265	6971
1427	7272	265	7007
1428	7262	263	6999
1429	7326	260	7066
1430	7314	255	7059
1431	7374	269	7105
1432	7347	261	7086
1433	7382	259	7123
1434	7327	255	7072
1435	7302	261	7041
1436	7360	267	7093
1437	7428	265	7163
1438	7431	261	7170
1439	7323	270	7053
1440	7300	267	7033
1441	7385	255	7130
1442	7389	262	7127
1443	7327	276	7051
1444	7388	264	7124
1445	7414	262	7152
1446	7351	258	7093
1447	7428	261	7167
1448	7514	263	7251
1449	7533	271	7262
1450	7528	260	7268
1451	7529	264	7265
1452	7497	267	7230
1453	7566	263	7303
1454	7675	265	7410
1455	7669	257	7412
1456	7723	260	7463
1457	7815	264	7551
1458	7764	264	7500
1459	7831	271	7560
1460	7900	267	7633
1461	7840	265	7575
1462	7880	263	7617
1463	7981	251	7730
1464	7980	262	7718
1465	7926	263	7663
1466	7989	249	7740
1467	8013	254	7759
1468	8000	245	7755
1469	8029	276	7753
1470	8076	274	7802
1471	8136	256	7880
1472	8096	259	7837
1473	8178	271	7907
1474	8258	256	8002
1475	8348	258	8090
1476	8451	261	8190
1477	8464	267	8197
1478	8463	262	8201
1479	8603	264	8339
1480	8605	252	8353
1481	8566	251	8315
1482	8522	251	8271
1483	8555	257	8298
1484	8630	266	8364
1485	8564	269	8295
1486	8562	263	8299
1487	8585	264	8321
1488	8538	269	8269
1489	8523	264	8259
1490	8424	258	8166
1491	8404	263	8141
1492	8380	259	8121
1493	8348	263	8085
1494	8283	274	8009
1495	8225	268	7957
1496	8215	259	7956
1497	8196	267	7929
1498	8201	264	7937
1499	8069	266	7803
1500	8119	263	7856
1501	8076	261	7815
1502	8025	260	7765
1503	7978	259	7719
1504	7889	267	7622
1505	7815	268	7547
1506	7760	259	7501
1507	7680	258	7422
1508	7614	262	7352
1509	7566	259	7307
1510	7443	259	7184
1511	7462	264	7198
1512	7465	267	7198
1513	7346	263	7083
1514	7330	261	7069
1515	7309	260	7049
1516	7170	259	6911
1517	7123	257	6866
1518	7119	255	6864
1519	7098	257	6841
1520	7088	257	6831
1521	6988	259	6729
1522	6920	262	6658
1523	6925	257	6668
1524	6890	260	6630
1525	6915	268	6647
1526	6917	260	6657
1527	6923	257	6666
1528	6928	252	6676
1529	6879	260	6619
1530	6902	263	6639
1531	7012	264	6748
1532	6985	256	6729
1533	6933	264	6669
1534	7061	252	6809
1535	7174	256	6918
1536	7173	259	6914
1537	7199	257	6942
1538	7216	260	6956
1539	7191	258	6933
1540	7212	258	6954
1541	7270	267	7003
1542	7281	267	7014
1543	7266	274	6992
1544	7245	263	6982
1545	7341	257	7084
1546	7296	255	7041
1547	7248	260	6988
1548	7277	265	7012
1549	7317	261	7056
1550	7290	263	7027
1551	7186	269	6917
1552	7223	260	6963
1553	7293	263	7030
1554	7264	260	7004
1555	7225	265	6960
1556	7250	271	6979
1557	7222	275	6947
1558	7182	264	6918
1559	7196	261	6935
1560	7199	261	6938
1561	7173	264	6909
1562	7121	258	6863
1563	7010	250	6760
1564	6995	253	6742
1565	7055	268	6787
1566	6995	259	6736
1567	6964	264	6700
1568	6825	270	6555
1569	6888	268	6620
1570	6927	258	6669
1571	6955	253	6702
1572	6972	255	6717
1573	6999	265	6734
1574	6887	268	6619
1575	6924	271	6653
1576	6942	258	6684
1577	6932	268	6664
1578	6898	264	6634
1579	6841	261	6580
1580	6811	265	6546
1581	6881	265	6616
1582	6854	260	6594
1583	6806	257	6549
1584	6724	264	6460
1585	6845	268	6577
1586	6980	267	6713
1587	6968	266	6702
1588	6994	259	6735
1589	7014	273	6741
1590	7018	259	6759
1591	7079	257	6822
1592	7196	256	6940
1593	7313	268	7045
1594	7231	264	6967
1595	7262	258	7004
1596	7176	259	6917
1597	7089	257	6832
1598	7058	260	6798
1599	7096	261	6835
1600	7053	266	6787
1601	6995	270	6725
1602	6986	273	6713
1603	6939	261	6678
1604	6990	253	6737
1605	6871	265	6606
1606	6784	264	6520
1607	6720	260	6460
1608	6753	252	6501
1609	6769	252	6517
1610	6780	254	6526
1611	6843	267	6576
1612	6934	258	6676
1613	6927	259	6668
1614	6982	264	6718
1615	7059	258	6801
1616	7187	259	6928
1617	7286	269	7017
1618	7307	266	7041
1619	7313	261	7052
1620	7274	258	7016
1621	7303	263	7040
1622	7319	263	7056
1623	7201	262	6939
1624	7251	262	6989
1625	7372	261	7111
1626	7464	267	7197
1627	7494	266	7228
1628	7576	258	7318
1629	7666	259	7407
1630	7603	253	7350
1631	7669	261	7408
1632	7712	261	7451
1633	7783	251	7532
1634	7834	255	7579
1635	7941	270	7671
1636	7982	265	7717
1637	8012	256	7756
1638	8069	250	7819
1639	7997	259	7738
1640	7966	255	7711
1641	7978	261	7717
1642	8107	261	7846
1643	8176	255	7921
1644	8185	267	7918
1645	8189	269	7920
1646	8298	259	8039
1647	8324	267	8057
1648	8411	273	8138
1649	8568	278	8290
1650	8452	264	8188
1651	8480	267	8213
1652	8370	268	8102
1653	8360	258	8102
1654	8403	251	8152
1655	8411	263	8148
1656	8413	262	8151
1657	8448	266	8182
1658	8425	265	8160
1659	8320	253	8067
1660	8372	257	8115
1661	8487	267	8220
1662	8499	269	8230
1663	8604	269	8335
1664	8669	263	8406
1665	8719	258	8461
1666	8753	266	8487
1667	8871	267	8604
1668	9080	264	8816
1669	9132	258	8874
1670	9003	261	8742
1671	9122	259	8863
1672	9075	246	8829
1673	8962	260	8702
1674	9036	258	8778
1675	8997	257	8740
1676	8982	260	8722
1677	9014	257	8757
1678	8948	257	8691
1679	8981	265	8716
1680	9054	256	8798
1681	9059	258	8801
1682	8963	257	8706
1683	9007	264	8743
1684	9003	254	8749
1685	9003	265	8738
1686	8866	269	8597
1687	8858	272	8586
1688	8813	265	8548
1689	8783	269	8514
1690	8670	258	8412
1691	8731	259	8472
1692	8751	264	8487
1693	8669	254	8415
1694	8496	265	8231
1695	8552	257	8295
1696	8590	248	8342
1697	8540	265	8275
1698	8427	274	8153
1699	8397	268	8129
1700	8455	260	8195
1701	8377	258	8119
1702	8282	253	8029
1703	8270	253	8017
1704	8151	263	7888
1705	8131	271	7860
1706	8063	265	7798
1707	8072	257	7815
1708	7966	256	7710
1709	7891	260	7631
1710	7950	265	7685
1711	8060	273	7787
1712	8007	268	7739
1713	7917	259	7658
1714	7912	256	7656
1715	7973	261	7712
1716	7879	257	7622
1717	7927	265	7662
1718	7806	263	7543
1719	7763	269	7494
1720	7895	273	7622
1721	7885	264	7621
1722	7874	258	7616
1723	7893	269	7624
1724	7913	261	7652
1725	7803	259	7544
1726	7827	255	7572
1727	7859	265	7594
1728	7734	259	7475
1729	7760	262	7498
1730	7754	258	7496
1731	7799	261	7538
1732	7799	263	7536
1733	7810	268	7542
1734	7820	270	7550
1735	7805	267	7538
1736	7726	255	7471
1737	7804	259	7545
1738	7849	262	7587
1739	7759	272	7487
1740	7751	268	7483
1741	7798	272	7526
1742	7846	264	7582
1743	7820	260	7560
1744	7806	260	7546
1745	7812	257	7555
1746	7695	250	7445
1747	7726	263	7463
1748	7743	261	7482
1749	7723	260	7463
1750	7739	268	7471
1751	7687	265	7422
1752	7648	270	7378
1753	7681	261	7420
1754	7737	256	7481
1755	7670	272	7398
1756	7563	265	7298
1757	7649	258	7391
1758	7658	262	7396
1759	7623	267	7356
1760	7603	270	7333
1761	7619	272	7347
1762	7526	271	7255
1763	7577	262	7315
1764	7574	260	7314
1765	7469	266	7203
1766	7396	261	7135
1767	7415	259	7156
1768	7418	258	7160
1769	7406	266	7140
1770	7433	263	7170
1771	7380	273	7107
1772	7339	273	7066
1773	7383	271	7112
1774	7321	262	7059
1775	7307	271	7036
1776	7268	264	7004
1777	7205	264	6941
1778	7167	261	6906
1779	7135	268	6867
1780	7143	268	6875
1781	7220	260	6960
1782	7208	262	6946
1783	7132	264	6868
1784	7029	261	6768
1785	7075	266	6809
1786	7077	268	6809
1787	7110	270	6840
1788	7089	266	6823
1789	7010	257	6753
1790	7022	261	6761
1791	6999	260	6739
1792	6953	253	6700
1793	6885	252	6633
1794	6839	257	6582
1795	6871	270	6601
1796	6824	265	6559
1797	6757	257	6500
1798	6800	264	6536
1799	6945	267	6678
1800	6820	258	6562
1801	6698	255	6443
1802	6709	256	6453
1803	6678	264	6414
1804	6602	258	6344
1805	6584	259	6325
1806	6521	263	6258
1807	6563	264	6299
1808	6628	260	6368
1809	6589	263	6326
1810	6657	264	6393
1811	6732	262	6470
1812	6778	263	6515
1813	6917	267	6650
1814	6990	264	6726
1815	6958	268	6690
1816	7102	264	6838
1817	7358	262	7096
1818	7329	257	7072
1819	7365	254	7111
1820	7440	268	7172
1821	7474	274	7200
1822	7548	267	7281
1823	7687	275	7412
1824	7752	269	7483
1825	7850	271	7579
1826	7891	272	7619
1827	7939	268	7671
1828	7996	263	7733
1829	8098	264	7834
1830	8102	262	7840
1831	8135	274	7861
1832	8164	273	7891
1833	8137	272	7865
1834	8130	270	7860
1835	8100	268	7832
1836	8081	270	7811
1837	8129	266	7863
1838	8097	263	7834
1839	8241	264	7977
1840	8162	271	7891
1841	8137	274	7863
1842	8173	271	7902
1843	8164	256	7908
1844	8170	258	7912
1845	8272	268	8004
1846	8331	256	8075
1847	8354	259	8095
1848	8331	261	8070
1849	8168	270	7898
1850	8069	261	7808
1851	8185	267	7918
1852	8159	265	7894
1853	8113	266	7847
1854	8044	262	7782
1855	8031	268	7763
1856	7911	268	7643
1857	7866	263	7603
1858	7795	253	7542
1859	7740	258	7482
1860	7763	264	7499
1861	7731	270	7461
1862	7623	270	7353
1863	7629	263	7366
1864	7553	255	7298
1865	7602	266	7336
1866	7607	263	7344
1867	7587	256	7331
1868	7477	255	7222
1869	7478	259	7219
1870	7451	262	7189
1871	7471	263	7208
1872	7521	262	7259
1873	7549	269	7280
1874	7437	262	7175
1875	7436	263	7173
1876	7438	254	7184
1877	7463	259	7204
1878	7486	267	7219
1879	7511	271	7240
1880	7460	257	7203
1881	7459	259	7200
1882	7428	260	7168
1883	7289	260	7029
1884	7250	264	6986
1885	7317	261	7056
1886	7254	251	7003
1887	7252	254	6998
1888	7219	255	6964
1889	7256	258	6998
1890	7311	259	7052
1891	7323	263	7060
1892	7233	262	6971
1893	7284	263	7021
1894	7347	261	7086
1895	7317	268	7049
1896	7228	268	6960
1897	7210	258	6952
1898	7172	261	6911
1899	7119	268	6851
1900	7171	266	6905
1901	7165	264	6901
1902	7175	255	6920
1903	7215	259	6956
1904	7171	264	6907
1905	7121	262	6859
1906	7095	269	6826
1907	7059	262	6797
1908	7062	259	6803
1909	7054	259	6795
1910	7154	247	6907
1911	7174	261	6913
1912	7248	272	6976
1913	7287	262	7025
1914	7210	267	6943
1915	7178	271	6907
1916	7153	265	6888
1917	7125	254	6871
1918	7094	252	6842
1919	7166	261	6905
1920	7247	266	6981
1921	7243	260	6983
1922	7312	264	7048
1923	7213	272	6941
1924	7292	259	7033
1925	7379	265	7114
1926	7311	265	7046
1927	7379	269	7110
1928	7351	260	7091
1929	7391	260	7131
1930	7471	255	7216
1931	7490	263	7227
1932	7470	270	7200
1933	7508	269	7239
1934	7471	265	7206
1935	7478	266	7212
1936	7480	264	7216
1937	7493	268	7225
1938	7552	265	7287
1939	7487	271	7216
1940	7384	264	7120
1941	7449	268	7181
1942	7540	265	7275
1943	7454	263	7191
1944	7401	253	7148
1945	7370	257	7113
1946	7433	258	7175
1947	7412	264	7148
1948	7464	267	7197
1949	7560	262	7298
1950	7554	261	7293
1951	7644	269	7375
1952	7702	256	7446
1953	7675	258	7417
1954	7603	266	7337
1955	7672	267	7405
1956	7803	259	7544
1957	7998	258	7740
1958	8358	258	8100
1959	9031	271	8760
1960	9721	270	9451
1961	10393	262	10131
1962	11131	252	10879
1963	11793	254	11539
1964	12026	259	11767
1965	12021	266	11755
1966	11798	262	11536
1967	11369	266	11103
1968	10815	261	10554
1969	10318	257	10061
1970	9750	257	9493
1971	9366	265	9101
1972	9104	271	8833
1973	8850	272	8578
1974	8525	260	8265
1975	8361	259	8102
1976	8167	258	7909
1977	7831	263	7568
1978	7554	256	7298
1979	7293	258	7035
1980	7150	251	6899
1981	7001	257	6744
1982	6776	261	6515
1983	6640	267	6373
1984	6547	268	6279
1985	6487	273	6214
1986	6312	262	6050
1987	6341	265	6076
1988	6343	266	6077
1989	6258	279	5979
1990	6152	272	5880
1991	6077	268	5809
1992	5931	257	5674
1993	5839	255	5584
1994	5888	257	5631
1995	5766	267	5499
1996	5656	271	5385
1997	5647	270	5377
1998	5615	267	5348
1999	5630	261	5369
2000	5584	259	5325
2001	5596	266	5330
2002	5560	263	5297
2003	5500	259	5241
2004	5431	264	5167
2005	5347	270	5077
2006	5293	262	5031
2007	5426	264	5162
2008	5418	264	5154
2009	5383	260	5123
2010	5315	267	5048
2011	5361	274	5087
2012	5369	272	5097
2013	5344	272	5072
2014	5365	265	5100
2015	5364	259	5105
2016	5305	260	5045
2017	5310	269	5041
2018	5332	268	5064
2019	5274	269	5005
2020	5282	258	5024
2021	5315	255	5060
2022	5273	255	5018
2023	5196	260	4936
2024	5217	264	4953
2025	5137	273	4864
2026	5108	266	4842
2027	5095	272	4823
2028	5120	268	4852
2029	5158	264	4894
2030	5250	264	4986
2031	5308	266	5042
2032	5263	265	4998
2033	5299	270	5029
2034	5290	266	5024
2035	5348	262	5086
2036	5273	250	5023
2037	5289	254	5035
2038	5284	266	5018
2039	5209	267	4942
2040	5172	260	4912
2041	5111	259	4852
2042	5109	254	4855
2043	5144	256	4888
2044	5153	256	4897
2045	5109	257	4852
2046	5190	255	4935
2047	5318	261	5057
2048	5297	262	5035
2049	5269	264	5005
2050	5377	263	5114
2051	5436	258	5178
2052	5410	256	5154
2053	5420	264	5156
2054	5458	260	5198
2055	5454	262	5192
2056	5468	262	5206
2057	5508	271	5237
2058	5496	260	5236
2059	5509	262	5247
2060	5502	255	5247
2061	5569	262	5307
2062	5622	265	5357
2063	5609	272	5337
2064	5621	259	5362
2065	5682	258	5424
2066	5725	255	5470
2067	5800	259	5541
2068	5822	259	5563
2069	5816	260	5556
2070	5812	264	5548
2071	5818	268	5550
2072	5837	265	5572
2073	5865	263	5602
2074	5853	267	5586
2075	5885	264	5621
2076	5968	267	5701
2077	5931	270	5661
2078	5936	252	5684
2079	5986	256	5730
2080	5978	256	5722
2081	5924	264	5660
2082	5849	262	5587
2083	5802	267	5535
2084	5803	265	5538
2085	5799	268	5531
2086	5850	273	5577
2087	5834	265	5569
2088	5705	256	5449
2089	5737	260	5477
2090	5709	263	5446
2091	5659	263	5396
2092	5665	268	5397
2093	5704	266	5438
2094	5677	266	5411
2095	5661	271	5390
2096	5641	271	5370
2097	5605	270	5335
2098	5595	269	5326
2099	5673	265	5408
2100	5660	258	5402
2101	5582	259	5323
2102	5497	257	5240
2103	5472	261	5211
2104	5412	262	5150
2105	5396	262	5134
2106	5323	258	5065
2107	5249	255	4994
2108	5200	258	4942
2109	5239	259	4980
2110	5225	250	4975
2111	5240	259	4981
2112	5247	257	4990
2113	5222	264	4958
2114	5208	260	4948
2115	5139	253	4886
2116	5063	249	4814
2117	5074	247	4827
2118	5027	249	4778
2119	4989	251	4738
2120	4887	262	4625
2121	4889	259	4630
2122	4891	249	4642
2123	4860	258	4602
2124	4803	259	4544
2125	4790	255	4535
2126	4787	258	4529
2127	4835	260	4575
2128	4759	262	4497
2129	4698	264	4434
2130	4757	254	4503
2131	4774	257	4517
2132	4753	258	4495
2133	4675	260	4415
2134	4646	259	4387
2135	4668	257	4411
2136	4672	258	4414
2137	4585	262	4323
2138	4583	258	4325
2139	4566	255	4311
2140	4525	257	4268
2141	4522	261	4261
2142	4562	259	4303
2143	4516	269	4247
2144	4474	259	4215
2145	4428	256	4172
2146	4480	256	4224
2147	4492	256	4236
2148	4507	262	4245
2149	4464	263	4201
2150	4456	249	4207
2151	4527	256	4271
2152	4482	259	4223
2153	4442	267	4175
2154	4432	259	4173
2155	4401	251	4150
2156	4421	258	4163
2157	4431	255	4176
2158	4346	239	4107
2159	4317	246	4071
2160	4299	248	4051
2161	4350	259	4091
2162	4404	269	4135
2163	4444	269	4175
2164	4445	262	4183
2165	4488	266	4222
2166	4477	264	4213
2167	4470	267	4203
2168	4472	264	4208
2169	4529	261	4268
2170	4523	266	4257
2171	4541	269	4272
2172	4486	261	4225
2173	4471	269	4202
2174	4495	267	4228
2175	4402	262	4140
2176	4378	262	4116
2177	4436	260	4176
2178	4398	261	4137
2179	4428	250	4178
2180	4518	246	4272
2181	4523	262	4261
2182	4490	268	4222
2183	4536	264	4272
2184	4608	258	4350
2185	4610	265	4345
2186	4544	263	4281
2187	4545	264	4281
2188	4604	259	4345
2189	4612	257	4355
2190	4623	262	4361
2191	4532	267	4265
2192	4483	266	4217
2193	4477	269	4208
2194	4419	264	4155
2195	4474	267	4207
2196	4444	267	4177
2197	4510	267	4243
2198	4504	263	4241
2199	4511	261	4250
2200	4522	266	4256
2201	4482	268	4214
2202	4418	261	4157
2203	4408	266	4142
2204	4382	268	4114
2205	4390	270	4120
2206	4385	262	4123
2207	4356	261	4095
2208	4307	267	4040
2209	4355	263	4092
2210	4312	257	4055
2211	4286	261	4025
2212	4298	258	4040
2213	4285	272	4013
2214	4286	265	4021
2215	4307	255	4052
2216	4288	261	4027
2217	4307	271	4036
2218	4290	246	4044
2219	4290	269	4021
2220	4202	260	3942
2221	4192	270	3922
2222	4184	255	3929
2223	4150	263	3887
2224	4054	277	3777
2225	4043	266	3777
2226	4040	266	3774
2227	4000	263	3737
2228	3982	256	3726
2229	3895	266	3629
2230	3892	264	3628
2231	3905	259	3646
2232	3856	256	3600
2233	3848	264	3584
2234	3779	260	3519
2235	3789	266	3523
2236	3784	263	3521
2237	3738	259	3479
2238	3689	257	3432
2239	3614	262	3352
2240	3601	264	3337
2241	3508	262	3246
2242	3451	269	3182
2243	3478	271	3207
2244	3409	261	3148
2245	3412	253	3159
2246	3413	262	3151
2247	3300	266	3034
2248	3353	255	3098
2249	3383	257	3126
2250	3352	251	3101
2251	3330	262	3068
2252	3328	261	3067
2253	3282	265	3017
2254	3195	260	2935
2255	3165	267	2898
2256	3127	267	2860
2257	3120	260	2860
2258	3120	253	2867
2259	3089	260	2829
2260	3053	262	2791
2261	3017	266	2751
2262	2995	265	2730
2263	2947	264	2683
2264	2974	267	2707
2265	2994	270	2724
2266	2935	267	2668
2267	2969	268	2701
2268	2978	263	2715
2269	2990	266	2724
2270	2968	266	2702
2271	2959	267	2692
2272	2941	254	2687
2273	2960	255	2705
2274	2961	265	2696
2275	2974	268	2706
2276	2959	265	2694
2277	3016	266	2750
2278	3047	271	2776
2279	3066	266	2800
2280	3114	262	2852
2281	3156	264	2892
2282	3122	259	2863
2283	3164	261	2903
2284	3171	259	2912
2285	3195	267	2928
2286	3207	257	2950
2287	3195	264	2931
2288	3208	274	2934
2289	3226	271	2955
2290	3205	257	2948
2291	3247	265	2982
2292	3226	270	2956
2293	3200	267	2933
2294	3204	251	2953
2295	3225	259	2966
2296	3194	260	2934
2297	3157	266	2891
2298	3129	261	2868
2299	3067	267	2800
2300	3058	265	2793
2301	3099	257	2842
2302	3042	267	2775
2303	3007	272	2735
2304	3002	261	2741
2305	3005	263	2742
2306	3060	261	2799
2307	3110	270	2840
2308	3094	271	2823
2309	3131	269	2862
2310	3178	257	2921
2311	3173	254	2919
2312	3237	264	2973
2313	3206	278	2928
2314	3183	270	2913
2315	3273	270	3003
2316	3339	267	3072
2317	3327	264	3063
2318	3358	264	3094
2319	3382	262	3120
2320	3366	260	3106
2321	3325	257	3068
2322	3359	258	3101
2323	3350	261	3089
2324	3314	262	3052
2325	3372	264	3108
2326	3384	257	3127
2327	3392	255	3137
2328	3313	257	3056
2329	3312	258	3054
2330	3348	245	3103
2331	3345	251	3094
2332	3351	258	3093
2333	3405	268	3137
2334	3402	263	3139
2335	3410	257	3153
2336	3430	256	3174
2337	3372	264	3108
2338	3447	269	3178
2339	3479	272	3207
2340	3406	268	3138
2341	3456	266	3190
2342	3478	263	3215
2343	3461	250	3211
2344	3394	253	3141
2345	3355	267	3088
2346	3351	265	3086
2347	3400	267	3133
2348	3378	255	3123
2349	3391	253	3138
2350	3453	256	3197
2351	3439	260	3179
2352	3422	263	3159
2353	3436	257	3179
2354	3475	252	3223
2355	3472	261	3211
2356	3472	258	3214
2357	3470	266	3204
2358	3406	270	3136
2359	3375	266	3109
2360	3328	263	3065
2361	3313	268	3045
2362	3261	265	2996
2363	3222	265	2957
2364	3178	265	2913
2365	3128	274	2854
2366	3101	265	2836
2367	3160	255	2905
2368	3107	254	2853
2369	3129	254	2875
2370	3149	264	2885
2371	3159	269	2890
2372	3162	261	2901
2373	3194	261	2933
2374	3226	257	2969
2375	3272	266	3006
2376	3274	269	3005
2377	3362	271	3091
2378	3350	272	3078
2379	3340	261	3079
2380	3332	261	3071
2381	3318	263	3055
2382	3271	252	3019
2383	3212	264	2948
2384	3183	269	2914
2385	3136	267	2869
2386	3090	260	2830
2387	3075	266	2809
2388	3029	269	2760
2389	3017	255	2762
2390	2996	252	2744
2391	2926	256	2670
2392	2910	262	2648
2393	2887	267	2620
2394	2831	263	2568
2395	2810	267	2543
2396	2854	258	2596
2397	2892	249	2643
2398	2830	259	2571
2399	2794	261	2533
2400	2807	258	2549
2401	2820	260	2560
2402	2834	258	2576
2403	2823	258	2565
2404	2872	254	2618
2405	2970	263	2707
2406	3032	262	2770
2407	3009	271	2738
2408	2992	261	2731
2409	2968	260	2708
2410	2953	263	2690
2411	2940	267	2673
2412	2914	263	2651
2413	2880	260	2620
2414	2877	260	2617
2415	2916	260	2656
2416	3013	263	2750
2417	2951	263	2688
2418	2880	259	2621
2419	2893	260	2633
2420	2920	266	2654
2421	2854	248	2606
2422	2783	249	2534
2423	2747	261	2486
2424	2739	256	2483
2425	2792	264	2528
2426	2841	265	2576
2427	2925	254	2671
2428	2961	257	2704
2429	2969	258	2711
2430	2997	255	2742
2431	2987	264	2723
2432	2913	269	2644
2433	2968	262	2706
2434	3008	261	2747
2435	2995	261	2734
2436	2953	262	2691
2437	2898	262	2636
2438	2885	266	2619
2439	2867	267	2600
2440	2879	256	2623
2441	2931	257	2674
2442	2929	258	2671
2443	2948	260	2688
2444	2948	259	2689
2445	2948	260	2688
2446	2942	249	2693
2447	2905	263	2642
2448	2883	270	2613
2449	2871	264	2607
2450	2838	258	2580
2451	2835	264	2571
2452	2870	262	2608
2453	2888	260	2628
2454	2855	257	2598
2455	2902	264	2638
2456	2969	265	2704
2457	3032	258	2774
2458	3087	255	2832
2459	3122	267	2855
2460	3146	264	2882
2461	3265	265	3000
2462	3387	261	3126
2463	3373	261	3112
2464	3353	260	3093
2465	3375	258	3117
2466	3347	257	3090
2467	3363	258	3105
2468	3395	258	3137
2469	3392	255	3137
2470	3353	259	3094
2471	3378	260	3118
2472	3324	257	3067
2473	3305	265	3040
2474	3330	272	3058
2475	3325	277	3048
2476	3334	260	3074
2477	3326	252	3074
2478	3332	255	3077
2479	3361	257	3104
2480	3399	260	3139
2481	3367	267	3100
2482	3411	266	3145
2483	3448	261	3187
2484	3507	259	3248
2485	3487	259	3228
2486	3468	246	3222
2487	3487	256	3231
2488	3529	266	3263
2489	3590	263	3327
2490	3628	260	3368
2491	3625	268	3357
2492	3564	268	3296
2493	3520	274	3246
2494	3547	269	3278
2495	3503	262	3241
2496	3506	260	3246
2497	3517	259	3258
2498	3538	260	3278
2499	3514	261	3253
2500	3528	260	3268
2501	3594	253	3341
2502	3636	261	3375
2503	3708	261	3447
2504	3751	261	3490
2505	3805	270	3535
2506	3848	261	3587
2507	3908	257	3651
2508	4026	257	3769
2509	4123	263	3860
2510	4195	255	3940
2511	4242	259	3983
2512	4212	259	3953
2513	4222	257	3965
2514	4368	267	4101
2515	4474	272	4202
2516	4562	260	4302
2517	4565	260	4305
2518	4662	257	4405
2519	4804	251	4553
2520	5044	253	4791
2521	5282	262	5020
2522	5392	259	5133
2523	5506	257	5249
2524	5715	255	5460
2525	5825	258	5567
2526	5822	254	5568
2527	5816	262	5554
2528	5831	262	5569
2529	5872	267	5605
2530	5980	258	5722
2531	6016	259	5757
2532	6077	258	5819
2533	6226	266	5960
2534	6308	259	6049
2535	6415	268	6147
2536	6517	273	6244
2537	6535	274	6261
2538	6534	268	6266
2539	6521	263	6258
2540	6422	259	6163
2541	6289	267	6022
2542	6161	273	5888
2543	6047	268	5779
2544	5961	265	5696
2545	5985	264	5721
2546	6151	265	5886
2547	6312	269	6043
2548	6549	261	6288
2549	6737	259	6478
2550	6868	254	6614
2551	7066	264	6802
2552	7228	272	6956
2553	7299	260	7039
2554	7387	259	7128
2555	7458	267	7191
2556	7516	263	7253
2557	7510	266	7244
2558	7419	254	7165
2559	7301	259	7042
2560	7176	254	6922
2561	7034	253	6781
2562	6932	261	6671
2563	6781	264	6517
2564	6619	265	6354
2565	6537	264	6273
2566	6535	262	6273
2567	6566	254	6312
2568	6669	257	6412
2569	6733	255	6478
2570	6863	250	6613
2571	6952	255	6697
2572	7077	264	6813
2573	7298	267	7031
2574	7507	264	7243
2575	7811	276	7535
2576	8114	267	7847
2577	8392	260	8132
2578	8498	267	8231
2579	8675	268	8407
2580	8672	256	8416
2581	8412	264	8148
2582	8081	265	7816
2583	7808	273	7535
2584	7501	274	7227
2585	7190	268	6922
2586	6998	266	6732
2587	6843	262	6581
2588	6830	267	6563
2589	6769	270	6499
2590	6675	265	6410
2591	6833	274	6559
2592	7002	262	6740
2593	7044	258	6786
2594	7036	256	6780
2595	6991	275	6716
2596	6972	271	6701
2597	7107	262	6845
2598	7377	259	7118
2599	7659	266	7393
2600	8101	265	7836
2601	8670	271	8399
2602	9191	270	8921
2603	9745	264	9481
2604	9996	262	9734
2605	10168	267	9901
2606	10135	256	9879
2607	9842	257	9585
2608	9571	272	9299
2609	9106	278	8828
2610	8641	266	8375
2611	8240	256	7984
2612	7722	253	7469
2613	7149	258	6891
2614	6688	255	6433
2615	6354	259	6095
2616	5996	253	5743
2617	5810	263	5547
2618	5691	260	5431
2619	5696	260	5436
2620	5767	266	5501
2621	5921	264	5657
2622	6143	262	5881
2623	6469	259	6210
2624	6653	271	6382
2625	6862	277	6585
2626	7052	262	6790
2627	7219	254	6965
2628	7419	258	7161
2629	7557	259	7298
2630	7523	262	7261
2631	7372	258	7114
2632	7182	248	6934
2633	6896	256	6640
2634	6644	255	6389
2635	6500	261	6239
2636	6221	266	5955
2637	6098	254	5844
2638	6130	254	5876
2639	6175	264	5911
2640	6204	259	5945
2641	6325	266	6059
2642	6445	268	6177
2643	6578	264	6314
2644	6678	259	6419
2645	6619	266	6353
2646	6591	262	6329
2647	6573	263	6310
2648	6523	266	6257
2649	6328	269	6059
2650	6133	261	5872
2651	5971	262	5709
2652	5845	260	5585
2653	5736	262	5474
2654	5510	262	5248
2655	5293	262	5031
2656	5173	263	4910
2657	5049	268	4781
2658	4920	263	4657
2659	4936	262	4674
2660	4914	260	4654
2661	4811	266	4545
2662	4719	258	4461
2663	4745	252	4493
2664	4656	261	4395
2665	4559	268	4291
2666	4539	265	4274
2667	4462	270	4192
2668	4396	261	4135
2669	4357	265	4092
2670	4295	270	4025
2671	4300	261	4039
2672	4239	258	3981
2673	4242	260	3982
2674	4380	258	4122
2675	4532	262	4270
2676	4726	265	4461
2677	4948	258	4690
2678	5277	267	5010
2679	5608	266	5342
2680	5866	265	5601
2681	6088	271	5817
2682	6099	256	5843
2683	6059	257	5802
2684	5941	259	5682
2685	5835	260	5575
2686	5658	268	5390
2687	5478	271	5207
2688	5316	271	5045
2689	5213	264	4949
2690	5198	252	4946
2691	5212	256	4956
2692	5230	263	4967
2693	5341	263	5078
2694	5385	261	5124
2695	5390	255	5135
2696	5415	253	5162
2697	5463	261	5202
2698	5308	265	5043
2699	5174	265	4909
2700	5039	258	4781
2701	4878	258	4620
2702	4733	256	4477
2703	4566	268	4298
2704	4425	267	4158
2705	4386	269	4117
2706	4333	262	4071
2707	4275	270	4005
2708	4266	265	4001
2709	4327	259	4068
2710	4414	257	4157
2711	4392	260	4132
2712	4371	261	4110
2713	4304	267	4037
2714	4231	270	3961
2715	4253	276	3977
2716	4287	266	4021
2717	4477	266	4211
2718	4656	264	4392
2719	4836	261	4575
2720	4957	260	4697
2721	4999	265	4734
2722	5012	260	4752
2723	5092	263	4829
2724	5063	263	4800
2725	4987	260	4727
2726	4932	266	4666
2727	4956	273	4683
2728	4971	269	4702
2729	4939	266	4673
2730	4970	258	4712
2731	5001	259	4742
2732	4925	262	4663
2733	4897	259	4638
2734	4921	259	4662
2735	4935	262	4673
2736	4830	263	4567
2737	4845	260	4585
2738	4832	260	4572
2739	4719	258	4461
2740	4679	256	4423
2741	4609	261	4348
2742	4586	257	4329
2743	4620	259	4361
2744	4629	256	4373
2745	4624	256	4368
2746	4670	260	4410
2747	4802	268	4534
2748	4951	264	4687
2749	5152	260	4892
2750	5248	253	4995
2751	5266	256	5010
2752	5239	260	4979
2753	5201	267	4934
2754	5143	257	4886
2755	4968	258	4710
2756	4782	258	4524
2757	4667	257	4410
2758	4468	258	4210
2759	4392	270	4122
2760	4392	265	4127
2761	4310	269	4041
2762	4281	263	4018
2763	4343	260	4083
2764	4485	266	4219
2765	4558	265	4293
2766	4613	257	4356
2767	4626	258	4368
2768	4612	266	4346
2769	4602	268	4334
2770	4507	269	4238
2771	4491	260	4231
2772	4462	251	4211
2773	4433	259	4174
2774	4368	260	4108
2775	4312	264	4048
2776	4359	273	4086
2777	4369	272	4097
2778	4344	265	4079
2779	4343	264	4079
2780	4302	261	4041
2781	4281	269	4012
2782	4220	262	3958
2783	4177	270	3907
2784	4124	262	3862
2785	4063	251	3812
2786	4041	254	3787
2787	4020	259	3761
2788	3994	261	3733
2789	3895	264	3631
2790	3839	263	3576
2791	3870	261	3609
2792	3878	264	3614
2793	3990	271	3719
2794	4173	263	3910
2795	4264	268	3996
2796	4334	260	4074
2797	4392	263	4129
2798	4417	274	4143
2799	4395	273	4122
2800	4320	263	4057
2801	4218	267	3951
2802	4165	275	3890
2803	4150	273	3877
2804	4208	269	3939
2805	4225	273	3952
2806	4159	260	3899
2807	4078	268	3810
2808	4007	270	3737
2809	4024	270	3754
2810	3982	268	3714
2811	3968	268	3700
2812	3929	257	3672
2813	3924	248	3676
2814	3925	262	3663
2815	3920	265	3655
2816	3904	253	3651
2817	3996	262	3734
2818	3995	261	3734
2819	3965	261	3704
2820	3970	258	3712
2821	3938	263	3675
2822	3979	265	3714
2823	4026	261	3765
2824	4006	258	3748
2825	3971	259	3712
2826	3994	265	3729
2827	4007	273	3734
2828	3995	263	3732
2829	3989	263	3726
2830	4060	260	3800
2831	4120	267	3853
2832	4120	260	3860
2833	4124	255	3869
2834	4066	259	3807
2835	3986	266	3720
2836	3869	271	3598
2837	3780	262	3518
2838	3666	263	3403
2839	3552	269	3283
2840	3482	259	3223
2841	3477	256	3221
2842	3482	261	3221
2843	3457	260	3197
2844	3452	256	3196
2845	3507	259	3248
2846	3502	266	3236
2847	3537	271	3266
2848	3561	260	3301
2849	3613	263	3350
2850	3600	265	3335
2851	3481	265	3216
2852	3375	260	3115
2853	3270	267	3003
2854	3171	265	2906
2855	3153	267	2886
2856	3090	274	2816
2857	2962	271	2691
2858	2922	266	2656
2859	3022	266	2756
2860	3088	271	2817
2861	3146	271	2875
2862	3211	265	2946
2863	3240	266	2974
2864	3217	270	2947
2865	3296	267	3029
2866	3260	260	3000
2867	3125	260	2865
2868	2949	261	2688
2869	2795	274	2521
2870	2703	273	2430
2871	2606	260	2346
2872	2592	266	2326
2873	2601	263	2338
2874	2673	251	2422
2875	2752	264	2488
2876	2812	263	2549
2877	2808	252	2556
2878	2831	255	2576
2879	2874	261	2613
2880	2894	258	2636
2881	2975	257	2718
2882	2985	256	2729
2883	2991	265	2726
2884	3083	265	2818
2885	3109	263	2846
2886	3094	263	2831
2887	3081	260	2821
2888	3066	260	2806
2889	2957	262	2695
2890	2932	258	2674
2891	2894	269	2625
2892	2913	271	2642
2893	2939	262	2677
2894	2902	261	2641
2895	2871	268	2603
2896	2796	262	2534
2897	2714	261	2453
2898	2659	262	2397
2899	2596	259	2337
2900	2510	257	2253
2901	2473	262	2211
2902	2448	251	2197
2903	2400	253	2147
2904	2355	261	2094
2905	2351	261	2090
2906	2331	259	2072
2907	2258	256	2002
2908	2198	255	1943
2909	2201	263	1938
2910	2176	269	1907
2911	2179	262	1917
2912	2228	260	1968
2913	2260	265	1995
2914	2251	264	1987
2915	2193	261	1932
2916	2136	263	1873
2917	2096	268	1828
2918	2019	266	1753
2919	1936	256	1680
2920	1894	262	1632
2921	1879	274	1605
2922	1902	270	1632
2923	1932	263	1669
2924	1977	258	1719
2925	2050	260	1790
2926	2071	265	1806
2927	2025	268	1757
2928	2010	263	1747
2929	1942	266	1676
2930	1872	268	1604
2931	1879	272	1607
2932	1913	267	1646
2933	1885	260	1625
2934	1836	247	1589
2935	1844	257	1587
2936	1810	261	1549
2937	1754	271	1483
2938	1671	264	1407
2939	1634	261	1373
2940	1609	255	1354
2941	1627	268	1359
2942	1621	272	1349
2943	1618	266	1352
2944	1592	263	1329
2945	1578	268	1310
2946	1579	263	1316
2947	1546	262	1284
2948	1511	258	1253
2949	1492	254	1238
2950	1462	253	1209
2951	1441	264	1177
2952	1429	263	1166
2953	1418	254	1164
2954	1412	254	1158
2955	1413	264	1149
2956	1397	267	1130
2957	1377	267	1110
2958	1364	259	1105
2959	1378	258	1120
2960	1329	256	1073
2961	1309	259	1050
2962	1310	258	1052
2963	1281	266	1015
2964	1248	263	985
2965	1277	266	1011
2966	1326	267	1059
2967	1297	265	1032
2968	1301	257	1044
2969	1336	275	1061
2970	1366	253	1113
2971	1360	260	1100
2972	1363	265	1098
2973	1389	268	1121
2974	1400	252	1148
2975	1411	250	1161
2976	1387	261	1126
2977	1382	261	1121
2978	1350	255	1095
2979	1334	263	1071
2980	1297	260	1037
2981	1291	266	1025
2982	1281	262	1019
2983	1241	267	974
2984	1220	261	959
2985	1221	270	951
2986	1217	260	957
2987	1254	261	993
2988	1225	259	966
2989	1264	258	1006
2990	1266	255	1011
2991	1253	258	995
2992	1233	256	977
2993	1224	263	961
2994	1227	260	967
2995	1226	263	963
2996	1146	260	886
2997	1146	268	878
2998	1125	266	859
2999	1108	258	850
3000	1109	255	854
3001	1128	265	863
3002	1129	274	855
3003	1117	265	852
3004	1127	264	863
3005	1112	272	840
3006	1125	262	863
3007	1081	261	820
3008	1040	262	778
3009	1070	259	811
3010	1029	271	758
3011	994	275	719
3012	978	252	726
3013	974	254	720
3014	993	260	733
3015	956	260	696
3016	945	250	695
3017	963	260	703
3018	975	266	709
3019	985	274	711
3020	1002	274	728
3021	1012	272	740
3022	1028	269	759
3023	1029	267	762
3024	1011	263	748
3025	1013	268	745
3026	997	266	731
3027	990	267	723
3028	955	263	692
3029	947	260	687
3030	973	265	708
3031	961	264	697
3032	917	251	666
3033	945	256	689
3034	976	256	720
3035	964	273	691
3036	925	269	656
3037	923	260	663
3038	922	265	657
3039	899	262	637
3040	928	253	675
3041	927	259	668
3042	910	260	650
3043	923	260	663
3044	901	262	639
3045	899	270	629
3046	874	274	600
3047	858	271	587
3048	868	271	597
3049	887	261	626
3050	882	255	627
3051	914	267	647
3052	957	253	704
3053	963	255	708
3054	967	257	710
3055	994	264	730
3056	1007	269	738
3057	1041	268	773
3058	1053	267	786
3059	1032	258	774
3060	1044	262	782
3061	1056	262	794
3062	1047	265	782
3063	1024	272	752
3064	1065	274	791
3065	1044	273	771
3066	1020	269	751
3067	994	277	717
3068	970	277	693
3069	951	260	691
3070	884	261	623
3071	888	255	633
3072	879	259	620
3073	906	264	642
3074	906	263	643
3075	885	262	623
3076	864	255	609
3077	888	269	619
3078	929	265	664
3079	933	254	679
3080	930	252	678
3081	933	263	670
3082	944	273	671
3083	962	275	687
3084	926	264	662
3085	957	269	688
3086	940	262	678
3087	926	255	671
3088	923	255	668
3089	916	264	652
3090	899	265	634
3091	901	269	632
3092	887	269	618
3093	877	264	613
3094	843	267	576
3095	834	273	561
3096	819	270	549
3097	830	268	562
3098	824	263	561
3099	803	265	538
3100	810	257	553
3101	858	268	590
3102	1155	261	894
3103	2390	263	2127
3104	5413	263	5150
3105	9764	271	9493
3106	14497	262	14235
3107	18696	269	18427
3108	21975	267	21708
3109	24373	255	24118
3110	25620	257	25363
3111	24920	263	24657
3112	21659	253	21406
3113	17169	260	16909
3114	12771	257	12514
3115	9349	259	9090
3116	6873	261	6612
3117	5178	265	4913
3118	3963	264	3699
3119	3137	261	2876
3120	2615	274	2341
3121	2219	274	1945
3122	1957	261	1696
3123	1797	271	1526
3124	1629	275	1354
3125	1506	268	1238
3126	1443	261	1182
3127	1344	253	1091
3128	1214	250	964
3129	1194	259	935
3130	1152	262	890
3131	1092	261	831
3132	1014	253	761
3133	990	253	737
3134	977	253	724
3135	990	248	742
3136	943	248	695
3137	917	247	670
3138	888	256	632
3139	853	271	582
3140	821	263	558
3141	794	255	539
3142	826	260	566
3143	818	272	546
3144	765	269	496
3145	791	262	529
3146	792	260	532
3147	776	263	513
3148	768	265	503
3149	771	265	506
3150	740	252	488
3151	781	259	522
3152	811	263	548
3153	781	265	516
3154	730	262	468
3155	742	256	486
3156	734	257	477
3157	748	258	490
3158	728	249	479
3159	699	251	448
3160	706	255	451
3161	741	259	482
3162	725	257	468
3163	725	264	461
3164	693	263	430
3165	698	264	434
3166	708	259	449
3167	713	270	443
3168	716	266	450
3169	717	262	455
3170	696	261	435
3171	732	263	469
3172	709	263	446
3173	707	263	444
3174	715	255	460
3175	724	256	468
3176	707	258	449
3177	688	270	418
3178	679	253	426
3179	679	259	420
3180	658	266	392
3181	637	266	371
3182	618	260	358
3183	626	263	363
3184	630	264	366
3185	643	269	374
3186	658	273	385
3187	667	261	406
3188	638	262	376
3189	651	257	394
3190	659	255	404
3191	621	261	360
3192	583	245	338
3193	606	253	353
3194	611	261	350
3195	617	264	353
3196	623	265	358
3197	586	269	317
3198	614	266	348
3199	644	264	380
3200	634	261	373
3201	643	260	383
3202	638	262	376
3203	655	268	387
3204	628	263	365
3205	609	263	346
3206	629	251	378
3207	655	252	403
3208	630	256	374
3209	629	258	371
3210	620	259	361
3211	619	261	358
3212	645	263	382
3213	680	260	420
3214	682	261	421
3215	687	261	426
3216	723	257	466
3217	759	267	492
3218	797	259	538
3219	816	263	553
3220	798	261	537
3221	816	254	562
3222	822	254	568
3223	785	265	520
3224	772	277	495
3225	748	269	479
3226	722	259	463
3227	689	264	425
3228	671	261	410
3229	653	263	390
3230	632	254	378
3231	653	257	396
3232	657	255	402
3233	662	258	404
3234	637	263	374
3235	650	259	391
3236	651	262	389
3237	665	268	397
3238	622	264	358
3239	636	267	369
3240	649	258	391
3241	645	258	387
3242	634	260	374
3243	658	258	400
3244	655	255	400
3245	638	257	381
3246	646	265	381
3247	675	270	405
3248	655	263	392
3249	677	255	422
3250	659	252	407
3251	649	256	393
3252	646	264	382
3253	653	271	382
3254	660	269	391
3255	659	259	400
3256	662	249	413
3257	688	261	427
3258	706	266	440
3259	719	267	452
3260	719	269	450
3261	732	264	468
3262	746	260	486
3263	732	265	467
3264	694	267	427
3265	681	267	414
3266	704	262	442
3267	714	263	451
3268	725	257	468
3269	768	257	511
3270	787	264	523
3271	771	260	511
3272	773	258	515
3273	793	263	530
3274	791	266	525
3275	747	265	482
3276	737	253	484
3277	698	266	432
3278	669	260	409
3279	683	259	424
3280	662	260	402
3281	674	259	415
3282	671	261	410
3283	681	263	418
3284	692	264	428
3285	709	266	443
3286	693	257	436
3287	678	260	418
3288	645	261	384
3289	652	262	390
3290	601	260	341
3291	562	265	297
3292	579	263	316
3293	586	257	329
3294	590	258	332
3295	612	260	352
3296	592	255	337
3297	613	265	348
3298	628	268	360
3299	657	264	393
3300	679	262	417
3301	678	262	416
3302	671	260	411
3303	674	257	417
3304	694	258	436
3305	718	261	457
3306	735	257	478
3307	761	264	497
3308	752	255	497
3309	777	254	523
3310	808	256	552
3311	781	261	520
3312	791	267	524
3313	764	264	500
3314	739	255	484
3315	735	263	472
3316	733	266	467
3317	706	260	446
3318	675	245	430
3319	694	254	440
3320	684	257	427
3321	651	260	391
3322	653	266	387
3323	681	262	419
3324	690	263	427
3325	693	264	429
3326	674	259	415
3327	656	270	386
3328	629	267	362
3329	638	263	375
3330	604	269	335
3331	587	267	320
3332	586	260	326
3333	606	270	336
3334	574	264	310
3335	572	257	315
3336	552	261	291
3337	575	268	307
3338	598	262	336
3339	592	266	326
3340	585	260	325
3341	573	262	311
3342	567	267	300
3343	588	260	328
3344	561	252	309
3345	573	247	326
3346	601	241	360
3347	592	260	332
3348	560	265	295
3349	577	266	311
3350	585	255	330
3351	597	263	334
3352	596	268	328
3353	601	261	340
3354	604	255	349
3355	603	263	340
3356	592	269	323
3357	588	260	328
3358	600	253	347
3359	589	260	329
3360	590	261	329
3361	604	257	347
3362	591	250	341
3363	569	260	309
3364	580	265	315
3365	585	258	327
3366	565	255	310
3367	573	263	310
3368	543	262	281
3369	558	264	294
3370	571	260	311
3371	560	262	298
3372	504	274	230
3373	513	270	243
3374	507	261	246
3375	505	265	240
3376	493	262	231
3377	490	260	230
3378	523	253	270
3379	517	252	265
3380	512	258	254
3381	528	268	260
3382	505	263	242
3383	494	253	241
3384	498	254	244
3385	473	257	216
3386	462	254	208
3387	460	262	198
3388	478	261	217
3389	517	250	267
3390	505	255	250
3391	548	266	282
3392	584	267	317
3393	582	262	320
3394	591	263	328
3395	597	261	336
3396	586	258	328
3397	583	263	320
3398	538	259	279
3399	542	267	275
3400	533	267	266
3401	504	262	242
3402	478	251	227
3403	500	258	242
3404	499	261	238
3405	499	264	235
3406	493	264	229
3407	478	261	217
3408	491	261	230
3409	494	261	233
3410	479	266	213
3411	458	263	195
3412	474	253	221
3413	471	257	214
3414	451	255	196
3415	447	265	182
3416	427	264	163
3417	427	256	171
3418	430	253	177
3419	438	249	189
3420	432	256	176
3421	433	257	176
3422	426	262	164
3423	431	270	161
3424	442	272	170
3425	443	264	179
3426	469	249	220
3427	464	259	205
3428	453	268	185
3429	458	261	197
3430	432	264	168
3431	455	258	197
3432	451	251	200
3433	431	260	171
3434	428	262	166
3435	429	264	165
3436	454	255	199
3437	450	250	200
3438	415	261	154
3439	413	266	147
3440	422	254	168
3441	442	254	188
3442	422	261	161
3443	410	266	144
3444	398	259	139
3445	390	251	139
3446	378	259	119
3447	387	272	115
3448	389	268	121
3449	390	258	132
3450	382	248	134
3451	385	262	123
3452	373	262	111
3453	408	262	146
3454	418	252	166
3455	391	252	139
3456	408	253	155
3457	417	253	164
3458	421	261	160
3459	440	269	171
3460	419	269	150
3461	444	271	173
3462	467	268	199
3463	471	262	209
3464	468	254	214
3465	468	264	204
3466	463	258	205
3467	442	257	185
3468	430	264	166
3469	433	266	167
3470	416	259	157
3471	420	260	160
3472	420	266	154
3473	417	259	158
3474	414	257	157
3475	426	256	170
3476	389	261	128
3477	380	263	117
3478	386	254	132
3479	394	260	134
3480	387	258	129
3481	401	259	142
3482	414	260	154
3483	411	267	144
3484	387	257	130
3485	385	258	127
3486	396	264	132
3487	411	256	155
3488	387	258	129
3489	391	271	120
3490	379	263	116
3491	373	266	107
3492	358	260	98
3493	361	257	104
3494	388	257	131
3495	375	268	107
3496	378	266	112
3497	375	257	118
3498	368	257	111
3499	352	265	87
3500	368	262	106
3501	373	260	113
3502	369	254	115
3503	376	262	114
3504	396	262	134
3505	389	260	129
3506	379	253	126
3507	392	259	133
3508	371	263	108
3509	379	261	118
3510	383	266	117
3511	381	261	120
3512	369	267	102
3513	376	269	107
3514	383	256	127
3515	368	260	108
3516	365	264	101
3517	372	260	112
3518	386	259	127
3519	390	263	127
3520	379	261	118
3521	381	261	120
3522	384	255	129
3523	374	262	112
3524	357	259	98
3525	365	257	108
3526	371	264	107
3527	367	273	94
3528	323	263	60
3529	324	262	62
3530	314	262	52
3531	337	264	73
3532	321	253	68
3533	351	252	99
3534	350	253	97
3535	342	259	83
3536	339	264	75
3537	337	266	71
3538	348	252	96
3539	355	257	98
3540	360	254	106
3541	366	255	111
3542	354	253	101
3543	378	263	115
3544	358	253	105
3545	355	256	99
3546	347	260	87
3547	347	266	81
3548	309	260	49
3549	317	261	56
3550	331	255	76
3551	350	261	89
3552	334	273	61
3553	309	266	43
3554	332	266	66
3555	349	273	76
3556	341	264	77
3557	329	259	70
3558	328	258	70
3559	320	266	54
3560	329	258	71
3561	338	266	72
3562	337	264	73
3563	353	266	87
3564	335	255	80
3565	322	256	66
3566	317	262	55
3567	323	265	58
3568	347	265	82
3569	334	266	68
3570	310	268	42
3571	323	257	66
3572	325	257	68
3573	345	255	90
3574	323	250	73
3575	323	255	68
3576	324	259	65
3577	328	262	66
3578	317	262	55
3579	313	271	42
3580	305	266	39
3581	306	271	35
3582	296	259	37
3583	291	255	36
3584	299	252	47
3585	322	249	73
3586	305	250	55
3587	307	247	60
3588	304	259	45
3589	302	262	40
3590	307	265	42
3591	325	273	52
3592	326	262	64
3593	348	261	87
3594	334	257	77
3595	324	258	66
3596	327	257	70
3597	336	264	72
3598	343	264	79
3599	356	267	89
3600	325	263	62
3601	314	266	48
3602	322	262	60
3603	333	260	73
3604	323	259	64
3605	304	255	49
3606	316	245	71
3607	302	252	50
3608	312	261	51
3609	299	261	38
3610	271	260	11
3611	308	268	40
3612	325	262	63
3613	298	266	32
3614	295	263	32
3615	298	270	28
3616	315	261	54
3617	328	254	74
3618	299	255	44
3619	311	265	46
3620	322	254	68
3621	330	256	74
3622	325	264	61
3623	340	262	78
3624	326	264	62
3625	314	270	44
3626	307	265	42
3627	301	252	49
3628	304	253	51
3629	311	252	59
3630	301	252	49
3631	309	258	51
3632	319	254	65
3633	338	256	82
3634	327	258	69
3635	318	267	51
3636	310	265	45
3637	339	263	76
3638	305	265	40
3639	298	263	35
3640	310	256	54
3641	314	266	48
3642	293	264	29
3643	303	255	48
3644	316	255	61
3645	311	260	51
3646	307	260	47
3647	317	260	57
3648	316	260	56
