index	original	background	difference
-----------------------------------------------------
1	4153	2220	1933
2	4223	2247	1976
3	4238	2251	1987
4	4146	2255	1891
5	4093	2257	1836
6	4061	2254	1807
7	4015	2255	1760
8	4009	2245	1764
9	3971	2259	1712
10	3929	2263	1666
11	3934	2274	1660
12	3927	2292	1635
13	3915	2308	1607
14	3897	2313	1584
15	3906	2290	1616
16	3935	2298	1637
17	3922	2303	1619
18	3930	2323	1607
19	3963	2336	1627
20	3878	2318	1560
21	3964	2318	1646
22	4027	2338	1689
23	4041	2335	1706
24	4066	2323	1743
25	4092	2321	1771
26	4117	2316	1801
27	4181	2331	1850
28	4191	2333	1858
29	4212	2344	1868
30	4301	2356	1945
31	4293	2352	1941
32	4191	2361	1830
33	4225	2350	1875
34	4270	2347	1923
35	4296	2356	1940
36	4299	2340	1959
37	4286	2345	1941
38	4269	2360	1909
39	4289	2370	1919
40	4296	2359	1937
41	4235	2344	1891
42	4247	2368	1879
43	4330	2370	1960
44	4345	2378	1967
45	4310	2359	1951
46	4310	2339	1971
47	4307	2367	1940
48	4271	2366	1905
49	4296	2344	1952
50	4342	2361	1981
51	4351	2378	1973
52	4351	2359	1992
53	4364	2355	2009
54	4363	2361	2002
55	4352	2350	2002
56	4423	2357	2066
57	4422	2384	2038
58	4378	2402	1976
59	4393	2369	2024
60	4418	2368	2050
61	4396	2357	2039
62	4331	2364	1967
63	4350	2370	1980
64	4287	2356	1931
65	4242	2345	1897
66	4294	2365	1929
67	4354	2361	1993
68	4330	2382	1948
69	4271	2408	1863
70	4260	2371	1889
71	4257	2382	1875
72	4336	2378	1958
73	4319	2362	1957
74	4256	2376	1880
75	4328	2390	1938
76	4352	2378	1974
77	4338	2364	1974
78	4312	2360	1952
79	4365	2351	2014
80	4372	2366	2006
81	4362	2391	1971
82	4321	2398	1923
83	4246	2404	1842
84	4244	2393	1851
85	4296	2388	1908
86	4290	2382	1908
87	4254	2359	1895
88	4218	2351	1867
89	4183	2372	1811
90	4195	2373	1822
91	4153	2367	1786
92	4109	2368	1741
93	4057	2375	1682
94	4017	2366	1651
95	4002	2359	1643
96	3970	2371	1599
97	3963	2369	1594
98	3894	2371	1523
99	3862	2372	1490
100	3848	2366	1482
101	3786	2371	1415
102	3763	2393	1370
103	3795	2379	1416
104	3767	2356	1411
105	3730	2377	1353
106	3727	2363	1364
107	3686	2353	1333
108	3658	2361	1297
109	3584	2358	1226
110	3547	2362	1185
111	3548	2376	1172
112	3553	2361	1192
113	3584	2353	1231
114	3563	2357	1206
115	3545	2361	1184
116	3511	2345	1166
117	3551	2351	1200
118	3529	2358	1171
119	3447	2344	1103
120	3449	2342	1107
121	3519	2347	1172
122	3548	2353	1195
123	3573	2367	1206
124	3559	2357	1202
125	3563	2358	1205
126	3580	2351	1229
127	3542	2324	1218
128	3536	2333	1203
129	3615	2345	1270
130	3609	2349	1260
131	3646	2352	1294
132	3648	2338	1310
133	3641	2358	1283
134	3647	2343	1304
135	3690	2339	1351
136	3723	2338	1385
137	3762	2322	1440
138	3801	2326	1475
139	3790	2336	1454
140	3731	2316	1415
141	3776	2320	1456
142	3788	2342	1446
143	3792	2351	1441
144	3819	2329	1490
145	3840	2334	1506
146	3788	2340	1448
147	3833	2331	1502
148	3851	2345	1506
149	3892	2339	1553
150	3874	2314	1560
151	3926	2323	1603
152	3911	2313	1598
153	3830	2308	1522
154	3840	2320	1520
155	3834	2303	1531
156	3871	2276	1595
157	3886	2312	1574
158	3824	2347	1477
159	3822	2326	1496
160	3778	2324	1454
161	3772	2300	1472
162	3752	2307	1445
163	3760	2316	1444
164	3827	2317	1510
165	3748	2298	1450
166	3701	2287	1414
167	3803	2297	1506
168	3724	2296	1428
169	3593	2297	1296
170	3660	2309	1351
171	3683	2313	1370
172	3634	2317	1317
173	3624	2323	1301
174	3623	2306	1317
175	3610	2308	1302
176	3589	2321	1268
177	3585	2317	1268
178	3637	2319	1318
179	3685	2320	1365
180	3657	2313	1344
181	3687	2295	1392
182	3688	2295	1393
183	3671	2278	1393
184	3592	2291	1301
185	3655	2316	1339
186	3688	2325	1363
187	3666	2295	1371
188	3653	2296	1357
189	3648	2302	1346
190	3638	2298	1340
191	3680	2295	1385
192	3682	2284	1398
193	3725	2290	1435
194	3757	2317	1440
195	3856	2310	1546
196	3895	2305	1590
197	3990	2321	1669
198	3988	2313	1675
199	3992	2277	1715
200	3989	2280	1709
201	4067	2289	1778
202	4119	2296	1823
203	4133	2295	1838
204	4137	2294	1843
205	4100	2289	1811
206	4089	2295	1794
207	4063	2329	1734
208	4026	2309	1717
209	4054	2284	1770
210	4057	2292	1765
211	3980	2254	1726
212	3864	2263	1601
213	3918	2295	1623
214	3976	2296	1680
215	3907	2296	1611
216	3888	2293	1595
217	3947	2288	1659
218	3893	2267	1626
219	3940	2285	1655
220	3981	2307	1674
221	4083	2291	1792
222	4124	2283	1841
223	4228	2295	1933
224	4299	2272	2027
225	4351	2273	2078
226	4335	2293	2042
227	4374	2300	2074
228	4340	2305	2035
229	4339	2290	2049
230	4293	2265	2028
231	4320	2251	2069
232	4365	2269	2096
233	4354	2283	2071
234	4411	2298	2113
235	4381	2303	2078
236	4357	2283	2074
237	4396	2276	2120
238	4392	2286	2106
239	4405	2278	2127
240	4374	2272	2102
241	4394	2278	2116
242	4504	2264	2240
243	4495	2261	2234
244	4436	2256	2180
245	4446	2250	2196
246	4404	2268	2136
247	4354	2260	2094
248	4452	2250	2202
249	4469	2259	2210
250	4348	2263	2085
251	4307	2275	2032
252	4285	2273	2012
253	4339	2258	2081
254	4367	2262	2105
255	4354	2258	2096
256	4332	2238	2094
257	4256	2234	2022
258	4268	2243	2025
259	4337	2259	2078
260	4342	2268	2074
261	4283	2265	2018
262	4220	2256	1964
263	4192	2245	1947
264	4198	2247	1951
265	4143	2250	1893
266	4073	2231	1842
267	4087	2235	1852
268	4044	2250	1794
269	4037	2254	1783
270	4031	2230	1801
271	4052	2245	1807
272	4066	2267	1799
273	4073	2254	1819
274	4130	2249	1881
275	4230	2254	1976
276	4215	2267	1948
277	4268	2246	2022
278	4307	2238	2069
279	4279	2233	2046
280	4280	2244	2036
281	4384	2231	2153
282	4319	2227	2092
283	4243	2244	1999
284	4215	2248	1967
285	4204	2247	1957
286	4197	2250	1947
287	4162	2250	1912
288	4193	2243	1950
289	4186	2232	1954
290	4152	2252	1900
291	4222	2245	1977
292	4225	2230	1995
293	4195	2226	1969
294	4149	2222	1927
295	4177	2219	1958
296	4217	2200	2017
297	4204	2205	1999
298	4148	2229	1919
299	4188	2218	1970
300	4147	2214	1933
301	4172	2226	1946
302	4190	2232	1958
303	4160	2216	1944
304	4164	2200	1964
305	4100	2220	1880
306	4062	2224	1838
307	4128	2219	1909
308	4186	2224	1962
309	4191	2195	1996
310	4193	2214	1979
311	4230	2223	2007
312	4178	2208	1970
313	4118	2232	1886
314	4183	2207	1976
315	4177	2192	1985
316	4090	2201	1889
317	4080	2215	1865
318	4159	2225	1934
319	4134	2206	1928
320	4112	2208	1904
321	4174	2202	1972
322	4139	2203	1936
323	4063	2217	1846
324	4060	2202	1858
325	4018	2195	1823
326	4069	2205	1864
327	4135	2197	1938
328	4064	2181	1883
329	4045	2188	1857
330	4087	2176	1911
331	4113	2196	1917
332	4079	2194	1885
333	4108	2185	1923
334	4126	2171	1955
335	4095	2187	1908
336	4060	2206	1854
337	4047	2197	1850
338	4001	2177	1824
339	3959	2183	1776
340	3952	2184	1768
341	3941	2193	1748
342	3970	2193	1777
343	3951	2181	1770
344	3918	2176	1742
345	3868	2196	1672
346	3822	2209	1613
347	3838	2208	1630
348	3853	2177	1676
349	3828	2175	1653
350	3783	2203	1580
351	3801	2198	1603
352	3728	2200	1528
353	3685	2167	1518
354	3640	2170	1470
355	3665	2200	1465
356	3705	2177	1528
357	3640	2150	1490
358	3596	2162	1434
359	3557	2151	1406
360	3552	2171	1381
361	3518	2183	1335
362	3487	2180	1307
363	3524	2194	1330
364	3526	2193	1333
365	3516	2165	1351
366	3519	2148	1371
367	3525	2164	1361
368	3461	2168	1293
369	3448	2175	1273
370	3513	2176	1337
371	3492	2180	1312
372	3513	2172	1341
373	3569	2164	1405
374	3531	2160	1371
375	3506	2179	1327
376	3484	2184	1300
377	3484	2165	1319
378	3439	2150	1289
379	3470	2165	1305
380	3491	2161	1330
381	3520	2157	1363
382	3482	2153	1329
383	3521	2152	1369
384	3558	2171	1387
385	3530	2139	1391
386	3588	2135	1453
387	3550	2170	1380
388	3552	2163	1389
389	3615	2145	1470
390	3637	2156	1481
391	3671	2175	1496
392	3731	2151	1580
393	3768	2160	1608
394	3789	2168	1621
395	3829	2149	1680
396	3867	2159	1708
397	3856	2156	1700
398	3865	2148	1717
399	3967	2153	1814
400	4026	2159	1867
401	3957	2149	1808
402	3931	2143	1788
403	3975	2141	1834
404	3985	2129	1856
405	3992	2120	1872
406	4025	2129	1896
407	4034	2136	1898
408	4017	2129	1888
409	4069	2138	1931
410	4110	2150	1960
411	4067	2142	1925
412	4112	2149	1963
413	4202	2153	2049
414	4203	2130	2073
415	4206	2121	2085
416	4217	2129	2088
417	4164	2123	2041
418	4129	2126	2003
419	4126	2129	1997
420	4077	2129	1948
421	4159	2120	2039
422	4184	2128	2056
423	4203	2128	2075
424	4155	2108	2047
425	4158	2097	2061
426	4199	2117	2082
427	4229	2123	2106
428	4333	2090	2243
429	4372	2087	2285
430	4384	2118	2266
431	4486	2122	2364
432	4482	2108	2374
433	4483	2087	2396
434	4512	2082	2430
435	4545	2106	2439
436	4620	2136	2484
437	4697	2109	2588
438	4639	2089	2550
439	4613	2116	2497
440	4634	2115	2519
441	4717	2086	2631
442	4756	2076	2680
443	4781	2085	2696
444	4711	2091	2620
445	4750	2120	2630
446	4815	2113	2702
447	4788	2102	2686
448	4653	2097	2556
449	4604	2080	2524
450	4577	2109	2468
451	4550	2101	2449
452	4490	2097	2393
453	4448	2104	2344
454	4359	2076	2283
455	4301	2093	2208
456	4299	2111	2188
457	4296	2099	2197
458	4227	2095	2132
459	4193	2098	2095
460	4206	2105	2101
461	4220	2104	2116
462	4233	2090	2143
463	4192	2092	2100
464	4143	2099	2044
465	4070	2095	1975
466	4092	2087	2005
467	4112	2092	2020
468	4010	2074	1936
469	3968	2066	1902
470	3928	2074	1854
471	3939	2074	1865
472	3883	2080	1803
473	3884	2079	1805
474	3855	2081	1774
475	3793	2094	1699
476	3713	2073	1640
477	3697	2074	1623
478	3732	2078	1654
479	3731	2075	1656
480	3664	2081	1583
481	3615	2075	1540
482	3673	2074	1599
483	3688	2059	1629
484	3664	2060	1604
485	3758	2056	1702
486	3733	2051	1682
487	3645	2057	1588
488	3680	2053	1627
489	3702	2055	1647
490	3677	2072	1605
491	3697	2066	1631
492	3705	2067	1638
493	3755	2064	1691
494	3794	2066	1728
495	3820	2077	1743
496	3801	2064	1737
497	3750	2045	1705
498	3804	2046	1758
499	3882	2044	1838
500	3825	2055	1770
501	3893	2057	1836
502	3827	2049	1778
503	3782	2050	1732
504	3802	2061	1741
505	3817	2053	1764
506	3826	2047	1779
507	3816	2047	1769
508	3829	2065	1764
509	3888	2051	1837
510	3924	2061	1863
511	3936	2040	1896
512	3980	2042	1938
513	3997	2070	1927
514	4006	2070	1936
515	4085	2075	2010
516	4076	2077	1999
517	4047	2071	1976
518	4006	2056	1950
519	4005	2051	1954
520	3958	2044	1914
521	3968	2034	1934
522	3983	2059	1924
523	3899	2062	1837
524	3884	2034	1850
525	3960	2053	1907
526	3972	2056	1916
527	3967	2030	1937
528	3914	2038	1876
529	3933	2037	1896
530	3965	2035	1930
531	4002	2036	1966
532	3968	2052	1916
533	4031	2069	1962
534	4024	2056	1968
535	3958	2040	1918
536	3946	2048	1898
537	3981	2058	1923
538	3935	2027	1908
539	3858	2024	1834
540	3842	2062	1780
541	3849	2068	1781
542	3871	2050	1821
543	3849	2029	1820
544	3780	2035	1745
545	3786	2051	1735
546	3846	2046	1800
547	3890	2047	1843
548	3772	2049	1723
549	3729	2055	1674
550	3706	2061	1645
551	3657	2056	1601
552	3635	2059	1576
553	3640	2063	1577
554	3602	2053	1549
555	3583	2057	1526
556	3576	2047	1529
557	3520	2045	1475
558	3450	2039	1411
559	3441	2035	1406
560	3444	2033	1411
561	3383	2033	1350
562	3330	2037	1293
563	3357	2036	1321
564	3333	2054	1279
565	3293	2041	1252
566	3297	2037	1260
567	3316	2045	1271
568	3316	2027	1289
569	3290	2020	1270
570	3283	2033	1250
571	3278	2026	1252
572	3344	2020	1324
573	3371	2006	1365
574	3336	2017	1319
575	3383	2018	1365
576	3434	2019	1415
577	3351	2015	1336
578	3419	2014	1405
579	3456	2003	1453
580	3439	1987	1452
581	3444	1979	1465
582	3648	2003	1645
583	4131	2011	2120
584	4915	2012	2903
585	5727	1993	3734
586	6349	1982	4367
587	6450	1980	4470
588	6083	1982	4101
589	5640	1980	3660
590	5115	1993	3122
591	4693	2004	2689
592	4358	2012	2346
593	4147	2016	2131
594	3910	2004	1906
595	3747	1971	1776
596	3684	1993	1691
597	3564	2002	1562
598	3442	1985	1457
599	3395	1993	1402
600	3346	2011	1335
601	3338	2003	1335
602	3235	2006	1229
603	3121	1993	1128
604	3077	1987	1090
605	3081	1987	1094
606	3046	1983	1063
607	3068	1986	1082
608	3081	1963	1118
609	3077	1962	1115
610	3032	1982	1050
611	2995	1978	1017
612	2999	1988	1011
613	3048	2001	1047
614	3066	1994	1072
615	3063	1981	1082
616	3062	1979	1083
617	3018	1969	1049
618	2999	1972	1027
619	2992	1978	1014
620	3020	1985	1035
621	3050	1988	1062
622	3024	1987	1037
623	3041	1973	1068
624	2990	1961	1029
625	2982	1947	1035
626	2977	1969	1008
627	2974	1970	1004
628	2969	1951	1018
629	2994	1938	1056
630	2985	1943	1042
631	2985	1934	1051
632	2990	1952	1038
633	3023	1978	1045
634	2971	1958	1013
635	3020	1948	1072
636	3048	1941	1107
637	3029	1952	1077
638	3072	1963	1109
639	3087	1946	1141
640	3077	1947	1130
641	3006	1965	1041
642	2989	1963	1026
643	2962	1957	1005
644	3037	1948	1089
645	3050	1943	1107
646	3108	1952	1156
647	3091	1938	1153
648	3015	1948	1067
649	3064	1934	1130
650	3060	1943	1117
651	3029	1972	1057
652	3023	1961	1062
653	3037	1932	1105
654	3029	1921	1108
655	3145	1942	1203
656	3199	1935	1264
657	3278	1912	1366
658	3318	1941	1377
659	3371	1941	1430
660	3373	1944	1429
661	3405	1941	1464
662	3328	1966	1362
663	3309	1964	1345
664	3267	1939	1328
665	3159	1950	1209
666	3167	1939	1228
667	3197	1935	1262
668	3152	1943	1209
669	3174	1944	1230
670	3139	1943	1196
671	3079	1944	1135
672	3122	1940	1182
673	3202	1935	1267
674	3287	1947	1340
675	3254	1964	1290
676	3287	1951	1336
677	3267	1940	1327
678	3279	1930	1349
679	3280	1932	1348
680	3325	1932	1393
681	3358	1918	1440
682	3319	1934	1385
683	3279	1958	1321
684	3246	1931	1315
685	3152	1915	1237
686	3137	1926	1211
687	3143	1916	1227
688	3074	1917	1157
689	3101	1925	1176
690	3095	1933	1162
691	3073	1917	1156
692	3114	1909	1205
693	3146	1928	1218
694	3183	1929	1254
695	3186	1936	1250
696	3089	1928	1161
697	3100	1947	1153
698	3120	1941	1179
699	3068	1926	1142
700	3084	1926	1158
701	3088	1913	1175
702	3066	1916	1150
703	3021	1931	1090
704	2953	1917	1036
705	3033	1919	1114
706	3024	1925	1099
707	3016	1917	1099
708	3018	1929	1089
709	2963	1935	1028
710	2959	1915	1044
711	2893	1909	984
712	2853	1907	946
713	2837	1895	942
714	2846	1914	932
715	2869	1928	941
716	2796	1932	864
717	2776	1921	855
718	2762	1905	857
719	2767	1911	856
720	2766	1900	866
721	2822	1909	913
722	2848	1922	926
723	2847	1906	941
724	2862	1901	961
725	2826	1893	933
726	2804	1918	886
727	2824	1930	894
728	2879	1921	958
729	2951	1898	1053
730	2850	1881	969
731	2764	1889	875
732	2774	1886	888
733	2763	1887	876
734	2678	1883	795
735	2648	1879	769
736	2659	1886	773
737	2654	1885	769
738	2714	1886	828
739	2757	1891	866
740	2762	1902	860
741	2770	1890	880
742	2769	1898	871
743	2772	1899	873
744	2761	1887	874
745	2756	1876	880
746	2682	1888	794
747	2691	1889	802
748	2726	1884	842
749	2713	1895	818
750	2643	1891	752
751	2612	1894	718
752	2648	1868	780
753	2707	1871	836
754	2704	1878	826
755	2728	1899	829
756	2711	1913	798
757	2700	1900	800
758	2736	1894	842
759	2749	1887	862
760	2721	1895	826
761	2710	1885	825
762	2719	1870	849
763	2741	1861	880
764	2740	1866	874
765	2734	1883	851
766	2723	1898	825
767	2710	1875	835
768	2704	1875	829
769	2632	1863	769
770	2682	1869	813
771	2762	1870	892
772	2737	1860	877
773	2720	1879	841
774	2737	1888	849
775	2715	1877	838
776	2722	1863	859
777	2730	1851	879
778	2713	1847	866
779	2734	1876	858
780	2675	1881	794
781	2637	1870	767
782	2728	1891	837
783	2708	1871	837
784	2664	1870	794
785	2736	1875	861
786	2739	1870	869
787	2731	1872	859
788	2688	1879	809
789	2655	1891	764
790	2593	1879	714
791	2546	1861	685
792	2583	1855	728
793	2544	1877	667
794	2608	1878	730
795	2626	1870	756
796	2548	1868	680
797	2481	1868	613
798	2474	1862	612
799	2483	1851	632
800	2498	1861	637
801	2462	1859	603
802	2506	1874	632
803	2508	1872	636
804	2449	1861	588
805	2471	1875	596
806	2472	1871	601
807	2403	1856	547
808	2356	1853	503
809	2308	1849	459
810	2281	1854	427
811	2280	1852	428
812	2297	1853	444
813	2345	1852	493
814	2275	1859	416
815	2258	1869	389
816	2266	1867	399
817	2287	1837	450
818	2255	1843	412
819	2279	1858	421
820	2298	1843	455
821	2252	1837	415
822	2241	1838	403
823	2230	1852	378
824	2186	1849	337
825	2153	1836	317
826	2078	1847	231
827	2008	1843	165
828	2034	1840	194
829	2069	1843	226
830	2055	1849	206
831	1999	1860	139
832	2041	1854	187
833	2090	1826	264
834	2034	1832	202
835	2000	1855	145
836	2005	1846	159
837	1988	1822	166
838	1942	1829	113
839	1928	1853	75
840	1911	1852	59
841	1927	1831	96
842	1909	1839	70
843	1889	1860	29
844	1838	1844	-6
845	1839	1815	24
846	1836	1816	20
847	1867	1829	38
848	1839	1832	7
849	1813	1839	-26
850	1895	1852	43
851	1865	1837	28
852	1830	1835	-5
853	1816	1829	-13
854	1799	1825	-26
855	1803	1834	-31
856	1769	1830	-61
857	1771	1821	-50
858	1735	1821	-86
859	1737	1812	-75
860	1712	1819	-107
861	1694	1821	-127
862	1728	1819	-91
863	1769	1805	-36
864	1759	1811	-52
865	1763	1835	-72
866	1736	1864	-128
867	1750	1843	-93
868	1694	1839	-145
869	1698	1837	-139
870	1729	1833	-104
871	1713	1831	-118
872	1663	1818	-155
873	1676	1807	-131
874	1691	1830	-139
875	1693	1841	-148
876	1713	1814	-101
877	1673	1834	-161
878	1684	1816	-132
879	1679	1815	-136
880	1668	1815	-147
881	1679	1816	-137
882	1671	1823	-152
883	1714	1820	-106
884	1727	1814	-87
885	1749	1821	-72
886	1745	1808	-63
887	1801	1817	-16
888	1785	1819	-34
889	1763	1811	-48
890	1747	1816	-69
891	1776	1810	-34
892	1740	1827	-87
893	1696	1828	-132
894	1666	1832	-166
895	1717	1822	-105
896	1780	1810	-30
897	1724	1804	-80
898	1721	1809	-88
899	1741	1811	-70
900	1694	1806	-112
901	1655	1805	-150
902	1682	1813	-131
903	1724	1816	-92
904	1701	1801	-100
905	1677	1801	-124
906	1699	1797	-98
907	1720	1801	-81
908	1737	1815	-78
909	1760	1818	-58
910	1753	1820	-67
911	1762	1792	-30
912	1761	1802	-41
913	1777	1830	-53
914	1782	1822	-40
915	1825	1800	25
916	1843	1803	40
917	1865	1816	49
918	1908	1792	116
919	1893	1793	100
920	1869	1817	52
921	1886	1791	95
922	1901	1774	127
923	1902	1784	118
924	1888	1796	92
925	1911	1798	113
926	1882	1791	91
927	1917	1796	121
928	1931	1781	150
929	1931	1790	141
930	1939	1791	148
931	1951	1784	167
932	1942	1788	154
933	1949	1786	163
934	1971	1780	191
935	1952	1792	160
936	1883	1785	98
937	1882	1784	98
938	1865	1797	68
939	1848	1782	66
940	1866	1808	58
941	1825	1808	17
942	1819	1784	35
943	1845	1790	55
944	1821	1795	26
945	1849	1799	50
946	1845	1795	50
947	1885	1798	87
948	1889	1783	106
949	1860	1787	73
950	1860	1799	61
951	1900	1788	112
952	1939	1769	170
953	1916	1788	128
954	1906	1770	136
955	1910	1752	158
956	1926	1780	146
957	1917	1781	136
958	1938	1763	175
959	1886	1765	121
960	1856	1775	81
961	1888	1786	102
962	1888	1802	86
963	1887	1792	95
964	1850	1780	70
965	1806	1781	25
966	1807	1781	26
967	1823	1779	44
968	1823	1761	62
969	1887	1791	96
970	1868	1780	88
971	1862	1784	78
972	1831	1775	56
973	1820	1775	45
974	1817	1776	41
975	1837	1762	75
976	1833	1769	64
977	1822	1776	46
978	1826	1763	63
979	1852	1769	83
980	1851	1787	64
981	1818	1784	34
982	1791	1775	16
983	1795	1774	21
984	1827	1762	65
985	1844	1751	93
986	1815	1759	56
987	1793	1760	33
988	1765	1754	11
989	1774	1736	38
990	1805	1749	56
991	1832	1755	77
992	1815	1740	75
993	1837	1765	72
994	1853	1781	72
995	1810	1773	37
996	1782	1784	-2
997	1809	1780	29
998	1781	1769	12
999	1784	1770	14
1000	1778	1774	4
1001	1760	1764	-4
1002	1744	1751	-7
1003	1717	1756	-39
1004	1667	1756	-89
1005	1642	1750	-108
1006	1672	1769	-97
1007	1674	1753	-79
1008	1679	1744	-65
1009	1668	1723	-55
1010	1611	1740	-129
1011	1645	1753	-108
1012	1701	1752	-51
1013	1738	1755	-17
1014	1751	1744	7
1015	1738	1727	11
1016	1736	1747	-11
1017	1790	1763	27
1018	1824	1738	86
1019	1855	1735	120
1020	1888	1744	144
1021	1883	1742	141
1022	1872	1750	122
1023	1889	1754	135
1024	1895	1740	155
1025	1854	1744	110
1026	1812	1745	67
1027	1765	1727	38
1028	1733	1740	-7
1029	1691	1756	-65
1030	1691	1752	-61
1031	1680	1758	-78
1032	1689	1751	-62
1033	1726	1740	-14
1034	1708	1724	-16
1035	1727	1738	-11
1036	1724	1743	-19
1037	1747	1732	15
1038	1744	1732	12
1039	1724	1743	-19
1040	1709	1756	-47
1041	1676	1745	-69
1042	1657	1739	-82
1043	1664	1755	-91
1044	1653	1770	-117
1045	1668	1740	-72
1046	1708	1727	-19
1047	1765	1713	52
1048	1802	1709	93
1049	1834	1718	116
1050	1867	1727	140
1051	1890	1726	164
1052	1857	1731	126
1053	1805	1724	81
1054	1791	1725	66
1055	1789	1731	58
1056	1810	1729	81
1057	1811	1715	96
1058	1813	1716	97
1059	1825	1731	94
1060	1862	1725	137
1061	1885	1727	158
1062	1865	1745	120
1063	1864	1725	139
1064	1801	1723	78
1065	1759	1709	50
1066	1742	1698	44
1067	1786	1711	75
1068	1818	1733	85
1069	1809	1732	77
1070	1842	1719	123
1071	1862	1710	152
1072	1905	1718	187
1073	1904	1704	200
1074	1898	1705	193
1075	1926	1699	227
1076	1993	1702	291
1077	1967	1701	266
1078	1951	1698	253
1079	1943	1700	243
1080	1893	1713	180
1081	1855	1728	127
1082	1816	1721	95
1083	1801	1718	83
1084	1832	1722	110
1085	1871	1722	149
1086	1812	1711	101
1087	1823	1724	99
1088	1873	1723	150
1089	1903	1719	184
1090	1904	1729	175
1091	1888	1716	172
1092	1846	1721	125
1093	1815	1716	99
1094	1827	1720	107
1095	1783	1721	62
1096	1745	1708	37
1097	1740	1701	39
1098	1756	1683	73
1099	1791	1693	98
1100	1745	1725	20
1101	1750	1734	16
1102	1804	1713	91
1103	1783	1715	68
1104	1811	1725	86
1105	1915	1703	212
1106	1956	1705	251
1107	1933	1700	233
1108	1920	1704	216
1109	1936	1690	246
1110	1922	1704	218
1111	1929	1712	217
1112	1917	1691	226
1113	1938	1688	250
1114	1935	1708	227
1115	1878	1712	166
1116	1894	1695	199
1117	1896	1689	207
1118	1902	1691	211
1119	1826	1698	128
1120	1772	1696	76
1121	1764	1693	71
1122	1773	1706	67
1123	1765	1699	66
1124	1734	1690	44
1125	1753	1693	60
1126	1783	1695	88
1127	1796	1693	103
1128	1767	1701	66
1129	1761	1703	58
1130	1749	1700	49
1131	1770	1694	76
1132	1755	1698	57
1133	1732	1699	33
1134	1747	1701	46
1135	1747	1706	41
1136	1776	1702	74
1137	1769	1685	84
1138	1782	1684	98
1139	1752	1689	63
1140	1703	1694	9
1141	1696	1687	9
1142	1707	1676	31
1143	1726	1680	46
1144	1703	1677	26
1145	1664	1684	-20
1146	1647	1699	-52
1147	1642	1694	-52
1148	1644	1688	-44
1149	1666	1666	0
1150	1674	1676	-2
1151	1672	1688	-16
1152	1640	1691	-51
1153	1728	1679	49
1154	1765	1688	77
1155	1800	1705	95
1156	1849	1693	156
1157	1830	1667	163
1158	1869	1678	191
1159	1877	1682	195
1160	1898	1687	211
1161	1883	1700	183
1162	1893	1698	195
1163	1953	1683	270
1164	1992	1688	304
1165	1979	1709	270
1166	2049	1695	354
1167	2103	1687	416
1168	2164	1686	478
1169	2268	1686	582
1170	2329	1689	640
1171	2410	1686	724
1172	2528	1677	851
1173	2585	1676	909
1174	2645	1677	968
1175	2699	1679	1020
1176	2649	1691	958
1177	2626	1669	957
1178	2576	1667	909
1179	2556	1663	893
1180	2591	1651	940
1181	2659	1673	986
1182	2750	1685	1065
1183	2839	1659	1180
1184	2921	1661	1260
1185	2909	1671	1238
1186	2915	1679	1236
1187	2994	1679	1315
1188	2995	1684	1311
1189	3025	1672	1353
1190	3007	1691	1316
1191	2943	1685	1258
1192	2815	1676	1139
1193	2641	1660	981
1194	2549	1667	882
1195	2575	1664	911
1196	2670	1686	984
1197	2854	1684	1170
1198	2937	1678	1259
1199	3112	1680	1432
1200	3242	1679	1563
1201	3275	1669	1606
1202	3231	1673	1558
1203	3291	1669	1622
1204	3372	1673	1699
1205	3365	1682	1683
1206	3436	1666	1770
1207	3493	1668	1825
1208	3467	1675	1792
1209	3411	1686	1725
1210	3423	1663	1760
1211	3361	1657	1704
1212	3319	1649	1670
1213	3230	1665	1565
1214	3128	1668	1460
1215	3060	1683	1377
1216	3013	1671	1342
1217	2987	1643	1344
1218	3038	1647	1391
1219	3152	1667	1485
1220	3189	1673	1516
1221	3283	1656	1627
1222	3429	1660	1769
1223	3401	1650	1751
1224	3423	1671	1752
1225	3466	1672	1794
1226	3487	1665	1822
1227	3605	1665	1940
1228	3799	1674	2125
1229	4069	1663	2406
1230	4271	1665	2606
1231	4420	1676	2744
1232	4401	1658	2743
1233	4270	1657	2613
1234	4062	1669	2393
1235	3843	1662	2181
1236	3634	1655	1979
1237	3529	1668	1861
1238	3383	1666	1717
1239	3315	1667	1648
1240	3299	1670	1629
1241	3332	1665	1667
1242	3354	1661	1693
1243	3379	1664	1715
1244	3480	1678	1802
1245	3633	1671	1962
1246	3593	1651	1942
1247	3531	1634	1897
1248	3608	1651	1957
1249	3587	1673	1914
1250	3558	1675	1883
1251	3557	1661	1896
1252	3558	1640	1918
1253	3776	1645	2131
1254	4178	1648	2530
1255	4584	1653	2931
1256	4993	1656	3337
1257	5267	1652	3615
1258	5421	1654	3767
1259	5407	1662	3745
1260	5234	1658	3576
1261	4958	1653	3305
1262	4814	1670	3144
1263	4635	1647	2988
1264	4393	1656	2737
1265	4064	1657	2407
1266	3792	1642	2150
1267	3608	1632	1976
1268	3374	1642	1732
1269	3178	1667	1511
1270	3048	1657	1391
1271	2976	1647	1329
1272	2949	1648	1301
1273	2966	1645	1321
1274	3018	1642	1376
1275	3134	1645	1489
1276	3234	1642	1592
1277	3362	1632	1730
1278	3471	1632	1839
1279	3554	1648	1906
1280	3673	1644	2029
1281	3792	1621	2171
1282	3946	1644	2302
1283	4064	1642	2422
1284	4043	1647	2396
1285	3957	1634	2323
1286	3927	1636	2291
1287	3801	1644	2157
1288	3671	1629	2042
1289	3543	1635	1908
1290	3333	1651	1682
1291	3221	1656	1565
1292	3133	1632	1501
1293	3084	1632	1452
1294	3150	1625	1525
1295	3190	1632	1558
1296	3260	1646	1614
1297	3380	1637	1743
1298	3548	1632	1916
1299	3596	1639	1957
1300	3561	1645	1916
1301	3538	1646	1892
1302	3497	1636	1861
1303	3419	1638	1781
1304	3384	1636	1748
1305	3336	1639	1697
1306	3292	1629	1663
1307	3222	1630	1592
1308	3077	1641	1436
1309	2988	1643	1345
1310	2919	1650	1269
1311	2777	1633	1144
1312	2708	1637	1071
1313	2669	1631	1038
1314	2671	1641	1030
1315	2698	1645	1053
1316	2694	1637	1057
1317	2691	1630	1061
1318	2650	1629	1021
1319	2603	1633	970
1320	2520	1625	895
1321	2523	1628	895
1322	2490	1631	859
1323	2423	1629	794
1324	2365	1640	725
1325	2322	1622	700
1326	2317	1634	683
1327	2334	1634	700
1328	2282	1642	640
1329	2297	1638	659
1330	2309	1628	681
1331	2277	1640	637
1332	2285	1651	634
1333	2369	1629	740
1334	2545	1610	935
1335	2781	1634	1147
1336	3046	1632	1414
1337	3301	1625	1676
1338	3399	1635	1764
1339	3427	1628	1799
1340	3395	1647	1748
1341	3330	1650	1680
1342	3238	1653	1585
1343	3147	1634	1513
1344	3080	1615	1465
1345	2994	1650	1344
1346	2863	1632	1231
1347	2788	1613	1175
1348	2714	1626	1088
1349	2743	1643	1100
1350	2815	1628	1187
1351	2906	1621	1285
1352	3029	1627	1402
1353	3195	1630	1565
1354	3221	1621	1600
1355	3189	1619	1570
1356	3081	1611	1470
1357	2953	1612	1341
1358	2836	1612	1224
1359	2770	1601	1169
1360	2685	1615	1070
1361	2620	1626	994
1362	2508	1606	902
1363	2465	1599	866
1364	2432	1605	827
1365	2425	1603	822
1366	2457	1623	834
1367	2471	1613	858
1368	2502	1608	894
1369	2594	1603	991
1370	2627	1592	1035
1371	2585	1618	967
1372	2516	1626	890
1373	2487	1612	875
1374	2491	1599	892
1375	2453	1610	843
1376	2451	1614	837
1377	2612	1591	1021
1378	2769	1597	1172
1379	2917	1620	1297
1380	3040	1618	1422
1381	3177	1616	1561
1382	3166	1616	1550
1383	3111	1632	1479
1384	3030	1621	1409
1385	2975	1617	1358
1386	2997	1605	1392
1387	2996	1608	1388
1388	2948	1602	1346
1389	2989	1602	1387
1390	3090	1610	1480
1391	3069	1598	1471
1392	2984	1623	1361
1393	2989	1618	1371
1394	3026	1607	1419
1395	3014	1622	1392
1396	2997	1606	1391
1397	2970	1627	1343
1398	2914	1612	1302
1399	2884	1609	1275
1400	2854	1606	1248
1401	2824	1599	1225
1402	2851	1600	1251
1403	2854	1596	1258
1404	2824	1616	1208
1405	2841	1601	1240
1406	2823	1604	1219
1407	2856	1625	1231
1408	2984	1634	1350
1409	3077	1629	1448
1410	3123	1608	1515
1411	3197	1598	1599
1412	3292	1633	1659
1413	3366	1624	1742
1414	3293	1619	1674
1415	3214	1618	1596
1416	3130	1623	1507
1417	3012	1596	1416
1418	2905	1594	1311
1419	2813	1619	1194
1420	2746	1623	1123
1421	2737	1602	1135
1422	2695	1616	1079
1423	2670	1621	1049
1424	2630	1594	1036
1425	2725	1588	1137
1426	2801	1599	1202
1427	2910	1593	1317
1428	2960	1579	1381
1429	2969	1593	1376
1430	2965	1595	1370
1431	2940	1587	1353
1432	2848	1611	1237
1433	2779	1609	1170
1434	2726	1598	1128
1435	2684	1591	1093
1436	2673	1596	1077
1437	2656	1614	1042
1438	2709	1606	1103
1439	2726	1589	1137
1440	2776	1602	1174
1441	2755	1588	1167
1442	2714	1587	1127
1443	2714	1595	1119
1444	2688	1588	1100
1445	2613	1587	1026
1446	2586	1593	993
1447	2563	1606	957
1448	2551	1610	941
1449	2547	1600	947
1450	2559	1599	960
1451	2501	1589	912
1452	2410	1594	816
1453	2386	1600	786
1454	2366	1605	761
1455	2346	1614	732
1456	2397	1610	787
1457	2464	1616	848
1458	2522	1597	925
1459	2647	1588	1059
1460	2766	1598	1168
1461	2741	1594	1147
1462	2695	1604	1091
1463	2595	1592	1003
1464	2505	1588	917
1465	2460	1605	855
1466	2430	1601	829
1467	2431	1586	845
1468	2499	1606	893
1469	2467	1622	845
1470	2471	1611	860
1471	2448	1593	855
1472	2377	1600	777
1473	2320	1599	721
1474	2292	1601	691
1475	2229	1603	626
1476	2234	1606	628
1477	2242	1596	646
1478	2254	1586	668
1479	2281	1584	697
1480	2303	1598	705
1481	2275	1598	677
1482	2278	1583	695
1483	2222	1597	625
1484	2141	1596	545
1485	2166	1596	570
1486	2203	1591	612
1487	2217	1577	640
1488	2196	1584	612
1489	2189	1614	575
1490	2143	1610	533
1491	2165	1599	566
1492	2105	1606	499
1493	2055	1582	473
1494	2089	1580	509
1495	2112	1605	507
1496	2139	1590	549
1497	2169	1591	578
1498	2171	1587	584
1499	2157	1588	569
1500	2117	1577	540
1501	2117	1586	531
1502	1991	1604	387
1503	1879	1600	279
1504	1814	1613	201
1505	1816	1598	218
1506	1794	1582	212
1507	1778	1587	191
1508	1804	1592	212
1509	1771	1602	169
1510	1781	1585	196
1511	1783	1586	197
1512	1787	1603	184
1513	1837	1596	241
1514	1811	1594	217
1515	1773	1593	180
1516	1815	1588	227
1517	1803	1598	205
1518	1733	1612	121
1519	1707	1613	94
1520	1647	1602	45
1521	1557	1593	-36
1522	1515	1585	-70
1523	1438	1600	-162
1524	1457	1594	-137
1525	1504	1607	-103
1526	1491	1612	-121
1527	1478	1596	-118
1528	1460	1588	-128
1529	1492	1591	-99
1530	1579	1588	-9
1531	1593	1584	9
1532	1551	1594	-43
1533	1558	1595	-37
1534	1532	1577	-45
1535	1484	1569	-85
1536	1399	1605	-206
1537	1332	1587	-255
1538	1258	1577	-319
1539	1225	1583	-358
1540	1205	1599	-394
1541	1216	1612	-396
1542	1239	1608	-369
1543	1290	1600	-310
1544	1324	1591	-267
1545	1349	1591	-242
1546	1352	1583	-231
1547	1358	1586	-228
1548	1347	1589	-242
1549	1371	1569	-198
1550	1379	1573	-194
1551	1387	1576	-189
1552	1385	1578	-193
1553	1422	1590	-168
1554	1431	1586	-155
1555	1363	1578	-215
1556	1358	1603	-245
1557	1342	1587	-245
1558	1320	1574	-254
1559	1345	1574	-229
1560	1312	1558	-246
1561	1319	1562	-243
1562	1316	1575	-259
1563	1323	1582	-259
1564	1325	1593	-268
1565	1295	1569	-274
1566	1271	1583	-312
1567	1275	1587	-312
1568	1228	1594	-366
1569	1184	1600	-416
1570	1155	1586	-431
1571	1161	1571	-410
1572	1167	1568	-401
1573	1142	1587	-445
1574	1115	1583	-468
1575	1137	1582	-445
1576	1123	1583	-460
1577	1053	1589	-536
1578	1049	1596	-547
1579	1072	1584	-512
1580	1083	1584	-501
1581	1032	1569	-537
1582	1076	1571	-495
1583	1104	1581	-477
1584	1087	1583	-496
1585	1084	1600	-516
1586	1049	1585	-536
1587	1021	1572	-551
1588	1006	1584	-578
1589	989	1598	-609
1590	971	1578	-607
1591	974	1563	-589
1592	967	1578	-611
1593	949	1591	-642
1594	953	1591	-638
1595	997	1583	-586
1596	1003	1575	-572
1597	1015	1590	-575
1598	1021	1587	-566
1599	1010	1594	-584
1600	984	1579	-595
1601	959	1571	-612
1602	946	1560	-614
1603	950	1561	-611
1604	930	1580	-650
1605	947	1584	-637
1606	945	1596	-651
1607	920	1583	-663
1608	899	1574	-675
1609	911	1567	-656
1610	871	1587	-716
1611	856	1596	-740
1612	845	1584	-739
1613	867	1557	-690
1614	867	1560	-693
1615	882	1566	-684
1616	859	1569	-710
1617	849	1560	-711
1618	849	1571	-722
1619	818	1560	-742
1620	777	1554	-777
1621	798	1556	-758
1622	820	1558	-738
1623	770	1567	-797
1624	784	1593	-809
1625	789	1573	-784
1626	749	1560	-811
1627	751	1559	-808
1628	770	1572	-802
1629	780	1573	-793
1630	772	1571	-799
1631	772	1584	-812
1632	743	1571	-828
1633	761	1566	-805
1634	745	1597	-852
1635	732	1568	-836
1636	763	1555	-792
1637	709	1557	-848
1638	714	1556	-842
1639	713	1560	-847
1640	723	1548	-825
1641	771	1563	-792
1642	751	1570	-819
1643	736	1563	-827
1644	754	1572	-818
1645	751	1567	-816
1646	732	1573	-841
1647	736	1559	-823
1648	778	1569	-791
1649	774	1570	-796
1650	775	1571	-796
1651	792	1567	-775
1652	767	1573	-806
1653	743	1578	-835
1654	752	1583	-831
1655	719	1571	-852
1656	716	1563	-847
1657	722	1553	-831
1658	706	1564	-858
1659	736	1573	-837
1660	712	1569	-857
1661	689	1566	-877
1662	666	1562	-896
1663	707	1563	-856
1664	726	1555	-829
1665	744	1561	-817
1666	737	1565	-828
1667	715	1569	-854
1668	716	1576	-860
1669	715	1562	-847
1670	677	1552	-875
1671	683	1561	-878
1672	661	1569	-908
1673	675	1579	-904
1674	669	1565	-896
1675	677	1557	-880
1676	648	1561	-913
1677	660	1565	-905
1678	661	1548	-887
1679	649	1553	-904
1680	659	1579	-920
1681	636	1580	-944
1682	618	1553	-935
1683	612	1544	-932
1684	621	1560	-939
1685	632	1558	-926
1686	616	1551	-935
1687	609	1555	-946
1688	640	1560	-920
1689	655	1556	-901
1690	632	1557	-925
1691	600	1562	-962
1692	580	1558	-978
1693	573	1549	-976
1694	582	1552	-970
1695	626	1569	-943
1696	611	1572	-961
1697	608	1563	-955
1698	629	1545	-916
1699	609	1541	-932
1700	571	1548	-977
1701	560	1558	-998
1702	568	1571	-1003
1703	587	1560	-973
1704	570	1562	-992
1705	584	1549	-965
1706	585	1546	-961
1707	554	1554	-1000
1708	552	1561	-1009
1709	568	1559	-991
1710	575	1558	-983
1711	569	1539	-970
1712	572	1547	-975
1713	583	1565	-982
1714	565	1579	-1014
1715	558	1559	-1001
1716	525	1563	-1038
1717	544	1564	-1020
1718	564	1562	-998
1719	574	1566	-992
1720	536	1561	-1025
1721	540	1555	-1015
1722	553	1555	-1002
1723	519	1565	-1046
1724	515	1568	-1053
1725	535	1561	-1026
1726	524	1553	-1029
1727	517	1560	-1043
1728	518	1551	-1033
1729	514	1543	-1029
1730	522	1538	-1016
1731	517	1530	-1013
1732	521	1564	-1043
1733	521	1562	-1041
1734	548	1539	-991
1735	573	1549	-976
1736	603	1534	-931
1737	599	1541	-942
1738	616	1572	-956
1739	596	1543	-947
1740	578	1548	-970
1741	580	1548	-968
1742	599	1536	-937
1743	612	1530	-918
1744	595	1549	-954
1745	590	1563	-973
1746	574	1554	-980
1747	573	1551	-978
1748	542	1560	-1018
1749	558	1550	-992
1750	583	1535	-952
1751	552	1537	-985
1752	530	1543	-1013
1753	522	1560	-1038
1754	530	1556	-1026
1755	524	1546	-1022
1756	515	1551	-1036
1757	537	1549	-1012
1758	523	1545	-1022
1759	521	1565	-1044
1760	524	1563	-1039
1761	527	1547	-1020
1762	533	1523	-990
1763	561	1528	-967
1764	567	1543	-976
1765	564	1546	-982
1766	557	1549	-992
1767	543	1551	-1008
1768	540	1549	-1009
1769	547	1535	-988
1770	544	1517	-973
1771	541	1532	-991
1772	551	1530	-979
1773	508	1538	-1030
1774	497	1539	-1042
1775	509	1549	-1040
1776	506	1550	-1044
1777	523	1539	-1016
1778	505	1537	-1032
1779	507	1536	-1029
1780	519	1539	-1020
1781	509	1549	-1040
1782	477	1556	-1079
1783	475	1561	-1086
1784	497	1545	-1048
1785	516	1548	-1032
1786	583	1560	-977
1787	826	1551	-725
1788	1476	1542	-66
1789	2899	1526	1373
1790	5115	1536	3579
1791	8022	1535	6487
1792	10808	1540	9268
1793	12501	1546	10955
1794	12469	1543	10926
1795	10850	1533	9317
1796	8826	1542	7284
1797	7133	1557	5576
1798	5908	1547	4361
1799	4954	1538	3416
1800	4221	1559	2662
1801	3855	1567	2288
1802	3443	1560	1883
1803	3054	1552	1502
1804	2815	1541	1274
1805	2579	1549	1030
1806	2396	1550	846
1807	2237	1535	702
1808	2122	1532	590
1809	2036	1533	503
1810	1943	1536	407
1811	1837	1539	298
1812	1641	1542	99
1813	1504	1537	-33
1814	1445	1531	-86
1815	1396	1541	-145
1816	1281	1543	-262
1817	1171	1552	-381
1818	1090	1547	-457
1819	1027	1533	-506
1820	999	1533	-534
1821	972	1544	-572
1822	961	1547	-586
1823	916	1553	-637
1824	882	1543	-661
1825	877	1539	-662
1826	872	1538	-666
1827	847	1537	-690
1828	811	1542	-731
1829	771	1529	-758
1830	719	1521	-802
1831	714	1533	-819
1832	706	1533	-827
1833	678	1540	-862
1834	648	1527	-879
1835	644	1524	-880
1836	606	1545	-939
1837	615	1556	-941
1838	617	1535	-918
1839	578	1528	-950
1840	573	1538	-965
1841	599	1538	-939
1842	568	1538	-970
1843	565	1534	-969
1844	577	1523	-946
1845	542	1529	-987
1846	520	1522	-1002
1847	529	1509	-980
1848	508	1520	-1012
1849	506	1538	-1032
1850	523	1542	-1019
1851	520	1528	-1008
1852	540	1542	-1002
1853	524	1552	-1028
1854	527	1529	-1002
1855	536	1526	-990
1856	507	1531	-1024
1857	495	1539	-1044
1858	486	1531	-1045
1859	491	1531	-1040
1860	480	1536	-1056
1861	516	1511	-995
1862	501	1513	-1012
1863	494	1540	-1046
1864	505	1524	-1019
1865	507	1521	-1014
1866	496	1533	-1037
1867	508	1531	-1023
1868	494	1536	-1042
1869	475	1537	-1062
1870	466	1529	-1063
1871	458	1536	-1078
1872	444	1524	-1080
1873	473	1521	-1048
1874	467	1524	-1057
1875	472	1522	-1050
1876	493	1522	-1029
1877	479	1505	-1026
1878	477	1522	-1045
1879	469	1528	-1059
1880	437	1518	-1081
1881	420	1541	-1121
1882	414	1560	-1146
1883	450	1536	-1086
1884	423	1535	-1112
1885	438	1549	-1111
1886	453	1524	-1071
1887	425	1510	-1085
1888	411	1510	-1099
1889	437	1512	-1075
1890	430	1539	-1109
1891	450	1531	-1081
1892	445	1514	-1069
1893	449	1513	-1064
1894	451	1522	-1071
1895	445	1528	-1083
1896	425	1531	-1106
1897	422	1543	-1121
1898	424	1546	-1122
1899	441	1554	-1113
1900	426	1529	-1103
1901	398	1521	-1123
1902	399	1523	-1124
1903	422	1524	-1102
1904	429	1527	-1098
1905	427	1517	-1090
1906	431	1523	-1092
1907	463	1527	-1064
1908	479	1514	-1035
1909	495	1514	-1019
1910	491	1515	-1024
1911	511	1508	-997
1912	504	1519	-1015
1913	500	1516	-1016
1914	485	1507	-1022
1915	502	1519	-1017
1916	503	1530	-1027
1917	489	1523	-1034
1918	486	1518	-1032
1919	455	1520	-1065
1920	453	1528	-1075
1921	463	1520	-1057
1922	432	1507	-1075
1923	443	1506	-1063
1924	460	1516	-1056
1925	445	1515	-1070
1926	430	1523	-1093
1927	433	1514	-1081
1928	410	1513	-1103
1929	412	1522	-1110
1930	416	1522	-1106
1931	421	1525	-1104
1932	429	1522	-1093
1933	416	1510	-1094
1934	386	1501	-1115
1935	396	1513	-1117
1936	413	1506	-1093
1937	410	1502	-1092
1938	420	1524	-1104
1939	430	1531	-1101
1940	406	1513	-1107
1941	417	1523	-1106
1942	389	1537	-1148
1943	382	1528	-1146
1944	405	1534	-1129
1945	414	1518	-1104
1946	408	1520	-1112
1947	445	1515	-1070
1948	436	1509	-1073
1949	401	1500	-1099
1950	387	1507	-1120
1951	375	1505	-1130
1952	388	1512	-1124
1953	402	1501	-1099
1954	415	1518	-1103
1955	423	1520	-1097
1956	414	1513	-1099
1957	431	1507	-1076
1958	444	1506	-1062
1959	435	1509	-1074
1960	404	1513	-1109
1961	396	1526	-1130
1962	402	1516	-1114
1963	397	1519	-1122
1964	393	1518	-1125
1965	421	1507	-1086
1966	423	1506	-1083
1967	440	1507	-1067
1968	444	1504	-1060
1969	472	1521	-1049
1970	437	1520	-1083
1971	418	1509	-1091
1972	406	1497	-1091
1973	414	1520	-1106
1974	423	1515	-1092
1975	415	1502	-1087
1976	415	1507	-1092
1977	411	1503	-1092
1978	420	1498	-1078
1979	422	1500	-1078
1980	394	1519	-1125
1981	391	1513	-1122
1982	393	1513	-1120
1983	437	1509	-1072
1984	441	1520	-1079
1985	417	1521	-1104
1986	390	1510	-1120
1987	404	1511	-1107
1988	401	1511	-1110
1989	385	1529	-1144
1990	380	1517	-1137
1991	386	1499	-1113
1992	383	1524	-1141
1993	389	1522	-1133
1994	383	1511	-1128
1995	370	1515	-1145
1996	358	1508	-1150
1997	354	1504	-1150
1998	355	1510	-1155
1999	373	1503	-1130
2000	393	1508	-1115
2001	406	1504	-1098
2002	392	1510	-1118
2003	398	1529	-1131
2004	396	1524	-1128
2005	397	1520	-1123
2006	411	1520	-1109
2007	407	1515	-1108
2008	395	1514	-1119
2009	401	1522	-1121
2010	410	1515	-1105
2011	435	1501	-1066
2012	430	1516	-1086
2013	443	1520	-1077
2014	431	1513	-1082
2015	433	1502	-1069
2016	427	1514	-1087
2017	392	1516	-1124
2018	392	1516	-1124
2019	402	1511	-1109
2020	406	1511	-1105
2021	410	1508	-1098
2022	393	1508	-1115
2023	384	1510	-1126
2024	389	1501	-1112
2025	393	1509	-1116
2026	397	1491	-1094
2027	395	1512	-1117
2028	407	1522	-1115
2029	406	1507	-1101
2030	381	1511	-1130
2031	384	1505	-1121
2032	381	1494	-1113
2033	381	1501	-1120
2034	334	1508	-1174
2035	350	1497	-1147
2036	351	1511	-1160
2037	370	1507	-1137
2038	394	1505	-1111
2039	386	1489	-1103
2040	362	1487	-1125
2041	359	1520	-1161
2042	369	1520	-1151
2043	384	1499	-1115
2044	377	1490	-1113
2045	366	1500	-1134
2046	361	1486	-1125
2047	368	1490	-1122
2048	374	1523	-1149
2049	344	1522	-1178
2050	333	1519	-1186
2051	357	1516	-1159
2052	340	1500	-1160
2053	344	1499	-1155
2054	360	1516	-1156
2055	377	1503	-1126
2056	385	1507	-1122
2057	381	1508	-1127
2058	357	1505	-1148
2059	352	1498	-1146
2060	353	1515	-1162
2061	357	1504	-1147
2062	347	1514	-1167
2063	347	1505	-1158
2064	331	1505	-1174
2065	354	1494	-1140
2066	352	1498	-1146
2067	350	1515	-1165
2068	350	1507	-1157
2069	343	1497	-1154
2070	347	1501	-1154
2071	325	1494	-1169
2072	370	1500	-1130
2073	362	1494	-1132
2074	354	1492	-1138
2075	347	1502	-1155
2076	328	1496	-1168
2077	329	1496	-1167
2078	348	1487	-1139
2079	337	1487	-1150
2080	305	1501	-1196
2081	330	1494	-1164
2082	341	1509	-1168
2083	333	1515	-1182
2084	337	1506	-1169
2085	336	1503	-1167
2086	312	1500	-1188
2087	307	1485	-1178
2088	326	1481	-1155
2089	333	1491	-1158
2090	329	1484	-1155
2091	304	1491	-1187
2092	273	1499	-1226
2093	281	1508	-1227
2094	308	1507	-1199
2095	331	1486	-1155
2096	311	1498	-1187
2097	299	1485	-1186
2098	316	1473	-1157
2099	341	1496	-1155
2100	343	1498	-1155
2101	367	1483	-1116
2102	352	1482	-1130
2103	341	1495	-1154
2104	333	1504	-1171
2105	332	1502	-1170
2106	327	1509	-1182
2107	333	1499	-1166
2108	324	1495	-1171
2109	313	1490	-1177
2110	310	1496	-1186
2111	319	1489	-1170
2112	323	1492	-1169
2113	343	1492	-1149
2114	354	1488	-1134
2115	344	1487	-1143
2116	320	1491	-1171
2117	307	1489	-1182
2118	303	1498	-1195
2119	314	1498	-1184
2120	307	1506	-1199
2121	310	1500	-1190
2122	309	1506	-1197
2123	337	1487	-1150
2124	327	1502	-1175
2125	295	1516	-1221
2126	279	1508	-1229
2127	295	1500	-1205
2128	296	1503	-1207
2129	277	1496	-1219
2130	272	1476	-1204
2131	302	1506	-1204
2132	301	1514	-1213
2133	291	1499	-1208
2134	316	1502	-1186
2135	318	1489	-1171
2136	297	1486	-1189
2137	306	1488	-1182
2138	305	1514	-1209
2139	297	1508	-1211
2140	280	1498	-1218
2141	296	1491	-1195
2142	303	1487	-1184
2143	297	1484	-1187
2144	300	1501	-1201
2145	300	1501	-1201
2146	285	1492	-1207
2147	272	1498	-1226
2148	287	1506	-1219
2149	267	1497	-1230
2150	275	1492	-1217
2151	312	1495	-1183
2152	290	1501	-1211
2153	275	1489	-1214
2154	277	1483	-1206
2155	289	1475	-1186
2156	293	1488	-1195
2157	296	1495	-1199
2158	291	1487	-1196
2159	249	1490	-1241
2160	245	1491	-1246
2161	276	1486	-1210
2162	276	1491	-1215
2163	276	1493	-1217
2164	270	1489	-1219
2165	281	1500	-1219
2166	255	1505	-1250
2167	244	1496	-1252
2168	263	1479	-1216
2169	267	1491	-1224
2170	265	1489	-1224
2171	269	1491	-1222
2172	260	1490	-1230
2173	264	1489	-1225
2174	265	1495	-1230
2175	270	1482	-1212
2176	299	1486	-1187
2177	295	1493	-1198
2178	281	1495	-1214
2179	304	1478	-1174
2180	279	1473	-1194
2181	265	1476	-1211
2182	265	1484	-1219
2183	289	1497	-1208
2184	299	1495	-1196
2185	299	1483	-1184
2186	292	1476	-1184
2187	276	1485	-1209
2188	278	1478	-1200
2189	304	1486	-1182
2190	288	1502	-1214
2191	279	1500	-1221
2192	274	1474	-1200
2193	289	1481	-1192
2194	275	1492	-1217
2195	281	1486	-1205
2196	270	1492	-1222
2197	264	1488	-1224
2198	271	1478	-1207
2199	263	1468	-1205
2200	261	1467	-1206
2201	259	1493	-1234
2202	239	1503	-1264
2203	267	1482	-1215
2204	280	1473	-1193
2205	288	1495	-1207
2206	274	1501	-1227
2207	269	1501	-1232
2208	272	1496	-1224
2209	284	1488	-1204
2210	268	1503	-1235
2211	266	1486	-1220
2212	246	1459	-1213
2213	259	1468	-1209
2214	263	1494	-1231
2215	281	1501	-1220
2216	276	1495	-1219
2217	280	1489	-1209
2218	281	1497	-1216
2219	269	1488	-1219
2220	250	1476	-1226
2221	257	1481	-1224
2222	253	1481	-1228
2223	265	1479	-1214
2224	283	1485	-1202
2225	291	1487	-1196
2226	269	1476	-1207
2227	270	1482	-1212
2228	257	1469	-1212
2229	264	1470	-1206
2230	260	1486	-1226
2231	272	1481	-1209
2232	269	1475	-1206
2233	257	1465	-1208
2234	244	1481	-1237
2235	271	1481	-1210
2236	273	1476	-1203
2237	280	1475	-1195
2238	279	1490	-1211
2239	255	1491	-1236
2240	265	1491	-1226
2241	276	1485	-1209
2242	269	1465	-1196
2243	254	1476	-1222
2244	250	1484	-1234
2245	280	1491	-1211
2246	284	1493	-1209
2247	273	1489	-1216
2248	255	1487	-1232
2249	263	1480	-1217
2250	261	1470	-1209
2251	272	1475	-1203
2252	257	1477	-1220
2253	239	1472	-1233
2254	224	1476	-1252
2255	237	1471	-1234
2256	245	1471	-1226
2257	257	1473	-1216
2258	255	1475	-1220
2259	250	1470	-1220
2260	239	1473	-1234
2261	252	1474	-1222
2262	245	1458	-1213
2263	244	1437	-1193
2264	246	1450	-1204
2265	256	1456	-1200
2266	242	1480	-1238
2267	231	1490	-1259
2268	223	1480	-1257
2269	213	1459	-1246
2270	225	1468	-1243
2271	269	1473	-1204
2272	258	1478	-1220
2273	229	1476	-1247
2274	217	1485	-1268
2275	236	1469	-1233
2276	252	1480	-1228
2277	229	1502	-1273
2278	229	1500	-1271
2279	255	1475	-1220
2280	252	1472	-1220
2281	239	1469	-1230
2282	222	1475	-1253
2283	243	1472	-1229
2284	268	1484	-1216
2285	240	1481	-1241
2286	227	1468	-1241
2287	224	1484	-1260
2288	226	1483	-1257
2289	253	1478	-1225
2290	242	1471	-1229
2291	241	1473	-1232
2292	246	1462	-1216
2293	241	1466	-1225
2294	234	1489	-1255
2295	247	1486	-1239
2296	246	1476	-1230
2297	265	1461	-1196
2298	253	1457	-1204
2299	235	1467	-1232
2300	213	1477	-1264
2301	225	1472	-1247
2302	243	1481	-1238
2303	256	1478	-1222
2304	213	1489	-1276
2305	233	1480	-1247
2306	254	1460	-1206
2307	247	1466	-1219
2308	253	1472	-1219
2309	258	1493	-1235
2310	239	1485	-1246
2311	217	1472	-1255
2312	230	1462	-1232
2313	231	1461	-1230
2314	208	1486	-1278
2315	232	1472	-1240
2316	249	1466	-1217
2317	240	1470	-1230
2318	223	1466	-1243
2319	223	1477	-1254
2320	246	1489	-1243
2321	242	1495	-1253
2322	224	1481	-1257
2323	231	1466	-1235
2324	235	1461	-1226
2325	255	1463	-1208
2326	232	1469	-1237
2327	208	1483	-1275
2328	247	1496	-1249
2329	260	1485	-1225
2330	242	1470	-1228
2331	241	1474	-1233
2332	238	1489	-1251
2333	238	1482	-1244
2334	216	1479	-1263
2335	217	1494	-1277
2336	230	1484	-1254
2337	230	1465	-1235
2338	235	1484	-1249
2339	257	1484	-1227
2340	236	1484	-1248
2341	237	1480	-1243
2342	224	1488	-1264
2343	229	1478	-1249
2344	246	1457	-1211
2345	240	1478	-1238
2346	228	1483	-1255
2347	241	1468	-1227
2348	222	1476	-1254
2349	241	1471	-1230
2350	250	1462	-1212
2351	255	1466	-1211
2352	250	1473	-1223
2353	231	1467	-1236
2354	222	1479	-1257
2355	241	1471	-1230
2356	237	1481	-1244
2357	238	1487	-1249
2358	235	1484	-1249
2359	239	1480	-1241
2360	244	1470	-1226
2361	236	1458	-1222
2362	246	1476	-1230
2363	263	1477	-1214
2364	238	1457	-1219
2365	224	1460	-1236
2366	235	1484	-1249
2367	253	1483	-1230
2368	257	1491	-1234
2369	246	1478	-1232
2370	232	1463	-1231
2371	249	1468	-1219
2372	260	1458	-1198
2373	262	1465	-1203
2374	273	1482	-1209
2375	252	1466	-1214
2376	234	1460	-1226
2377	229	1465	-1236
2378	213	1457	-1244
2379	227	1460	-1233
2380	235	1460	-1225
2381	249	1457	-1208
2382	232	1472	-1240
2383	230	1468	-1238
2384	233	1462	-1229
2385	252	1452	-1200
2386	256	1455	-1199
2387	265	1466	-1201
2388	245	1450	-1205
2389	247	1465	-1218
2390	235	1468	-1233
2391	235	1467	-1232
2392	243	1462	-1219
2393	240	1463	-1223
2394	241	1475	-1234
2395	243	1472	-1229
2396	238	1473	-1235
2397	250	1476	-1226
2398	251	1472	-1221
2399	242	1465	-1223
2400	246	1478	-1232
2401	252	1474	-1222
2402	247	1473	-1226
2403	230	1469	-1239
2404	220	1467	-1247
2405	239	1475	-1236
2406	242	1463	-1221
2407	236	1470	-1234
2408	242	1459	-1217
2409	257	1470	-1213
2410	233	1477	-1244
2411	246	1474	-1228
2412	252	1476	-1224
2413	232	1480	-1248
2414	223	1467	-1244
2415	214	1470	-1256
2416	212	1467	-1255
2417	232	1463	-1231
2418	224	1465	-1241
2419	228	1460	-1232
2420	252	1471	-1219
2421	253	1451	-1198
2422	242	1462	-1220
2423	234	1462	-1228
2424	231	1470	-1239
2425	228	1470	-1242
2426	236	1464	-1228
2427	252	1454	-1202
2428	239	1457	-1218
2429	216	1459	-1243
2430	218	1459	-1241
2431	225	1463	-1238
2432	207	1473	-1266
2433	209	1476	-1267
2434	200	1468	-1268
2435	226	1448	-1222
2436	245	1463	-1218
2437	255	1468	-1213
2438	249	1445	-1196
2439	240	1451	-1211
2440	222	1467	-1245
2441	234	1452	-1218
2442	216	1459	-1243
2443	209	1461	-1252
2444	249	1460	-1211
2445	223	1463	-1240
2446	213	1458	-1245
2447	241	1459	-1218
2448	242	1476	-1234
2449	231	1471	-1240
2450	216	1444	-1228
2451	233	1457	-1224
2452	221	1464	-1243
2453	229	1453	-1224
2454	242	1460	-1218
2455	249	1457	-1208
2456	217	1446	-1229
2457	216	1462	-1246
2458	230	1459	-1229
2459	234	1456	-1222
2460	236	1461	-1225
2461	234	1458	-1224
2462	219	1449	-1230
2463	225	1450	-1225
2464	228	1452	-1224
2465	248	1457	-1209
2466	236	1452	-1216
2467	236	1439	-1203
2468	229	1451	-1222
2469	226	1467	-1241
2470	248	1464	-1216
2471	244	1431	-1187
2472	229	1453	-1224
2473	233	1449	-1216
2474	218	1435	-1217
2475	231	1450	-1219
2476	221	1460	-1239
2477	211	1458	-1247
2478	223	1468	-1245
2479	225	1476	-1251
2480	216	1456	-1240
2481	228	1446	-1218
2482	244	1440	-1196
2483	231	1442	-1211
2484	234	1460	-1226
2485	241	1457	-1216
2486	232	1454	-1222
2487	216	1452	-1236
2488	217	1448	-1231
2489	223	1453	-1230
2490	226	1444	-1218
2491	229	1443	-1214
2492	214	1455	-1241
2493	228	1453	-1225
2494	218	1451	-1233
2495	219	1439	-1220
2496	207	1447	-1240
2497	216	1452	-1236
2498	235	1453	-1218
2499	234	1456	-1222
2500	229	1447	-1218
2501	229	1448	-1219
2502	213	1454	-1241
2503	216	1454	-1238
2504	203	1453	-1250
2505	192	1443	-1251
2506	199	1444	-1245
2507	239	1443	-1204
2508	241	1438	-1197
2509	223	1449	-1226
2510	216	1455	-1239
2511	209	1450	-1241
2512	210	1456	-1246
2513	225	1461	-1236
2514	212	1466	-1254
2515	208	1454	-1246
2516	208	1445	-1237
2517	229	1442	-1213
2518	238	1435	-1197
2519	229	1451	-1222
2520	214	1441	-1227
2521	238	1415	-1177
2522	214	1449	-1235
2523	207	1456	-1249
2524	214	1448	-1234
2525	215	1441	-1226
2526	220	1450	-1230
2527	217	1434	-1217
2528	227	1455	-1228
2529	240	1458	-1218
2530	229	1459	-1230
2531	228	1458	-1230
2532	218	1438	-1220
2533	222	1448	-1226
2534	211	1447	-1236
2535	205	1443	-1238
2536	216	1443	-1227
2537	223	1432	-1209
2538	216	1442	-1226
2539	219	1443	-1224
2540	235	1450	-1215
2541	239	1448	-1209
2542	219	1447	-1228
2543	213	1451	-1238
2544	215	1460	-1245
2545	229	1458	-1229
2546	220	1451	-1231
2547	219	1452	-1233
2548	220	1458	-1238
2549	220	1444	-1224
2550	214	1451	-1237
2551	226	1457	-1231
2552	230	1460	-1230
2553	220	1457	-1237
2554	239	1452	-1213
2555	241	1453	-1212
2556	215	1455	-1240
2557	223	1456	-1233
2558	217	1442	-1225
2559	226	1444	-1218
2560	223	1447	-1224
2561	244	1447	-1203
2562	239	1446	-1207
2563	226	1442	-1216
2564	223	1444	-1221
2565	215	1441	-1226
2566	215	1437	-1222
2567	219	1445	-1226
2568	229	1446	-1217
2569	207	1438	-1231
2570	192	1445	-1253
2571	207	1441	-1234
2572	192	1436	-1244
2573	211	1426	-1215
2574	226	1437	-1211
2575	245	1431	-1186
2576	235	1453	-1218
2577	217	1445	-1228
2578	210	1426	-1216
2579	243	1435	-1192
2580	229	1440	-1211
2581	208	1429	-1221
2582	213	1439	-1226
2583	235	1428	-1193
2584	236	1427	-1191
2585	237	1440	-1203
2586	236	1442	-1206
2587	257	1439	-1182
2588	248	1444	-1196
2589	225	1434	-1209
2590	231	1434	-1203
2591	223	1440	-1217
2592	208	1438	-1230
2593	220	1437	-1217
2594	215	1434	-1219
2595	215	1429	-1214
2596	230	1431	-1201
2597	218	1440	-1222
2598	198	1433	-1235
2599	218	1445	-1227
2600	216	1458	-1242
2601	201	1435	-1234
2602	206	1432	-1226
2603	214	1435	-1221
2604	211	1440	-1229
2605	233	1449	-1216
2606	228	1451	-1223
2607	240	1448	-1208
2608	217	1453	-1236
2609	217	1440	-1223
2610	231	1426	-1195
2611	239	1435	-1196
2612	221	1449	-1228
2613	229	1438	-1209
2614	204	1443	-1239
2615	206	1424	-1218
2616	219	1428	-1209
2617	223	1440	-1217
2618	214	1445	-1231
2619	225	1459	-1234
2620	225	1444	-1219
2621	227	1446	-1219
2622	211	1453	-1242
2623	217	1444	-1227
2624	214	1455	-1241
2625	227	1458	-1231
2626	232	1445	-1213
2627	233	1430	-1197
2628	233	1444	-1211
2629	230	1454	-1224
2630	213	1432	-1219
2631	227	1425	-1198
2632	239	1427	-1188
2633	227	1418	-1191
2634	194	1437	-1243
2635	211	1453	-1242
2636	215	1447	-1232
2637	192	1443	-1251
2638	193	1442	-1249
2639	210	1446	-1236
2640	225	1448	-1223
2641	239	1443	-1204
2642	217	1426	-1209
2643	203	1426	-1223
2644	216	1436	-1220
2645	225	1435	-1210
2646	222	1455	-1233
2647	220	1458	-1238
2648	230	1436	-1206
2649	210	1432	-1222
2650	207	1432	-1225
2651	221	1422	-1201
2652	210	1434	-1224
2653	230	1441	-1211
2654	226	1437	-1211
2655	229	1430	-1201
2656	237	1424	-1187
2657	249	1406	-1157
2658	247	1436	-1189
2659	233	1456	-1223
2660	210	1440	-1230
2661	208	1443	-1235
2662	210	1448	-1238
2663	238	1453	-1215
2664	235	1429	-1194
2665	228	1426	-1198
2666	216	1445	-1229
2667	204	1449	-1245
2668	224	1423	-1199
2669	236	1431	-1195
2670	210	1443	-1233
2671	216	1444	-1228
2672	211	1435	-1224
2673	219	1445	-1226
2674	208	1450	-1242
2675	216	1438	-1222
2676	217	1419	-1202
2677	214	1435	-1221
2678	209	1453	-1244
2679	199	1445	-1246
2680	206	1439	-1233
2681	229	1440	-1211
2682	225	1437	-1212
2683	207	1437	-1230
2684	204	1444	-1240
2685	218	1436	-1218
2686	235	1439	-1204
2687	236	1449	-1213
2688	193	1455	-1262
2689	193	1447	-1254
2690	201	1444	-1243
2691	205	1447	-1242
2692	214	1445	-1231
2693	243	1427	-1184
2694	229	1435	-1206
2695	220	1433	-1213
2696	192	1415	-1223
2697	203	1436	-1233
2698	206	1435	-1229
2699	214	1430	-1216
2700	204	1427	-1223
2701	213	1423	-1210
2702	222	1427	-1205
2703	219	1419	-1200
2704	213	1425	-1212
2705	224	1439	-1215
2706	201	1442	-1241
2707	207	1430	-1223
2708	217	1422	-1205
2709	209	1428	-1219
2710	184	1427	-1243
2711	200	1433	-1233
2712	207	1433	-1226
2713	221	1429	-1208
2714	223	1436	-1213
2715	237	1439	-1202
2716	225	1441	-1216
2717	211	1439	-1228
2718	209	1440	-1231
2719	196	1451	-1255
2720	198	1462	-1264
2721	195	1448	-1253
2722	211	1425	-1214
2723	217	1431	-1214
2724	212	1441	-1229
2725	232	1431	-1199
2726	204	1435	-1231
2727	194	1442	-1248
2728	225	1440	-1215
2729	231	1418	-1187
2730	234	1426	-1192
2731	212	1430	-1218
2732	205	1416	-1211
2733	214	1438	-1224
2734	211	1441	-1230
2735	209	1426	-1217
2736	196	1419	-1223
2737	219	1430	-1211
2738	211	1435	-1224
2739	220	1429	-1209
2740	213	1440	-1227
2741	207	1429	-1222
2742	207	1407	-1200
2743	213	1408	-1195
2744	205	1416	-1211
2745	212	1429	-1217
2746	192	1424	-1232
2747	201	1425	-1224
2748	231	1435	-1204
2749	243	1428	-1185
2750	215	1434	-1219
2751	200	1440	-1240
2752	200	1437	-1237
2753	209	1435	-1226
2754	208	1437	-1229
2755	215	1439	-1224
2756	224	1429	-1205
2757	225	1426	-1201
2758	209	1430	-1221
2759	214	1415	-1201
2760	207	1423	-1216
2761	188	1427	-1239
2762	211	1431	-1220
2763	219	1418	-1199
2764	187	1416	-1229
2765	195	1424	-1229
2766	215	1426	-1211
2767	229	1414	-1185
2768	223	1418	-1195
2769	198	1427	-1229
2770	189	1427	-1238
2771	207	1415	-1208
2772	220	1412	-1192
2773	219	1424	-1205
2774	198	1425	-1227
2775	215	1410	-1195
2776	234	1429	-1195
2777	226	1434	-1208
2778	213	1406	-1193
2779	212	1418	-1206
2780	213	1427	-1214
2781	216	1411	-1195
2782	209	1414	-1205
2783	229	1419	-1190
2784	229	1423	-1194
2785	225	1438	-1213
2786	224	1439	-1215
2787	213	1423	-1210
2788	219	1415	-1196
2789	225	1412	-1187
2790	218	1408	-1190
2791	218	1420	-1202
2792	206	1425	-1219
2793	203	1425	-1222
2794	216	1427	-1211
2795	213	1420	-1207
2796	207	1424	-1217
2797	215	1425	-1210
2798	212	1432	-1220
2799	215	1430	-1215
2800	214	1420	-1206
2801	211	1401	-1190
2802	216	1432	-1216
2803	222	1441	-1219
2804	206	1434	-1228
2805	211	1417	-1206
2806	205	1417	-1212
2807	206	1428	-1222
2808	207	1428	-1221
2809	202	1412	-1210
2810	197	1412	-1215
2811	203	1418	-1215
2812	211	1422	-1211
2813	219	1402	-1183
2814	216	1404	-1188
2815	210	1408	-1198
2816	239	1413	-1174
2817	244	1418	-1174
2818	226	1417	-1191
2819	197	1410	-1213
2820	185	1406	-1221
2821	206	1397	-1191
2822	194	1412	-1218
2823	204	1418	-1214
2824	218	1408	-1190
2825	209	1411	-1202
2826	211	1408	-1197
2827	220	1421	-1201
2828	203	1416	-1213
2829	206	1421	-1215
2830	209	1411	-1202
2831	219	1417	-1198
2832	209	1412	-1203
2833	195	1408	-1213
2834	203	1424	-1221
2835	230	1422	-1192
2836	226	1424	-1198
2837	205	1424	-1219
2838	205	1420	-1215
2839	207	1422	-1215
2840	199	1432	-1233
2841	197	1435	-1238
2842	192	1419	-1227
2843	190	1406	-1216
2844	206	1397	-1191
2845	212	1410	-1198
2846	195	1428	-1233
2847	191	1417	-1226
2848	185	1394	-1209
2849	208	1400	-1192
2850	210	1402	-1192
2851	225	1424	-1199
2852	225	1432	-1207
2853	220	1416	-1196
2854	195	1424	-1229
2855	195	1415	-1220
2856	202	1406	-1204
2857	222	1415	-1193
2858	203	1405	-1202
2859	204	1399	-1195
2860	210	1405	-1195
2861	213	1413	-1200
2862	225	1401	-1176
2863	225	1394	-1169
2864	224	1405	-1181
2865	223	1404	-1181
2866	208	1401	-1193
2867	209	1410	-1201
2868	211	1417	-1206
2869	219	1425	-1206
2870	218	1412	-1194
2871	210	1406	-1196
2872	207	1409	-1202
2873	227	1402	-1175
2874	218	1410	-1192
2875	198	1412	-1214
2876	196	1404	-1208
2877	213	1424	-1211
2878	196	1426	-1230
2879	204	1396	-1192
2880	223	1410	-1187
2881	229	1419	-1190
2882	209	1399	-1190
2883	214	1407	-1193
2884	209	1410	-1201
2885	198	1423	-1225
2886	201	1418	-1217
2887	230	1427	-1197
2888	217	1417	-1200
2889	189	1401	-1212
2890	202	1411	-1209
2891	206	1389	-1183
2892	191	1403	-1212
2893	195	1416	-1221
2894	195	1417	-1222
2895	217	1401	-1184
2896	202	1397	-1195
2897	197	1419	-1222
2898	187	1398	-1211
2899	197	1389	-1192
2900	212	1409	-1197
2901	227	1412	-1185
2902	209	1397	-1188
2903	214	1405	-1191
2904	187	1424	-1237
2905	204	1413	-1209
2906	213	1412	-1199
2907	209	1395	-1186
2908	205	1396	-1191
2909	188	1411	-1223
2910	190	1409	-1219
2911	192	1414	-1222
2912	200	1410	-1210
2913	204	1409	-1205
2914	207	1425	-1218
2915	212	1405	-1193
2916	197	1398	-1201
2917	212	1391	-1179
2918	220	1406	-1186
2919	215	1397	-1182
2920	205	1389	-1184
2921	210	1394	-1184
2922	209	1399	-1190
2923	206	1407	-1201
2924	184	1410	-1226
2925	190	1408	-1218
2926	199	1410	-1211
2927	207	1401	-1194
2928	191	1397	-1206
2929	183	1403	-1220
2930	203	1384	-1181
2931	229	1383	-1154
2932	220	1405	-1185
2933	229	1406	-1177
2934	204	1409	-1205
2935	217	1404	-1187
2936	199	1414	-1215
2937	195	1398	-1203
2938	194	1398	-1204
2939	197	1394	-1197
2940	196	1386	-1190
2941	208	1412	-1204
2942	202	1414	-1212
2943	208	1411	-1203
2944	195	1402	-1207
2945	197	1398	-1201
2946	213	1393	-1180
2947	213	1391	-1178
2948	220	1408	-1188
2949	205	1409	-1204
2950	183	1417	-1234
2951	210	1403	-1193
2952	213	1401	-1188
2953	213	1410	-1197
2954	207	1400	-1193
2955	220	1399	-1179
2956	191	1385	-1194
2957	208	1405	-1197
2958	212	1415	-1203
2959	209	1400	-1191
2960	210	1385	-1175
2961	218	1383	-1165
2962	207	1390	-1183
2963	195	1404	-1209
2964	190	1409	-1219
2965	207	1402	-1195
2966	183	1404	-1221
2967	204	1416	-1212
2968	194	1374	-1180
2969	223	1387	-1164
2970	216	1392	-1176
2971	217	1390	-1173
2972	206	1389	-1183
2973	217	1398	-1181
2974	205	1393	-1188
2975	212	1408	-1196
2976	218	1402	-1184
2977	207	1377	-1170
2978	204	1385	-1181
2979	216	1401	-1185
2980	194	1395	-1201
2981	196	1414	-1218
2982	209	1414	-1205
2983	196	1408	-1212
2984	208	1397	-1189
2985	207	1391	-1184
2986	196	1403	-1207
2987	205	1398	-1193
2988	199	1405	-1206
2989	216	1418	-1202
2990	205	1399	-1194
2991	215	1394	-1179
2992	210	1409	-1199
2993	246	1408	-1162
2994	232	1416	-1184
2995	222	1401	-1179
2996	206	1397	-1191
2997	211	1403	-1192
2998	198	1406	-1208
2999	202	1405	-1203
3000	203	1396	-1193
3001	195	1383	-1188
3002	213	1374	-1161
3003	212	1388	-1176
3004	205	1400	-1195
3005	205	1395	-1190
3006	199	1377	-1178
3007	207	1373	-1166
3008	203	1402	-1199
3009	209	1384	-1175
3010	229	1378	-1149
3011	220	1402	-1182
3012	225	1398	-1173
3013	211	1405	-1194
3014	183	1405	-1222
3015	175	1393	-1218
3016	202	1391	-1189
3017	197	1393	-1196
3018	191	1395	-1204
3019	223	1390	-1167
3020	201	1374	-1173
3021	200	1386	-1186
3022	195	1388	-1193
3023	216	1393	-1177
3024	205	1400	-1195
3025	202	1390	-1188
3026	213	1385	-1172
3027	213	1380	-1167
3028	212	1400	-1188
3029	236	1407	-1171
3030	231	1385	-1154
3031	219	1386	-1167
3032	213	1397	-1184
3033	212	1391	-1179
3034	218	1369	-1151
3035	206	1355	-1149
3036	195	1365	-1170
3037	192	1387	-1195
3038	199	1398	-1199
3039	202	1383	-1181
3040	195	1379	-1184
3041	194	1393	-1199
3042	181	1385	-1204
3043	182	1385	-1203
3044	192	1398	-1206
3045	214	1404	-1190
3046	212	1402	-1190
3047	209	1379	-1170
3048	208	1379	-1171
3049	225	1380	-1155
3050	218	1374	-1156
3051	200	1387	-1187
3052	199	1390	-1191
3053	217	1404	-1187
3054	223	1416	-1193
3055	210	1390	-1180
3056	190	1397	-1207
3057	202	1395	-1193
3058	207	1386	-1179
3059	216	1386	-1170
3060	217	1393	-1176
3061	206	1391	-1185
3062	188	1389	-1201
3063	196	1384	-1188
3064	190	1394	-1204
3065	211	1400	-1189
3066	223	1400	-1177
3067	216	1389	-1173
3068	215	1387	-1172
3069	192	1384	-1192
3070	197	1392	-1195
3071	220	1384	-1164
3072	215	1384	-1169
3073	214	1391	-1177
3074	194	1376	-1182
3075	212	1391	-1179
3076	221	1403	-1182
3077	206	1388	-1182
3078	187	1388	-1201
3079	218	1393	-1175
3080	227	1388	-1161
3081	226	1368	-1142
3082	220	1379	-1159
3083	230	1390	-1160
3084	206	1402	-1196
3085	219	1391	-1172
3086	228	1381	-1153
3087	220	1385	-1165
3088	225	1385	-1160
3089	233	1392	-1159
3090	208	1386	-1178
3091	198	1385	-1187
3092	197	1377	-1180
3093	206	1383	-1177
3094	205	1378	-1173
3095	200	1375	-1175
3096	196	1392	-1196
3097	229	1398	-1169
3098	220	1406	-1186
3099	223	1405	-1182
3100	206	1377	-1171
3101	198	1383	-1185
3102	214	1388	-1174
3103	233	1383	-1150
3104	217	1393	-1176
3105	229	1384	-1155
3106	207	1364	-1157
3107	207	1378	-1171
3108	217	1370	-1153
3109	217	1356	-1139
3110	203	1370	-1167
3111	209	1382	-1173
3112	209	1385	-1176
3113	218	1369	-1151
3114	204	1371	-1167
3115	214	1375	-1161
3116	202	1382	-1180
3117	172	1381	-1209
3118	192	1387	-1195
3119	209	1376	-1167
3120	207	1367	-1160
3121	214	1375	-1161
3122	222	1379	-1157
3123	227	1379	-1152
3124	214	1386	-1172
3125	225	1371	-1146
3126	238	1380	-1142
3127	239	1390	-1151
3128	222	1376	-1154
3129	197	1372	-1175
3130	212	1392	-1180
3131	220	1382	-1162
3132	231	1381	-1150
3133	237	1389	-1152
3134	212	1379	-1167
3135	220	1387	-1167
3136	222	1393	-1171
3137	216	1387	-1171
3138	219	1379	-1160
3139	218	1377	-1159
3140	209	1365	-1156
3141	217	1362	-1145
3142	229	1361	-1132
3143	240	1374	-1134
3144	223	1382	-1159
3145	207	1373	-1166
3146	193	1371	-1178
3147	204	1363	-1159
3148	208	1379	-1171
3149	212	1392	-1180
3150	212	1379	-1167
3151	218	1365	-1147
3152	223	1366	-1143
3153	222	1368	-1146
3154	201	1372	-1171
3155	224	1381	-1157
3156	215	1374	-1159
3157	216	1382	-1166
3158	202	1381	-1179
3159	206	1370	-1164
3160	219	1378	-1159
3161	221	1368	-1147
3162	229	1367	-1138
3163	214	1355	-1141
3164	217	1378	-1161
3165	226	1372	-1146
3166	209	1368	-1159
3167	212	1380	-1168
3168	211	1387	-1176
3169	206	1358	-1152
3170	201	1364	-1163
3171	215	1385	-1170
3172	206	1378	-1172
3173	205	1370	-1165
3174	211	1362	-1151
3175	219	1360	-1141
3176	209	1370	-1161
3177	211	1368	-1157
3178	208	1373	-1165
3179	225	1361	-1136
3180	220	1342	-1122
3181	219	1344	-1125
3182	212	1363	-1151
3183	193	1366	-1173
3184	198	1379	-1181
3185	218	1356	-1138
3186	208	1358	-1150
3187	205	1365	-1160
3188	206	1338	-1132
3189	225	1359	-1134
3190	227	1372	-1145
3191	216	1364	-1148
3192	206	1371	-1165
3193	208	1374	-1166
3194	195	1365	-1170
3195	207	1358	-1151
3196	203	1359	-1156
3197	217	1368	-1151
3198	211	1394	-1183
3199	217	1391	-1174
3200	234	1369	-1135
3201	219	1356	-1137
3202	203	1357	-1154
3203	202	1363	-1161
3204	172	1361	-1189
3205	210	1355	-1145
3206	225	1355	-1130
3207	212	1354	-1142
3208	206	1354	-1148
3209	203	1358	-1155
3210	196	1377	-1181
3211	195	1363	-1168
3212	181	1367	-1186
3213	196	1371	-1175
3214	181	1369	-1188
3215	191	1361	-1170
3216	207	1356	-1149
3217	209	1369	-1160
3218	217	1383	-1166
3219	224	1368	-1144
3220	206	1353	-1147
3221	208	1354	-1146
3222	195	1366	-1171
3223	222	1352	-1130
3224	233	1366	-1133
3225	231	1368	-1137
3226	225	1356	-1131
3227	229	1362	-1133
3228	211	1352	-1141
3229	206	1365	-1159
3230	208	1358	-1150
3231	232	1357	-1125
3232	219	1348	-1129
3233	225	1353	-1128
3234	205	1376	-1171
3235	199	1364	-1165
3236	221	1361	-1140
3237	206	1371	-1165
3238	192	1347	-1155
3239	207	1341	-1134
3240	195	1358	-1163
3241	196	1361	-1165
3242	210	1368	-1158
3243	218	1350	-1132
3244	208	1361	-1153
3245	220	1361	-1141
3246	207	1370	-1163
3247	211	1359	-1148
3248	211	1347	-1136
3249	202	1349	-1147
3250	205	1372	-1167
3251	209	1358	-1149
3252	185	1362	-1177
3253	191	1396	-1205
3254	214	1375	-1161
3255	207	1358	-1151
3256	218	1354	-1136
3257	228	1347	-1119
3258	221	1357	-1136
3259	215	1365	-1150
3260	219	1345	-1126
3261	229	1349	-1120
3262	205	1336	-1131
3263	214	1350	-1136
3264	222	1362	-1140
3265	219	1355	-1136
3266	217	1351	-1134
3267	232	1349	-1117
3268	217	1364	-1147
3269	212	1364	-1152
3270	235	1347	-1112
3271	219	1342	-1123
3272	189	1342	-1153
3273	207	1339	-1132
3274	220	1349	-1129
3275	215	1354	-1139
3276	211	1349	-1138
3277	198	1335	-1137
3278	217	1346	-1129
3279	222	1345	-1123
3280	202	1340	-1138
3281	203	1350	-1147
3282	195	1363	-1168
3283	217	1354	-1137
3284	223	1348	-1125
3285	223	1347	-1124
3286	213	1351	-1138
3287	207	1353	-1146
3288	199	1334	-1135
3289	197	1346	-1149
3290	190	1342	-1152
3291	188	1351	-1163
3292	216	1345	-1129
3293	237	1332	-1095
3294	208	1322	-1114
3295	198	1321	-1123
3296	207	1333	-1126
3297	215	1323	-1108
3298	219	1331	-1112
3299	211	1342	-1131
3300	203	1330	-1127
3301	221	1338	-1117
3302	234	1343	-1109
3303	227	1327	-1100
3304	213	1324	-1111
3305	195	1323	-1128
3306	196	1317	-1121
3307	224	1325	-1101
3308	236	1341	-1105
3309	239	1340	-1101
3310	216	1342	-1126
3311	204	1329	-1125
3312	202	1341	-1139
3313	212	1327	-1115
3314	220	1332	-1112
3315	218	1338	-1120
3316	204	1330	-1126
3317	229	1339	-1110
3318	221	1344	-1123
3319	212	1337	-1125
3320	196	1325	-1129
3321	212	1338	-1126
3322	206	1339	-1133
3323	201	1331	-1130
3324	190	1340	-1150
3325	207	1348	-1141
3326	201	1344	-1143
3327	197	1336	-1139
3328	204	1331	-1127
3329	205	1349	-1144
3330	194	1338	-1144
3331	195	1334	-1139
3332	196	1338	-1142
3333	211	1327	-1116
3334	231	1323	-1092
3335	219	1325	-1106
3336	202	1318	-1116
3337	218	1318	-1100
3338	206	1340	-1134
3339	220	1343	-1123
3340	226	1333	-1107
3341	215	1329	-1114
3342	205	1319	-1114
3343	214	1314	-1100
3344	210	1320	-1110
3345	213	1322	-1109
3346	201	1336	-1135
3347	214	1335	-1121
3348	226	1343	-1117
3349	219	1313	-1094
3350	219	1318	-1099
3351	210	1331	-1121
3352	197	1322	-1125
3353	190	1317	-1127
3354	199	1317	-1118
3355	211	1304	-1093
3356	213	1320	-1107
3357	221	1329	-1108
3358	228	1328	-1100
3359	212	1314	-1102
3360	208	1300	-1092
3361	215	1316	-1101
3362	188	1329	-1141
3363	193	1324	-1131
3364	201	1320	-1119
3365	214	1309	-1095
3366	186	1304	-1118
3367	192	1285	-1093
3368	226	1297	-1071
3369	232	1320	-1088
3370	204	1325	-1121
3371	205	1320	-1115
3372	207	1304	-1097
3373	205	1312	-1107
3374	210	1325	-1115
3375	204	1318	-1114
3376	188	1317	-1129
3377	206	1313	-1107
3378	200	1313	-1113
3379	219	1314	-1095
3380	225	1307	-1082
3381	221	1316	-1095
3382	215	1311	-1096
3383	212	1304	-1092
3384	219	1294	-1075
3385	228	1299	-1071
3386	207	1294	-1087
3387	195	1292	-1097
3388	207	1304	-1097
3389	209	1318	-1109
3390	193	1306	-1113
3391	211	1304	-1093
3392	211	1313	-1102
3393	206	1315	-1109
3394	209	1312	-1103
3395	215	1306	-1091
3396	219	1287	-1068
3397	203	1292	-1089
3398	202	1301	-1099
3399	224	1308	-1084
3400	229	1302	-1073
3401	237	1306	-1069
3402	231	1299	-1068
3403	228	1277	-1049
3404	216	1293	-1077
3405	216	1283	-1067
3406	205	1289	-1084
3407	187	1288	-1101
3408	198	1266	-1068
3409	212	1281	-1069
3410	214	1298	-1084
3411	202	1302	-1100
3412	218	1305	-1087
3413	228	1287	-1059
3414	216	1297	-1081
3415	205	1300	-1095
3416	210	1301	-1091
3417	200	1300	-1100
3418	209	1289	-1080
3419	227	1284	-1057
3420	201	1292	-1091
3421	212	1278	-1066
3422	224	1273	-1049
3423	210	1263	-1053
3424	198	1279	-1081
3425	204	1269	-1065
3426	219	1274	-1055
3427	227	1288	-1061
3428	227	1282	-1055
3429	218	1276	-1058
3430	220	1266	-1046
3431	217	1272	-1055
3432	218	1270	-1052
3433	224	1291	-1067
3434	211	1295	-1084
3435	207	1272	-1065
3436	222	1265	-1043
3437	235	1282	-1047
3438	211	1272	-1061
3439	214	1264	-1050
3440	207	1275	-1068
3441	223	1279	-1056
3442	210	1283	-1073
3443	226	1278	-1052
3444	224	1275	-1051
3445	220	1282	-1062
3446	223	1270	-1047
3447	206	1268	-1062
3448	194	1264	-1070
3449	219	1271	-1052
3450	208	1276	-1068
3451	233	1282	-1049
3452	208	1280	-1072
3453	224	1274	-1050
3454	226	1281	-1055
3455	207	1265	-1058
3456	209	1271	-1062
3457	249	1270	-1021
3458	239	1261	-1022
3459	228	1255	-1027
3460	195	1266	-1071
3461	205	1264	-1059
3462	214	1261	-1047
3463	234	1242	-1008
3464	216	1244	-1028
3465	224	1245	-1021
3466	201	1247	-1046
3467	213	1248	-1035
3468	213	1265	-1052
3469	211	1258	-1047
3470	201	1244	-1043
3471	195	1238	-1043
3472	208	1257	-1049
3473	221	1264	-1043
3474	208	1257	-1049
3475	214	1248	-1034
3476	215	1246	-1031
3477	216	1250	-1034
3478	201	1233	-1032
3479	203	1245	-1042
3480	224	1258	-1034
3481	244	1255	-1011
3482	225	1248	-1023
3483	225	1262	-1037
3484	203	1257	-1054
3485	216	1246	-1030
3486	209	1239	-1030
3487	196	1239	-1043
3488	186	1256	-1070
3489	211	1270	-1059
3490	217	1250	-1033
3491	228	1237	-1009
3492	223	1251	-1028
3493	242	1265	-1023
3494	233	1246	-1013
3495	221	1231	-1010
3496	218	1237	-1019
3497	234	1241	-1007
3498	220	1244	-1024
3499	209	1240	-1031
3500	198	1245	-1047
3501	209	1237	-1028
3502	226	1239	-1013
3503	228	1231	-1003
3504	211	1225	-1014
3505	221	1233	-1012
3506	211	1246	-1035
3507	199	1251	-1052
3508	214	1236	-1022
3509	227	1224	-997
3510	208	1239	-1031
3511	221	1239	-1018
3512	214	1225	-1011
3513	207	1234	-1027
3514	207	1244	-1037
3515	219	1242	-1023
3516	213	1241	-1028
3517	196	1239	-1043
3518	207	1240	-1033
3519	219	1235	-1016
3520	220	1237	-1017
3521	213	1238	-1025
3522	190	1243	-1053
3523	201	1234	-1033
3524	209	1231	-1022
3525	185	1230	-1045
3526	174	1230	-1056
3527	211	1224	-1013
3528	210	1216	-1006
3529	212	1223	-1011
3530	202	1227	-1025
3531	202	1224	-1022
3532	212	1231	-1019
3533	200	1235	-1035
3534	203	1227	-1024
3535	210	1236	-1026
3536	207	1222	-1015
3537	208	1219	-1011
3538	218	1240	-1022
3539	222	1240	-1018
3540	213	1217	-1004
3541	224	1203	-979
3542	205	1205	-1000
3543	219	1218	-999
3544	216	1234	-1018
3545	227	1208	-981
3546	214	1208	-994
3547	214	1211	-997
3548	212	1214	-1002
3549	232	1224	-992
3550	228	1220	-992
3551	223	1218	-995
3552	212	1213	-1001
3553	207	1215	-1008
3554	210	1226	-1016
3555	240	1235	-995
3556	235	1239	-1004
3557	218	1228	-1010
3558	207	1230	-1023
3559	221	1237	-1016
3560	205	1230	-1025
3561	205	1218	-1013
3562	225	1207	-982
3563	224	1205	-981
3564	234	1210	-976
3565	217	1213	-996
3566	198	1222	-1024
3567	224	1228	-1004
3568	209	1220	-1011
3569	213	1205	-992
3570	228	1212	-984
3571	210	1198	-988
3572	214	1201	-987
3573	221	1204	-983
3574	207	1198	-991
3575	224	1201	-977
3576	215	1205	-990
3577	205	1215	-1010
3578	211	1220	-1009
3579	216	1214	-998
3580	193	1203	-1010
3581	200	1202	-1002
3582	218	1195	-977
3583	231	1198	-967
3584	204	1207	-1003
3585	201	1185	-984
3586	181	1192	-1011
3587	211	1199	-988
3588	216	1209	-993
3589	219	1196	-977
3590	227	1202	-975
3591	225	1188	-963
3592	201	1195	-994
3593	196	1182	-986
3594	207	1184	-977
3595	215	1198	-983
3596	200	1210	-1010
3597	217	1205	-988
3598	198	1204	-1006
3599	214	1188	-974
3600	236	1182	-946
3601	232	1192	-960
3602	204	1193	-989
3603	217	1187	-970
3604	212	1189	-977
3605	216	1188	-972
3606	208	1182	-974
3607	213	1186	-973
3608	218	1193	-975
3609	222	1196	-974
3610	218	1199	-981
3611	215	1187	-972
3612	207	1191	-984
3613	209	1186	-977
3614	205	1187	-982
3615	209	1176	-967
3616	197	1176	-979
3617	205	1189	-984
3618	193	1186	-993
3619	209	1177	-968
3620	202	1180	-978
3621	200	1175	-975
3622	194	1174	-980
3623	205	1178	-973
3624	197	1170	-973
3625	193	1176	-983
3626	206	1182	-976
3627	208	1178	-970
3628	225	1171	-946
3629	225	1170	-945
3630	214	1187	-973
3631	219	1189	-970
3632	207	1187	-980
3633	202	1182	-980
3634	211	1184	-973
3635	208	1185	-977
3636	185	1172	-987
3637	206	1179	-973
3638	229	1173	-944
3639	231	1160	-929
3640	228	1159	-931
3641	223	1179	-956
3642	207	1187	-980
3643	211	1169	-958
3644	204	1170	-966
3645	221	1179	-958
3646	215	1179	-964
3647	219	1171	-952
3648	220	1184	-964
