index	original	background	difference
-----------------------------------------------------
1	8176	470	7706
2	8208	480	7728
3	8186	475	7711
4	8108	459	7649
5	8130	468	7662
6	8131	468	7663
7	8024	470	7554
8	8014	462	7552
9	8157	474	7683
10	8115	474	7641
11	8061	480	7581
12	8127	480	7647
13	8137	479	7658
14	8074	464	7610
15	8081	469	7612
16	8122	468	7654
17	8121	470	7651
18	8066	472	7594
19	7983	473	7510
20	8149	476	7673
21	8101	479	7622
22	7999	478	7521
23	7967	480	7487
24	8012	477	7535
25	7999	474	7525
26	8059	478	7581
27	8103	474	7629
28	8124	478	7646
29	8064	485	7579
30	8122	496	7626
31	8151	489	7662
32	8074	487	7587
33	8074	496	7578
34	8187	493	7694
35	8205	484	7721
36	8168	472	7696
37	8193	481	7712
38	8212	488	7724
39	8202	490	7712
40	8252	477	7775
41	8249	490	7759
42	8279	484	7795
43	8287	479	7808
44	8350	488	7862
45	8368	490	7878
46	8400	496	7904
47	8390	500	7890
48	8450	494	7956
49	8521	493	8028
50	8516	505	8011
51	8518	503	8015
52	8554	507	8047
53	8506	502	8004
54	8559	497	8062
55	8564	492	8072
56	8525	493	8032
57	8490	505	7985
58	8460	504	7956
59	8550	505	8045
60	8552	498	8054
61	8578	496	8082
62	8541	494	8047
63	8503	496	8007
64	8514	506	8008
65	8505	512	7993
66	8472	505	7967
67	8518	501	8017
68	8550	503	8047
69	8562	519	8043
70	8578	516	8062
71	8553	518	8035
72	8523	511	8012
73	8562	512	8050
74	8565	523	8042
75	8599	521	8078
76	8594	514	8080
77	8450	520	7930
78	8514	509	8005
79	8600	512	8088
80	8654	510	8144
81	8658	511	8147
82	8586	504	8082
83	8516	493	8023
84	8530	500	8030
85	8579	513	8066
86	8576	526	8050
87	8541	526	8015
88	8446	523	7923
89	8467	515	7952
90	8536	519	8017
91	8532	520	8012
92	8500	514	7986
93	8443	516	7927
94	8415	521	7894
95	8427	514	7913
96	8354	518	7836
97	8347	515	7832
98	8314	519	7795
99	8336	514	7822
100	8327	516	7811
101	8282	515	7767
102	8173	503	7670
103	8145	507	7638
104	8143	524	7619
105	8106	532	7574
106	8037	530	7507
107	8013	532	7481
108	7948	520	7428
109	7960	522	7438
110	7965	524	7441
111	7948	527	7421
112	7849	521	7328
113	7726	528	7198
114	7748	526	7222
115	7775	513	7262
116	7636	524	7112
117	7653	527	7126
118	7618	524	7094
119	7575	526	7049
120	7529	522	7007
121	7517	528	6989
122	7513	537	6976
123	7413	529	6884
124	7388	519	6869
125	7404	525	6879
126	7486	527	6959
127	7370	523	6847
128	7251	513	6738
129	7253	513	6740
130	7259	525	6734
131	7224	526	6698
132	7169	515	6654
133	7134	513	6621
134	7180	518	6662
135	7199	523	6676
136	7246	528	6718
137	7249	523	6726
138	7171	532	6639
139	7220	536	6684
140	7213	540	6673
141	7150	533	6617
142	7123	533	6590
143	7047	529	6518
144	7029	519	6510
145	7065	524	6541
146	7040	537	6503
147	6986	541	6445
148	6910	530	6380
149	6921	528	6393
150	6959	527	6432
151	6913	536	6377
152	6853	528	6325
153	6844	520	6324
154	6836	533	6303
155	6809	530	6279
156	6794	533	6261
157	6786	539	6247
158	6752	532	6220
159	6756	534	6222
160	6742	536	6206
161	6713	533	6180
162	6697	533	6164
163	6624	532	6092
164	6708	540	6168
165	6677	538	6139
166	6595	537	6058
167	6645	534	6111
168	6744	529	6215
169	6651	536	6115
170	6604	530	6074
171	6641	540	6101
172	6620	539	6081
173	6663	531	6132
174	6698	535	6163
175	6646	547	6099
176	6591	546	6045
177	6636	541	6095
178	6648	534	6114
179	6668	539	6129
180	6666	540	6126
181	6635	547	6088
182	6730	541	6189
183	6786	535	6251
184	6731	532	6199
185	6667	526	6141
186	6657	541	6116
187	6725	541	6184
188	6861	538	6323
189	6823	539	6284
190	6876	533	6343
191	6939	532	6407
192	6961	532	6429
193	6897	543	6354
194	6943	551	6392
195	6922	552	6370
196	6906	536	6370
197	6981	543	6438
198	7009	552	6457
199	6996	554	6442
200	7036	547	6489
201	7029	550	6479
202	6945	543	6402
203	7025	534	6491
204	7064	532	6532
205	7083	535	6548
206	7117	539	6578
207	7095	552	6543
208	7152	548	6604
209	7150	551	6599
210	7118	541	6577
211	7188	528	6660
212	7272	533	6739
213	7191	540	6651
214	7255	544	6711
215	7311	544	6767
216	7240	543	6697
217	7258	541	6717
218	7291	536	6755
219	7360	527	6833
220	7337	534	6803
221	7313	551	6762
222	7342	548	6794
223	7285	540	6745
224	7312	529	6783
225	7292	533	6759
226	7307	539	6768
227	7360	548	6812
228	7366	547	6819
229	7409	547	6862
230	7391	549	6842
231	7451	541	6910
232	7388	526	6862
233	7267	535	6732
234	7367	548	6819
235	7407	544	6863
236	7300	540	6760
237	7254	543	6711
238	7336	530	6806
239	7361	538	6823
240	7378	533	6845
241	7411	540	6871
242	7363	541	6822
243	7373	547	6826
244	7336	537	6799
245	7319	537	6782
246	7360	548	6812
247	7331	551	6780
248	7250	549	6701
249	7274	554	6720
250	7320	549	6771
251	7300	549	6751
252	7208	555	6653
253	7183	553	6630
254	7269	546	6723
255	7232	543	6689
256	7201	555	6646
257	7210	555	6655
258	7182	540	6642
259	7141	545	6596
260	7240	547	6693
261	7243	528	6715
262	7197	546	6651
263	7139	562	6577
264	7174	547	6627
265	7207	549	6658
266	7143	558	6585
267	7183	552	6631
268	7140	541	6599
269	7014	551	6463
270	7093	550	6543
271	7146	549	6597
272	7090	547	6543
273	7057	553	6504
274	7097	546	6551
275	7122	555	6567
276	7151	544	6607
277	7064	550	6514
278	7074	540	6534
279	7099	543	6556
280	7093	542	6551
281	7056	548	6508
282	6996	537	6459
283	6951	552	6399
284	6964	560	6404
285	6936	555	6381
286	6914	551	6363
287	6950	540	6410
288	6843	539	6304
289	6723	546	6177
290	6737	549	6188
291	6726	557	6169
292	6767	549	6218
293	6773	549	6224
294	6772	547	6225
295	6740	548	6192
296	6743	548	6195
297	6824	545	6279
298	6796	541	6255
299	6769	555	6214
300	6763	553	6210
301	6800	553	6247
302	6792	543	6249
303	6685	543	6142
304	6665	551	6114
305	6705	547	6158
306	6743	555	6188
307	6654	552	6102
308	6715	544	6171
309	6800	551	6249
310	6762	554	6208
311	6758	545	6213
312	6765	542	6223
313	6729	539	6190
314	6673	552	6121
315	6637	562	6075
316	6666	565	6101
317	6647	547	6100
318	6650	546	6104
319	6621	553	6068
320	6638	549	6089
321	6700	548	6152
322	6629	548	6081
323	6679	549	6130
324	6752	543	6209
325	6739	544	6195
326	6689	557	6132
327	6745	564	6181
328	6719	552	6167
329	6689	549	6140
330	6727	551	6176
331	6797	550	6247
332	6773	545	6228
333	6803	553	6250
334	6877	549	6328
335	6904	545	6359
336	6921	556	6365
337	6935	565	6370
338	6929	550	6379
339	6886	539	6347
340	6964	548	6416
341	6988	540	6448
342	6950	543	6407
343	7014	553	6461
344	7059	555	6504
345	7165	554	6611
346	7189	557	6632
347	7176	556	6620
348	7194	550	6644
349	7218	552	6666
350	7165	554	6611
351	7226	547	6679
352	7226	545	6681
353	7325	546	6779
354	7285	546	6739
355	7338	557	6781
356	7383	553	6830
357	7391	544	6847
358	7386	541	6845
359	7520	546	6974
360	7566	550	7016
361	7559	564	6995
362	7589	563	7026
363	7651	558	7093
364	7656	545	7111
365	7664	555	7109
366	7749	560	7189
367	7855	557	7298
368	7927	551	7376
369	7866	555	7311
370	7747	559	7188
371	7788	553	7235
372	7924	551	7373
373	7969	542	7427
374	7939	549	7390
375	7916	548	7368
376	7927	545	7382
377	7950	554	7396
378	7879	550	7329
379	7861	547	7314
380	7899	549	7350
381	7964	542	7422
382	7929	550	7379
383	7935	562	7373
384	7871	567	7304
385	7874	564	7310
386	7952	554	7398
387	7884	564	7320
388	7875	546	7329
389	7863	547	7316
390	7874	549	7325
391	7890	548	7342
392	7964	554	7410
393	7932	550	7382
394	7901	554	7347
395	7904	552	7352
396	7955	552	7403
397	7964	556	7408
398	7961	556	7405
399	7983	559	7424
400	7907	558	7349
401	7987	563	7424
402	8036	556	7480
403	7998	551	7447
404	8035	548	7487
405	8016	547	7469
406	8018	552	7466
407	8055	546	7509
408	8103	550	7553
409	8131	550	7581
410	8107	548	7559
411	8132	551	7581
412	8107	547	7560
413	8113	552	7561
414	8078	550	7528
415	8184	554	7630
416	8140	549	7591
417	8049	546	7503
418	8076	563	7513
419	8118	571	7547
420	8083	562	7521
421	7948	563	7385
422	7944	565	7379
423	7994	549	7445
424	7888	548	7340
425	7933	553	7380
426	7915	542	7373
427	7839	551	7288
428	7942	547	7395
429	7991	543	7448
430	7831	559	7272
431	7773	561	7212
432	7859	547	7312
433	7815	550	7265
434	7737	549	7188
435	7726	545	7181
436	7647	556	7091
437	7606	557	7049
438	7615	545	7070
439	7559	553	7006
440	7517	562	6955
441	7499	555	6944
442	7458	545	6913
443	7523	552	6971
444	7511	563	6948
445	7444	569	6875
446	7393	570	6823
447	7462	556	6906
448	7373	538	6835
449	7287	540	6747
450	7334	544	6790
451	7272	556	6716
452	7186	562	6624
453	7186	561	6625
454	7165	565	6600
455	7108	548	6560
456	7057	551	6506
457	6990	556	6434
458	7021	550	6471
459	6919	550	6369
460	6920	550	6370
461	6933	551	6382
462	6916	558	6358
463	6830	550	6280
464	6811	557	6254
465	6873	555	6318
466	6899	544	6355
467	6892	555	6337
468	6848	558	6290
469	6760	563	6197
470	6796	559	6237
471	6759	554	6205
472	6747	555	6192
473	6710	547	6163
474	6651	551	6100
475	6623	557	6066
476	6576	559	6017
477	6643	556	6087
478	6643	557	6086
479	6607	564	6043
480	6623	554	6069
481	6585	557	6028
482	6554	557	5997
483	6521	550	5971
484	6566	553	6013
485	6622	554	6068
486	6533	547	5986
487	6511	558	5953
488	6534	563	5971
489	6508	554	5954
490	6495	548	5947
491	6544	548	5996
492	6548	547	6001
493	6566	554	6012
494	6645	552	6093
495	6597	552	6045
496	6567	548	6019
497	6599	553	6046
498	6592	550	6042
499	6606	555	6051
500	6679	561	6118
501	6651	549	6102
502	6692	542	6150
503	6651	552	6099
504	6628	554	6074
505	6688	552	6136
506	6626	566	6060
507	6662	555	6107
508	6697	542	6155
509	6696	550	6146
510	6780	561	6219
511	6799	560	6239
512	6795	559	6236
513	6805	571	6234
514	6815	563	6252
515	6869	558	6311
516	6867	564	6303
517	6877	553	6324
518	6858	560	6298
519	6828	564	6264
520	6876	561	6315
521	6925	555	6370
522	6890	544	6346
523	6916	552	6364
524	6921	554	6367
525	6858	553	6305
526	6937	557	6380
527	6976	552	6424
528	6948	556	6392
529	6905	562	6343
530	6970	550	6420
531	6945	557	6388
532	6960	557	6403
533	7005	547	6458
534	7021	557	6464
535	7056	563	6493
536	7033	552	6481
537	7037	560	6477
538	7030	553	6477
539	7067	556	6511
540	7090	560	6530
541	7058	558	6500
542	7033	549	6484
543	7149	547	6602
544	7159	553	6606
545	7141	559	6582
546	7233	555	6678
547	7240	553	6687
548	7296	546	6750
549	7244	554	6690
550	7177	550	6627
551	7283	535	6748
552	7301	527	6774
553	7296	544	6752
554	7291	556	6735
555	7325	566	6759
556	7367	565	6802
557	7390	547	6843
558	7334	548	6786
559	7309	558	6751
560	7325	555	6770
561	7400	557	6843
562	7463	550	6913
563	7490	542	6948
564	7498	544	6954
565	7527	544	6983
566	7525	551	6974
567	7535	557	6978
568	7569	557	7012
569	7651	556	7095
570	7642	559	7083
571	7636	559	7077
572	7707	558	7149
573	7794	554	7240
574	7811	555	7256
575	7806	554	7252
576	7776	552	7224
577	7768	554	7214
578	7813	554	7259
579	7788	548	7240
580	7855	546	7309
581	7850	551	7299
582	7903	545	7358
583	7955	561	7394
584	7951	563	7388
585	8048	544	7504
586	8129	551	7578
587	8041	554	7487
588	8003	556	7447
589	8109	552	7557
590	8096	557	7539
591	8092	557	7535
592	8136	551	7585
593	8124	548	7576
594	8180	554	7626
595	8257	556	7701
596	8151	550	7601
597	8111	548	7563
598	8222	541	7681
599	8304	551	7753
600	8253	551	7702
601	8214	552	7662
602	8160	559	7601
603	8235	562	7673
604	8216	556	7660
605	8131	558	7573
606	8076	561	7515
607	8049	547	7502
608	8008	546	7462
609	8033	548	7485
610	7994	556	7438
611	7931	554	7377
612	8028	555	7473
613	7999	552	7447
614	7864	551	7313
615	7918	546	7372
616	7944	559	7385
617	7881	557	7324
618	7842	572	7270
619	7830	557	7273
620	7869	537	7332
621	7890	541	7349
622	7704	540	7164
623	7734	541	7193
624	7689	546	7143
625	7637	561	7076
626	7701	560	7141
627	7613	554	7059
628	7624	544	7080
629	7617	547	7070
630	7623	545	7078
631	7614	535	7079
632	7568	533	7035
633	7562	551	7011
634	7552	560	6992
635	7531	557	6974
636	7447	565	6882
637	7469	550	6919
638	7491	549	6942
639	7488	552	6936
640	7447	549	6898
641	7512	551	6961
642	7553	538	7015
643	7532	551	6981
644	7440	558	6882
645	7406	555	6851
646	7488	549	6939
647	7457	539	6918
648	7430	543	6887
649	7417	551	6866
650	7354	555	6799
651	7246	557	6689
652	7271	563	6708
653	7220	559	6661
654	7139	555	6584
655	7189	552	6637
656	7168	549	6619
657	7098	554	6544
658	7074	556	6518
659	7034	557	6477
660	7052	565	6487
661	7032	553	6479
662	6992	546	6446
663	6940	560	6380
664	6944	551	6393
665	6977	546	6431
666	6979	550	6429
667	7019	552	6467
668	6915	550	6365
669	6868	545	6323
670	6988	550	6438
671	6988	556	6432
672	6910	550	6360
673	6944	545	6399
674	6939	557	6382
675	6902	554	6348
676	6937	554	6383
677	6946	554	6392
678	6863	547	6316
679	6896	543	6353
680	6865	545	6320
681	6840	549	6291
682	6906	548	6358
683	6881	556	6325
684	6788	570	6218
685	6824	566	6258
686	6874	550	6324
687	6775	550	6225
688	6770	553	6217
689	6854	548	6306
690	6905	554	6351
691	6887	547	6340
692	6792	543	6249
693	6809	542	6267
694	6835	546	6289
695	6778	553	6225
696	6830	553	6277
697	6885	550	6335
698	6867	550	6317
699	6853	547	6306
700	6814	549	6265
701	6775	544	6231
702	6730	542	6188
703	6727	541	6186
704	6813	540	6273
705	6816	552	6264
706	6772	553	6219
707	6672	555	6117
708	6696	557	6139
709	6660	547	6113
710	6682	544	6138
711	6768	547	6221
712	6738	549	6189
713	6685	537	6148
714	6593	542	6051
715	6563	550	6013
716	6580	541	6039
717	6688	542	6146
718	6648	532	6116
719	6670	552	6118
720	6673	535	6138
721	6688	535	6153
722	6731	548	6183
723	6730	559	6171
724	6698	555	6143
725	6771	546	6225
726	6838	537	6301
727	6772	548	6224
728	6802	554	6248
729	6699	552	6147
730	6651	544	6107
731	6765	555	6210
732	6701	550	6151
733	6725	555	6170
734	6851	548	6303
735	6801	545	6256
736	6666	538	6128
737	6694	547	6147
738	6774	558	6216
739	6816	554	6262
740	6888	544	6344
741	6911	549	6362
742	6865	545	6320
743	6860	543	6317
744	6908	543	6365
745	6830	543	6287
746	6841	550	6291
747	6857	541	6316
748	6881	549	6332
749	6909	546	6363
750	6891	534	6357
751	6810	548	6262
752	6889	542	6347
753	6943	544	6399
754	6978	557	6421
755	7062	556	6506
756	7037	545	6492
757	7019	535	6484
758	7027	539	6488
759	7048	543	6505
760	7092	549	6543
761	7151	555	6596
762	7135	534	6601
763	7156	536	6620
764	7220	549	6671
765	7289	548	6741
766	7202	546	6656
767	7188	551	6637
768	7204	551	6653
769	7263	538	6725
770	7273	535	6738
771	7262	543	6719
772	7341	540	6801
773	7425	537	6888
774	7432	530	6902
775	7480	543	6937
776	7529	553	6976
777	7521	552	6969
778	7595	539	7056
779	7623	534	7089
780	7601	534	7067
781	7605	540	7065
782	7608	543	7065
783	7634	548	7086
784	7687	534	7153
785	7750	547	7203
786	7747	548	7199
787	7767	556	7211
788	7763	545	7218
789	7793	532	7261
790	7840	533	7307
791	7840	545	7295
792	7897	546	7351
793	7880	536	7344
794	7903	546	7357
795	7903	552	7351
796	7895	544	7351
797	7979	541	7438
798	7976	538	7438
799	7952	535	7417
800	7954	536	7418
801	8021	548	7473
802	7982	544	7438
803	7971	547	7424
804	7949	545	7404
805	7937	539	7398
806	8018	538	7480
807	8039	550	7489
808	7987	549	7438
809	7971	534	7437
810	7922	535	7387
811	7887	542	7345
812	7828	547	7281
813	7777	552	7225
814	7831	552	7279
815	7833	558	7275
816	7891	562	7329
817	7849	558	7291
818	7845	549	7296
819	7865	549	7316
820	7837	547	7290
821	7755	544	7211
822	7719	538	7181
823	7786	541	7245
824	7753	551	7202
825	7740	547	7193
826	7650	540	7110
827	7702	542	7160
828	7729	534	7195
829	7644	541	7103
830	7688	553	7135
831	7764	554	7210
832	7724	547	7177
833	7631	543	7088
834	7605	547	7058
835	7562	545	7017
836	7540	538	7002
837	7457	545	6912
838	7495	551	6944
839	7481	555	6926
840	7485	553	6932
841	7572	541	7031
842	7506	550	6956
843	7463	551	6912
844	7425	544	6881
845	7437	540	6897
846	7507	535	6972
847	7543	549	6994
848	7572	544	7028
849	7482	551	6931
850	7480	549	6931
851	7474	554	6920
852	7583	552	7031
853	7568	550	7018
854	7513	543	6970
855	7540	540	7000
856	7520	541	6979
857	7497	545	6952
858	7550	537	7013
859	7472	547	6925
860	7482	544	6938
861	7569	538	7031
862	7508	541	6967
863	7470	545	6925
864	7461	549	6912
865	7476	555	6921
866	7465	545	6920
867	7502	541	6961
868	7427	542	6885
869	7376	537	6839
870	7401	536	6865
871	7392	541	6851
872	7341	535	6806
873	7330	539	6791
874	7353	542	6811
875	7344	543	6801
876	7274	541	6733
877	7302	544	6758
878	7264	544	6720
879	7213	536	6677
880	7201	544	6657
881	7235	540	6695
882	7264	545	6719
883	7243	549	6694
884	7251	537	6714
885	7263	535	6728
886	7237	532	6705
887	7272	536	6736
888	7375	547	6828
889	7387	552	6835
890	7393	538	6855
891	7433	547	6886
892	7357	553	6804
893	7357	554	6803
894	7349	546	6803
895	7468	540	6928
896	7509	535	6974
897	7519	536	6983
898	7573	540	7033
899	7583	537	7046
900	7565	538	7027
901	7695	549	7146
902	7808	555	7253
903	7706	554	7152
904	7752	549	7203
905	7821	545	7276
906	7858	534	7324
907	7850	531	7319
908	7779	544	7235
909	7744	548	7196
910	7704	547	7157
911	7727	559	7168
912	7734	551	7183
913	7658	547	7111
914	7665	542	7123
915	7715	546	7169
916	7690	555	7135
917	7677	543	7134
918	7664	545	7119
919	7613	548	7065
920	7549	540	7009
921	7584	545	7039
922	7514	544	6970
923	7527	556	6971
924	7504	561	6943
925	7440	551	6889
926	7288	535	6753
927	7353	536	6817
928	7270	538	6732
929	7236	538	6698
930	7317	538	6779
931	7224	545	6679
932	7164	545	6619
933	7054	535	6519
934	6955	546	6409
935	6982	554	6428
936	7043	549	6494
937	6953	550	6403
938	6862	553	6309
939	6827	540	6287
940	6824	537	6287
941	6792	554	6238
942	6739	556	6183
943	6624	539	6085
944	6582	543	6039
945	6592	540	6052
946	6540	539	6001
947	6499	549	5950
948	6427	541	5886
949	6412	545	5867
950	6364	546	5818
951	6326	539	5787
952	6372	540	5832
953	6282	538	5744
954	6312	544	5768
955	6324	543	5781
956	6299	538	5761
957	6291	547	5744
958	6287	540	5747
959	6290	544	5746
960	6296	534	5762
961	6286	539	5747
962	6331	538	5793
963	6285	542	5743
964	6230	548	5682
965	6164	548	5616
966	6160	542	5618
967	6181	530	5651
968	6167	536	5631
969	6072	537	5535
970	6119	545	5574
971	6104	554	5550
972	6102	552	5550
973	6148	545	5603
974	6157	544	5613
975	6123	543	5580
976	6187	541	5646
977	6218	544	5674
978	6139	537	5602
979	6150	545	5605
980	6185	544	5641
981	6114	531	5583
982	6211	542	5669
983	6188	550	5638
984	6170	546	5624
985	6090	534	5556
986	6158	542	5616
987	6242	550	5692
988	6240	537	5703
989	6259	530	5729
990	6237	532	5705
991	6252	536	5716
992	6215	549	5666
993	6222	550	5672
994	6257	538	5719
995	6287	541	5746
996	6245	545	5700
997	6306	541	5765
998	6349	545	5804
999	6342	544	5798
1000	6366	533	5833
1001	6444	541	5903
1002	6417	535	5882
1003	6366	536	5830
1004	6447	542	5905
1005	6418	538	5880
1006	6406	535	5871
1007	6501	538	5963
1008	6478	547	5931
1009	6521	548	5973
1010	6552	540	6012
1011	6643	541	6102
1012	6649	533	6116
1013	6624	546	6078
1014	6689	558	6131
1015	6723	539	6184
1016	6711	527	6184
1017	6804	536	6268
1018	6793	549	6244
1019	6758	550	6208
1020	6756	545	6211
1021	6835	535	6300
1022	6878	533	6345
1023	6930	545	6385
1024	6983	550	6433
1025	6988	545	6443
1026	6938	540	6398
1027	6886	536	6350
1028	6919	535	6384
1029	7009	547	6462
1030	7009	545	6464
1031	6958	543	6415
1032	6925	533	6392
1033	6959	543	6416
1034	7059	537	6522
1035	7114	540	6574
1036	7024	552	6472
1037	7068	539	6529
1038	7144	534	6610
1039	7170	547	6623
1040	7089	542	6547
1041	7107	536	6571
1042	7095	544	6551
1043	7134	538	6596
1044	7184	532	6652
1045	7272	539	6733
1046	7281	541	6740
1047	7203	538	6665
1048	7281	543	6738
1049	7491	548	6943
1050	7884	535	7349
1051	8389	530	7859
1052	8908	533	8375
1053	9556	535	9021
1054	10195	544	9651
1055	10727	545	10182
1056	11022	535	10487
1057	11087	546	10541
1058	10984	547	10437
1059	10676	550	10126
1060	10320	540	9780
1061	9860	537	9323
1062	9445	534	8911
1063	9106	541	8565
1064	8754	539	8215
1065	8563	541	8022
1066	8480	549	7931
1067	8340	557	7783
1068	8226	551	7675
1069	8191	541	7650
1070	8018	531	7487
1071	7791	542	7249
1072	7643	539	7104
1073	7523	536	6987
1074	7459	543	6916
1075	7293	542	6751
1076	7180	536	6644
1077	7057	542	6515
1078	6927	543	6384
1079	6853	540	6313
1080	6682	543	6139
1081	6561	541	6020
1082	6566	549	6017
1083	6574	549	6025
1084	6527	548	5979
1085	6424	544	5880
1086	6376	538	5838
1087	6382	530	5852
1088	6349	525	5824
1089	6342	532	5810
1090	6264	545	5719
1091	6272	552	5720
1092	6303	548	5755
1093	6245	538	5707
1094	6167	529	5638
1095	6110	531	5579
1096	6075	542	5533
1097	6030	555	5475
1098	6086	549	5537
1099	6153	536	5617
1100	6026	538	5488
1101	6038	533	5505
1102	6010	527	5483
1103	6000	525	5475
1104	5994	540	5454
1105	5994	544	5450
1106	6006	526	5480
1107	5914	534	5380
1108	5924	527	5397
1109	5960	540	5420
1110	5967	545	5422
1111	5939	529	5410
1112	5952	538	5414
1113	5941	553	5388
1114	5955	542	5413
1115	5935	541	5394
1116	5963	541	5422
1117	6029	541	5488
1118	5947	543	5404
1119	5788	538	5250
1120	5805	540	5265
1121	5810	539	5271
1122	5840	542	5298
1123	5916	544	5372
1124	5898	545	5353
1125	5863	538	5325
1126	5835	527	5308
1127	5803	532	5271
1128	5748	533	5215
1129	5809	534	5275
1130	5830	532	5298
1131	5873	540	5333
1132	5985	551	5434
1133	6052	552	5500
1134	5925	543	5382
1135	6010	532	5478
1136	6101	541	5560
1137	6040	540	5500
1138	6040	538	5502
1139	5984	535	5449
1140	5913	537	5376
1141	5875	542	5333
1142	5827	545	5282
1143	5804	554	5250
1144	5738	551	5187
1145	5759	541	5218
1146	5768	534	5234
1147	5760	543	5217
1148	5771	553	5218
1149	5791	552	5239
1150	5840	543	5297
1151	5890	532	5358
1152	5928	534	5394
1153	6000	535	5465
1154	5983	535	5448
1155	5915	530	5385
1156	5948	528	5420
1157	5931	533	5398
1158	5871	536	5335
1159	5883	543	5340
1160	5906	544	5362
1161	5929	544	5385
1162	5818	545	5273
1163	5829	543	5286
1164	5826	534	5292
1165	5784	525	5259
1166	5672	537	5135
1167	5688	537	5151
1168	5766	537	5229
1169	5759	538	5221
1170	5742	541	5201
1171	5855	545	5310
1172	5812	544	5268
1173	5791	544	5247
1174	5816	544	5272
1175	5797	541	5256
1176	5753	545	5208
1177	5724	547	5177
1178	5718	539	5179
1179	5708	551	5157
1180	5606	552	5054
1181	5611	537	5074
1182	5661	532	5129
1183	5521	535	4986
1184	5481	541	4940
1185	5512	540	4972
1186	5521	531	4990
1187	5512	541	4971
1188	5481	540	4941
1189	5460	539	4921
1190	5426	536	4890
1191	5337	544	4793
1192	5299	540	4759
1193	5213	544	4669
1194	5122	542	4580
1195	5110	544	4566
1196	5152	538	4614
1197	5003	537	4466
1198	5003	541	4462
1199	4978	542	4436
1200	4914	539	4375
1201	4974	538	4436
1202	4919	529	4390
1203	4948	531	4417
1204	4965	531	4434
1205	4931	529	4402
1206	4841	525	4316
1207	4825	538	4287
1208	4732	540	4192
1209	4739	539	4200
1210	4766	540	4226
1211	4800	546	4254
1212	4755	537	4218
1213	4682	532	4150
1214	4666	529	4137
1215	4588	533	4055
1216	4510	534	3976
1217	4402	532	3870
1218	4435	538	3897
1219	4497	533	3964
1220	4439	528	3911
1221	4369	535	3834
1222	4360	552	3808
1223	4444	540	3904
1224	4422	528	3894
1225	4346	532	3814
1226	4325	539	3786
1227	4359	547	3812
1228	4366	540	3826
1229	4326	529	3797
1230	4245	534	3711
1231	4229	534	3695
1232	4210	536	3674
1233	4217	531	3686
1234	4175	527	3648
1235	4191	539	3652
1236	4186	538	3648
1237	4140	537	3603
1238	4117	548	3569
1239	4103	536	3567
1240	4068	514	3554
1241	4058	524	3534
1242	4095	538	3557
1243	4088	533	3555
1244	4060	527	3533
1245	4081	538	3543
1246	4039	538	3501
1247	4052	533	3519
1248	4034	536	3498
1249	4055	544	3511
1250	4111	531	3580
1251	4046	533	3513
1252	4028	538	3490
1253	4055	531	3524
1254	4038	541	3497
1255	4033	550	3483
1256	4080	543	3537
1257	4049	534	3515
1258	4032	537	3495
1259	4039	538	3501
1260	4035	536	3499
1261	4031	534	3497
1262	4029	524	3505
1263	4029	532	3497
1264	4016	543	3473
1265	4040	532	3508
1266	4072	534	3538
1267	4072	540	3532
1268	4031	531	3500
1269	4023	543	3480
1270	4060	539	3521
1271	4089	536	3553
1272	4082	530	3552
1273	4036	535	3501
1274	4030	542	3488
1275	4013	540	3473
1276	4014	538	3476
1277	3977	537	3440
1278	4098	539	3559
1279	4145	541	3604
1280	4132	526	3606
1281	4111	540	3571
1282	4076	547	3529
1283	4132	537	3595
1284	4168	523	3645
1285	4193	531	3662
1286	4206	537	3669
1287	4170	537	3633
1288	4207	538	3669
1289	4183	543	3640
1290	4178	534	3644
1291	4149	532	3617
1292	4125	531	3594
1293	4139	542	3597
1294	4125	547	3578
1295	4095	542	3553
1296	4084	534	3550
1297	4128	536	3592
1298	4126	538	3588
1299	4002	536	3466
1300	4004	534	3470
1301	4073	534	3539
1302	4085	531	3554
1303	4132	529	3603
1304	4138	538	3600
1305	4168	547	3621
1306	4149	540	3609
1307	4134	544	3590
1308	4103	536	3567
1309	4204	531	3673
1310	4247	519	3728
1311	4153	523	3630
1312	4121	522	3599
1313	4147	526	3621
1314	4123	535	3588
1315	4066	527	3539
1316	4077	536	3541
1317	4047	539	3508
1318	4021	534	3487
1319	3988	537	3451
1320	3977	538	3439
1321	3994	529	3465
1322	4023	528	3495
1323	4063	533	3530
1324	4077	529	3548
1325	4028	515	3513
1326	3999	518	3481
1327	3976	536	3440
1328	3991	541	3450
1329	3910	535	3375
1330	3850	527	3323
1331	3821	532	3289
1332	3831	534	3297
1333	3881	522	3359
1334	3865	527	3338
1335	3866	533	3333
1336	3842	524	3318
1337	3854	543	3311
1338	3808	547	3261
1339	3818	533	3285
1340	3859	524	3335
1341	3870	531	3339
1342	3818	532	3286
1343	3816	530	3286
1344	3803	526	3277
1345	3789	529	3260
1346	3757	535	3222
1347	3727	536	3191
1348	3733	538	3195
1349	3735	532	3203
1350	3725	537	3188
1351	3692	537	3155
1352	3660	530	3130
1353	3681	526	3155
1354	3651	522	3129
1355	3669	536	3133
1356	3642	537	3105
1357	3559	532	3027
1358	3603	533	3070
1359	3561	539	3022
1360	3584	536	3048
1361	3580	528	3052
1362	3534	531	3003
1363	3537	528	3009
1364	3582	518	3064
1365	3564	523	3041
1366	3511	525	2986
1367	3505	534	2971
1368	3503	551	2952
1369	3457	543	2914
1370	3430	523	2907
1371	3439	531	2908
1372	3406	535	2871
1373	3381	537	2844
1374	3365	548	2817
1375	3402	546	2856
1376	3388	545	2843
1377	3455	551	2904
1378	3499	544	2955
1379	3523	538	2985
1380	3496	526	2970
1381	3454	529	2925
1382	3453	528	2925
1383	3515	526	2989
1384	3516	539	2977
1385	3472	539	2933
1386	3424	531	2893
1387	3396	545	2851
1388	3411	532	2879
1389	3357	517	2840
1390	3296	528	2768
1391	3303	540	2763
1392	3318	538	2780
1393	3318	538	2780
1394	3309	529	2780
1395	3325	542	2783
1396	3343	543	2800
1397	3340	541	2799
1398	3329	531	2798
1399	3349	528	2821
1400	3362	538	2824
1401	3415	534	2881
1402	3384	525	2859
1403	3377	524	2853
1404	3362	528	2834
1405	3359	532	2827
1406	3382	518	2864
1407	3413	528	2885
1408	3412	533	2879
1409	3475	531	2944
1410	3544	527	3017
1411	3598	532	3066
1412	3530	533	2997
1413	3607	533	3074
1414	3712	538	3174
1415	3726	530	3196
1416	3733	538	3195
1417	3793	535	3258
1418	3800	524	3276
1419	3754	527	3227
1420	3768	543	3225
1421	3729	531	3198
1422	3746	523	3223
1423	3784	530	3254
1424	3773	525	3248
1425	3813	524	3289
1426	3823	528	3295
1427	3833	535	3298
1428	3836	531	3305
1429	3836	538	3298
1430	3788	525	3263
1431	3772	518	3254
1432	3777	532	3245
1433	3727	534	3193
1434	3700	530	3170
1435	3703	535	3168
1436	3676	541	3135
1437	3677	540	3137
1438	3602	524	3078
1439	3540	527	3013
1440	3592	528	3064
1441	3593	521	3072
1442	3558	535	3023
1443	3568	539	3029
1444	3597	533	3064
1445	3689	531	3158
1446	3715	527	3188
1447	3739	516	3223
1448	3778	523	3255
1449	3776	529	3247
1450	3740	516	3224
1451	3812	525	3287
1452	3857	530	3327
1453	3839	539	3300
1454	3881	541	3340
1455	3870	537	3333
1456	3824	527	3297
1457	3856	529	3327
1458	3848	529	3319
1459	3847	537	3310
1460	3838	539	3299
1461	3839	543	3296
1462	3825	539	3286
1463	3808	533	3275
1464	3787	532	3255
1465	3757	528	3229
1466	3769	535	3234
1467	3760	533	3227
1468	3688	516	3172
1469	3690	542	3148
1470	3688	537	3151
1471	3709	540	3169
1472	3743	533	3210
1473	3729	530	3199
1474	3733	529	3204
1475	3734	538	3196
1476	3679	538	3141
1477	3735	531	3204
1478	3750	531	3219
1479	3685	529	3156
1480	3662	526	3136
1481	3685	528	3157
1482	3717	532	3185
1483	3702	535	3167
1484	3662	532	3130
1485	3630	526	3104
1486	3612	528	3084
1487	3586	532	3054
1488	3557	529	3028
1489	3576	533	3043
1490	3585	534	3051
1491	3535	539	2996
1492	3525	537	2988
1493	3586	534	3052
1494	3555	524	3031
1495	3515	536	2979
1496	3543	529	3014
1497	3514	524	2990
1498	3457	521	2936
1499	3490	523	2967
1500	3499	518	2981
1501	3505	526	2979
1502	3471	538	2933
1503	3444	538	2906
1504	3410	535	2875
1505	3352	540	2812
1506	3293	533	2760
1507	3258	517	2741
1508	3198	522	2676
1509	3155	533	2622
1510	3154	530	2624
1511	3181	525	2656
1512	3086	528	2558
1513	3050	521	2529
1514	3003	523	2480
1515	2975	518	2457
1516	3111	519	2592
1517	3154	532	2622
1518	3070	536	2534
1519	3062	529	2533
1520	3132	519	2613
1521	3171	520	2651
1522	3197	524	2673
1523	3212	531	2681
1524	3294	531	2763
1525	3314	526	2788
1526	3301	529	2772
1527	3282	530	2752
1528	3245	527	2718
1529	3174	518	2656
1530	3075	533	2542
1531	3040	530	2510
1532	3012	527	2485
1533	3059	530	2529
1534	3027	528	2499
1535	2899	539	2360
1536	2912	532	2380
1537	2933	527	2406
1538	2901	526	2375
1539	2836	527	2309
1540	2838	534	2304
1541	2861	526	2335
1542	2858	524	2334
1543	2830	528	2302
1544	2779	523	2256
1545	2739	527	2212
1546	2756	536	2220
1547	2794	531	2263
1548	2699	535	2164
1549	2657	538	2119
1550	2725	531	2194
1551	2744	522	2222
1552	2773	525	2248
1553	2793	526	2267
1554	2781	515	2266
1555	2810	528	2282
1556	2846	539	2307
1557	2892	532	2360
1558	2898	535	2363
1559	2936	534	2402
1560	2894	525	2369
1561	2838	538	2300
1562	2899	539	2360
1563	2837	521	2316
1564	2823	516	2307
1565	2801	538	2263
1566	2753	539	2214
1567	2794	536	2258
1568	2803	534	2269
1569	2796	526	2270
1570	2774	522	2252
1571	2769	537	2232
1572	2800	532	2268
1573	2774	517	2257
1574	2761	532	2229
1575	2757	545	2212
1576	2750	533	2217
1577	2812	531	2281
1578	2800	526	2274
1579	2779	528	2251
1580	2817	537	2280
1581	2835	542	2293
1582	2792	545	2247
1583	2829	546	2283
1584	2903	535	2368
1585	2908	540	2368
1586	2900	536	2364
1587	2848	530	2318
1588	2845	532	2313
1589	2867	535	2332
1590	2850	521	2329
1591	2807	532	2275
1592	2756	534	2222
1593	2792	518	2274
1594	2815	519	2296
1595	2814	522	2292
1596	2814	530	2284
1597	2798	536	2262
1598	2846	529	2317
1599	2850	528	2322
1600	2820	530	2290
1601	2834	533	2301
1602	2834	538	2296
1603	2830	529	2301
1604	2773	527	2246
1605	2794	525	2269
1606	2761	530	2231
1607	2709	523	2186
1608	2716	522	2194
1609	2743	527	2216
1610	2743	524	2219
1611	2781	531	2250
1612	2804	527	2277
1613	2793	514	2279
1614	2839	515	2324
1615	2859	521	2338
1616	2842	527	2315
1617	2885	522	2363
1618	2966	526	2440
1619	3027	540	2487
1620	3050	537	2513
1621	3049	530	2519
1622	3072	535	2537
1623	3080	530	2550
1624	3070	532	2538
1625	3100	539	2561
1626	3095	538	2557
1627	3087	532	2555
1628	3094	531	2563
1629	3067	548	2519
1630	2999	538	2461
1631	3004	531	2473
1632	3033	527	2506
1633	3018	523	2495
1634	2959	527	2432
1635	2937	538	2399
1636	2947	531	2416
1637	2959	526	2433
1638	2961	527	2434
1639	2986	516	2470
1640	2983	517	2466
1641	2971	518	2453
1642	3013	520	2493
1643	3040	529	2511
1644	3021	531	2490
1645	3016	529	2487
1646	3032	526	2506
1647	2972	524	2448
1648	2982	524	2458
1649	3018	526	2492
1650	3002	533	2469
1651	3002	538	2464
1652	3046	522	2524
1653	3088	533	2555
1654	3055	534	2521
1655	3052	529	2523
1656	3010	539	2471
1657	2992	532	2460
1658	2974	530	2444
1659	2978	533	2445
1660	2959	529	2430
1661	2927	528	2399
1662	2929	529	2400
1663	2962	546	2416
1664	3011	542	2469
1665	3081	543	2538
1666	3078	545	2533
1667	3077	538	2539
1668	3117	530	2587
1669	3174	519	2655
1670	3226	521	2705
1671	3282	528	2754
1672	3323	534	2789
1673	3311	539	2772
1674	3342	532	2810
1675	3342	522	2820
1676	3370	531	2839
1677	3466	536	2930
1678	3488	522	2966
1679	3517	524	2993
1680	3523	527	2996
1681	3563	534	3029
1682	3625	532	3093
1683	3713	536	3177
1684	3803	531	3272
1685	3869	525	3344
1686	4052	531	3521
1687	4146	535	3611
1688	4220	537	3683
1689	4370	533	3837
1690	4424	532	3892
1691	4457	534	3923
1692	4524	536	3988
1693	4517	530	3987
1694	4592	535	4057
1695	4575	537	4038
1696	4627	520	4107
1697	4723	521	4202
1698	4777	528	4249
1699	4824	531	4293
1700	4883	534	4349
1701	4922	531	4391
1702	5008	534	4474
1703	5193	527	4666
1704	5292	520	4772
1705	5287	523	4764
1706	5240	531	4709
1707	5213	532	4681
1708	5176	531	4645
1709	5101	520	4581
1710	5084	530	4554
1711	5059	531	4528
1712	4974	528	4446
1713	4958	526	4432
1714	4974	533	4441
1715	5129	528	4601
1716	5249	527	4722
1717	5303	527	4776
1718	5405	526	4879
1719	5606	527	5079
1720	5826	521	5305
1721	6030	533	5497
1722	6236	535	5701
1723	6246	521	5725
1724	6250	532	5718
1725	6317	533	5784
1726	6296	531	5765
1727	6390	538	5852
1728	6473	529	5944
1729	6406	527	5879
1730	6299	531	5768
1731	6212	534	5678
1732	6131	524	5607
1733	6008	532	5476
1734	5974	526	5448
1735	5943	523	5420
1736	5815	529	5286
1737	5802	536	5266
1738	5814	535	5279
1739	5785	526	5259
1740	5962	537	5425
1741	6142	537	5605
1742	6256	530	5726
1743	6279	528	5751
1744	6397	530	5867
1745	6569	524	6045
1746	6799	530	6269
1747	7051	528	6523
1748	7312	534	6778
1749	7549	534	7015
1750	7852	527	7325
1751	8037	526	7511
1752	8076	532	7544
1753	8126	539	7587
1754	8132	530	7602
1755	8119	536	7583
1756	7962	530	7432
1757	7684	522	7162
1758	7359	525	6834
1759	7096	529	6567
1760	6887	536	6351
1761	6818	526	6292
1762	6889	523	6366
1763	6878	526	6352
1764	6741	521	6220
1765	6766	525	6241
1766	6891	520	6371
1767	6976	526	6450
1768	7113	533	6580
1769	7204	530	6674
1770	7233	524	6709
1771	7093	522	6571
1772	7055	532	6523
1773	7159	538	6621
1774	7250	522	6728
1775	7740	523	7217
1776	8239	528	7711
1777	8748	529	8219
1778	9230	524	8706
1779	9592	522	9070
1780	9940	524	9416
1781	10263	525	9738
1782	10565	523	10042
1783	10801	530	10271
1784	10740	522	10218
1785	10425	523	9902
1786	9939	527	9412
1787	9462	526	8936
1788	8979	525	8454
1789	8575	526	8049
1790	8207	522	7685
1791	7792	529	7263
1792	7386	526	6860
1793	6965	526	6439
1794	6733	521	6212
1795	6597	513	6084
1796	6545	517	6028
1797	6516	527	5989
1798	6543	526	6017
1799	6564	528	6036
1800	6588	527	6061
1801	6743	531	6212
1802	6966	525	6441
1803	7291	518	6773
1804	7638	524	7114
1805	7843	533	7310
1806	7999	525	7474
1807	8151	536	7615
1808	8304	532	7772
1809	8426	518	7908
1810	8539	523	8016
1811	8516	522	7994
1812	8359	515	7844
1813	8190	519	7671
1814	7883	521	7362
1815	7626	520	7106
1816	7497	522	6975
1817	7368	523	6845
1818	7259	526	6733
1819	7136	533	6603
1820	7141	532	6609
1821	7278	545	6733
1822	7352	529	6823
1823	7513	533	6980
1824	7694	534	7160
1825	7783	519	7264
1826	7831	512	7319
1827	7839	516	7323
1828	7777	525	7252
1829	7798	533	7265
1830	7712	535	7177
1831	7546	532	7014
1832	7393	527	6866
1833	7314	529	6785
1834	7138	521	6617
1835	6927	525	6402
1836	6746	536	6210
1837	6601	524	6077
1838	6506	524	5982
1839	6328	528	5800
1840	6188	528	5660
1841	6090	525	5565
1842	5944	526	5418
1843	5854	522	5332
1844	5898	515	5383
1845	5863	526	5337
1846	5793	521	5272
1847	5680	529	5151
1848	5601	541	5060
1849	5572	534	5038
1850	5451	530	4921
1851	5305	523	4782
1852	5194	514	4680
1853	5096	514	4582
1854	5117	508	4609
1855	5160	518	4642
1856	5061	518	4543
1857	4985	522	4463
1858	4960	530	4430
1859	4953	533	4420
1860	5017	525	4492
1861	5258	520	4738
1862	5483	522	4961
1863	5692	523	5169
1864	5926	536	5390
1865	6180	535	5645
1866	6331	521	5810
1867	6627	511	6116
1868	6893	521	6372
1869	7021	536	6485
1870	7140	533	6607
1871	7058	529	6529
1872	6900	521	6379
1873	6666	518	6148
1874	6466	516	5950
1875	6339	524	5815
1876	6153	528	5625
1877	5997	523	5474
1878	5931	521	5410
1879	6001	530	5471
1880	6065	523	5542
1881	6072	529	5543
1882	6119	536	5583
1883	6152	526	5626
1884	6229	523	5706
1885	6385	526	5859
1886	6407	529	5878
1887	6299	529	5770
1888	6094	522	5572
1889	5918	523	5395
1890	5766	519	5247
1891	5487	522	4965
1892	5316	529	4787
1893	5307	529	4778
1894	5160	527	4633
1895	5010	521	4489
1896	4912	523	4389
1897	4908	521	4387
1898	4868	527	4341
1899	4869	524	4345
1900	4900	531	4369
1901	4927	522	4405
1902	4917	524	4393
1903	4844	537	4307
1904	4797	530	4267
1905	4775	530	4245
1906	4748	532	4216
1907	4721	540	4181
1908	4772	538	4234
1909	4879	536	4343
1910	5000	533	4467
1911	5186	532	4654
1912	5280	523	4757
1913	5303	521	4782
1914	5355	536	4819
1915	5418	523	4895
1916	5497	521	4976
1917	5545	529	5016
1918	5503	532	4971
1919	5463	531	4932
1920	5341	529	4812
1921	5320	525	4795
1922	5221	536	4685
1923	5216	537	4679
1924	5252	527	4725
1925	5305	525	4780
1926	5276	521	4755
1927	5273	532	4741
1928	5258	535	4723
1929	5241	523	4718
1930	5151	523	4628
1931	5113	532	4581
1932	5104	522	4582
1933	5064	525	4539
1934	5026	519	4507
1935	4988	523	4465
1936	4903	524	4379
1937	4794	518	4276
1938	4712	521	4191
1939	4784	524	4260
1940	4803	527	4276
1941	4825	534	4291
1942	4860	528	4332
1943	4923	520	4403
1944	5010	522	4488
1945	5153	527	4626
1946	5201	531	4670
1947	5164	535	4629
1948	5198	526	4672
1949	5169	518	4651
1950	5168	527	4641
1951	5133	529	4604
1952	4982	518	4464
1953	4852	527	4325
1954	4740	536	4204
1955	4594	529	4065
1956	4481	530	3951
1957	4437	534	3903
1958	4372	531	3841
1959	4366	532	3834
1960	4281	525	3756
1961	4317	519	3798
1962	4396	516	3880
1963	4429	517	3912
1964	4471	517	3954
1965	4483	520	3963
1966	4446	519	3927
1967	4469	518	3951
1968	4457	524	3933
1969	4371	532	3839
1970	4360	524	3836
1971	4333	527	3806
1972	4277	523	3754
1973	4182	520	3662
1974	4153	520	3633
1975	4163	518	3645
1976	4138	520	3618
1977	4188	528	3660
1978	4130	538	3592
1979	4140	529	3611
1980	4126	521	3605
1981	4060	522	3538
1982	4082	520	3562
1983	4041	527	3514
1984	3958	536	3422
1985	3960	532	3428
1986	3865	523	3342
1987	3791	522	3269
1988	3781	526	3255
1989	3735	525	3210
1990	3603	519	3084
1991	3594	523	3071
1992	3653	524	3129
1993	3597	524	3073
1994	3599	531	3068
1995	3741	529	3212
1996	3805	526	3279
1997	3770	529	3241
1998	3723	515	3208
1999	3752	512	3240
2000	3784	525	3259
2001	3867	534	3333
2002	3892	532	3360
2003	3854	529	3325
2004	3722	514	3208
2005	3671	514	3157
2006	3703	518	3185
2007	3652	520	3132
2008	3610	527	3083
2009	3595	528	3067
2010	3602	524	3078
2011	3613	531	3082
2012	3547	536	3011
2013	3520	541	2979
2014	3487	526	2961
2015	3487	531	2956
2016	3458	526	2932
2017	3439	529	2910
2018	3447	529	2918
2019	3430	524	2906
2020	3379	524	2855
2021	3348	523	2825
2022	3382	518	2864
2023	3388	520	2868
2024	3375	534	2841
2025	3361	542	2819
2026	3388	535	2853
2027	3388	530	2858
2028	3344	525	2819
2029	3338	526	2812
2030	3426	524	2902
2031	3428	527	2901
2032	3378	523	2855
2033	3331	539	2792
2034	3305	537	2768
2035	3361	525	2836
2036	3357	526	2831
2037	3319	527	2792
2038	3341	521	2820
2039	3374	519	2855
2040	3357	510	2847
2041	3317	523	2794
2042	3293	521	2772
2043	3277	519	2758
2044	3248	526	2722
2045	3159	526	2633
2046	3114	525	2589
2047	3042	534	2508
2048	2991	528	2463
2049	2978	521	2457
2050	2946	523	2423
2051	2943	538	2405
2052	2952	540	2412
2053	2940	534	2406
2054	2903	530	2373
2055	2918	528	2390
2056	2971	520	2451
2057	2961	525	2436
2058	3002	529	2473
2059	2989	525	2464
2060	2891	518	2373
2061	2829	517	2312
2062	2858	526	2332
2063	2873	523	2350
2064	2762	533	2229
2065	2654	537	2117
2066	2617	514	2103
2067	2582	513	2069
2068	2546	520	2026
2069	2579	525	2054
2070	2595	534	2061
2071	2569	524	2045
2072	2625	525	2100
2073	2664	531	2133
2074	2677	520	2157
2075	2687	523	2164
2076	2681	518	2163
2077	2709	525	2184
2078	2709	528	2181
2079	2652	518	2134
2080	2586	530	2056
2081	2528	520	2008
2082	2438	518	1920
2083	2408	526	1882
2084	2352	524	1828
2085	2320	517	1803
2086	2297	519	1778
2087	2303	528	1775
2088	2270	527	1743
2089	2318	532	1786
2090	2336	527	1809
2091	2364	516	1848
2092	2360	527	1833
2093	2385	532	1853
2094	2449	516	1933
2095	2491	518	1973
2096	2464	535	1929
2097	2433	539	1894
2098	2486	528	1958
2099	2520	528	1992
2100	2562	524	2038
2101	2525	524	2001
2102	2504	534	1970
2103	2471	525	1946
2104	2441	511	1930
2105	2487	526	1961
2106	2465	525	1940
2107	2396	516	1880
2108	2377	521	1856
2109	2392	530	1862
2110	2445	532	1913
2111	2421	525	1896
2112	2368	523	1845
2113	2380	522	1858
2114	2361	515	1846
2115	2346	524	1822
2116	2309	531	1778
2117	2242	526	1716
2118	2222	517	1705
2119	2202	517	1685
2120	2129	526	1603
2121	2143	531	1612
2122	2183	524	1659
2123	2115	527	1588
2124	2096	529	1567
2125	2107	525	1582
2126	2101	524	1577
2127	2077	517	1560
2128	2041	517	1524
2129	2066	522	1544
2130	2085	525	1560
2131	2076	518	1558
2132	2059	531	1528
2133	2025	524	1501
2134	2020	512	1508
2135	2009	527	1482
2136	2002	521	1481
2137	1998	516	1482
2138	1944	519	1425
2139	1937	522	1415
2140	1863	520	1343
2141	1807	520	1287
2142	1795	532	1263
2143	1807	528	1279
2144	1825	529	1296
2145	1861	523	1338
2146	1860	525	1335
2147	1872	532	1340
2148	1905	520	1385
2149	1899	515	1384
2150	1882	516	1366
2151	1879	510	1369
2152	1881	508	1373
2153	1883	521	1362
2154	1864	512	1352
2155	1824	523	1301
2156	1818	534	1284
2157	1821	529	1292
2158	1768	510	1258
2159	1749	516	1233
2160	1722	521	1201
2161	1724	518	1206
2162	1706	524	1182
2163	1657	522	1135
2164	1664	516	1148
2165	1685	518	1167
2166	1675	524	1151
2167	1679	528	1151
2168	1693	524	1169
2169	1652	519	1133
2170	1589	516	1073
2171	1624	523	1101
2172	1650	527	1123
2173	1627	520	1107
2174	1592	526	1066
2175	1589	516	1073
2176	1575	516	1059
2177	1564	525	1039
2178	1554	522	1032
2179	1552	527	1025
2180	1551	527	1024
2181	1542	526	1016
2182	1514	534	980
2183	1471	535	936
2184	1547	520	1027
2185	1589	528	1061
2186	1561	523	1038
2187	1529	524	1005
2188	1473	528	945
2189	1468	525	943
2190	1486	510	976
2191	1479	520	959
2192	1469	528	941
2193	1504	525	979
2194	1478	522	956
2195	1481	528	953
2196	1487	525	962
2197	1481	523	958
2198	1501	523	978
2199	1534	526	1008
2200	1558	521	1037
2201	1539	520	1019
2202	1530	528	1002
2203	1558	528	1030
2204	1538	535	1003
2205	1527	536	991
2206	1545	522	1023
2207	1556	537	1019
2208	1537	533	1004
2209	1512	532	980
2210	1491	523	968
2211	1486	517	969
2212	1486	529	957
2213	1483	530	953
2214	1425	520	905
2215	1477	526	951
2216	1475	527	948
2217	1497	523	974
2218	1511	505	1006
2219	1561	538	1023
2220	1460	531	929
2221	1474	522	952
2222	1518	517	1001
2223	1447	518	929
2224	1456	528	928
2225	1500	526	974
2226	1434	528	906
2227	1445	535	910
2228	1434	531	903
2229	1421	524	897
2230	1398	523	875
2231	1431	520	911
2232	1413	523	890
2233	1408	530	878
2234	1446	526	920
2235	1453	518	935
2236	1443	512	931
2237	1429	532	897
2238	1400	529	871
2239	1405	520	885
2240	1421	524	897
2241	1424	521	903
2242	1390	515	875
2243	1407	529	878
2244	1394	526	868
2245	1385	527	858
2246	1350	520	830
2247	1393	519	874
2248	1389	529	860
2249	1351	526	825
2250	1345	534	811
2251	1352	530	822
2252	1325	519	806
2253	1352	528	824
2254	1352	536	816
2255	1344	524	820
2256	1354	518	836
2257	1391	528	863
2258	1385	524	861
2259	1349	519	830
2260	1364	526	838
2261	1382	528	854
2262	1336	528	808
2263	1349	515	834
2264	1367	518	849
2265	1369	529	840
2266	1335	527	808
2267	1341	521	820
2268	1357	520	837
2269	1347	528	819
2270	1318	524	794
2271	1366	529	837
2272	1352	526	826
2273	1346	531	815
2274	1351	525	826
2275	1356	525	831
2276	1330	524	806
2277	1313	530	783
2278	1351	530	821
2279	1378	519	859
2280	1353	521	832
2281	1331	524	807
2282	1333	513	820
2283	1350	511	839
2284	1317	514	803
2285	1308	528	780
2286	1313	538	775
2287	1303	526	777
2288	1288	524	764
2289	1300	520	780
2290	1302	525	777
2291	1310	534	776
2292	1322	532	790
2293	1332	524	808
2294	1335	525	810
2295	1358	524	834
2296	1397	528	869
2297	1409	531	878
2298	1407	521	886
2299	1394	518	876
2300	1423	513	910
2301	1457	518	939
2302	1445	520	925
2303	1465	525	940
2304	1436	521	915
2305	1464	533	931
2306	1475	532	943
2307	1445	522	923
2308	1465	514	951
2309	1437	519	918
2310	1416	528	888
2311	1369	524	845
2312	1337	522	815
2313	1322	528	794
2314	1313	528	785
2315	1337	526	811
2316	1366	524	842
2317	1329	526	803
2318	1321	527	794
2319	1359	528	831
2320	1347	528	819
2321	1347	526	821
2322	1331	527	804
2323	1348	527	821
2324	1345	526	819
2325	1364	520	844
2326	1337	514	823
2327	1329	521	808
2328	1316	529	787
2329	1310	531	779
2330	1355	522	833
2331	1381	531	850
2332	1328	531	797
2333	1315	515	800
2334	1331	517	814
2335	1350	513	837
2336	1373	507	866
2337	1359	516	843
2338	1329	525	804
2339	1317	534	783
2340	1316	531	785
2341	1291	525	766
2342	1314	519	795
2343	1312	520	792
2344	1256	528	728
2345	1265	536	729
2346	1278	528	750
2347	1288	519	769
2348	1324	523	801
2349	1468	536	932
2350	1965	519	1446
2351	3003	522	2481
2352	4884	529	4355
2353	7421	518	6903
2354	10196	511	9685
2355	12826	521	12305
2356	15215	521	14694
2357	17060	526	16534
2358	18601	532	18069
2359	20124	530	19594
2360	21126	527	20599
2361	21021	512	20509
2362	20023	520	19503
2363	17909	528	17381
2364	15433	527	14906
2365	13487	525	12962
2366	12060	529	11531
2367	11020	522	10498
2368	10233	523	9710
2369	9479	528	8951
2370	8743	525	8218
2371	8126	544	7582
2372	7520	533	6987
2373	6958	514	6444
2374	6548	514	6034
2375	6231	515	5716
2376	6043	519	5524
2377	5882	528	5354
2378	5615	518	5097
2379	5336	517	4819
2380	5051	512	4539
2381	4798	509	4289
2382	4580	511	4069
2383	4241	517	3724
2384	3892	525	3367
2385	3511	528	2983
2386	3197	517	2680
2387	2893	515	2378
2388	2659	522	2137
2389	2473	517	1956
2390	2248	526	1722
2391	2141	530	1611
2392	2064	519	1545
2393	1949	519	1430
2394	1801	522	1279
2395	1724	530	1194
2396	1691	518	1173
2397	1608	508	1100
2398	1520	519	1001
2399	1472	516	956
2400	1444	515	929
2401	1430	519	911
2402	1367	520	847
2403	1375	513	862
2404	1352	517	835
2405	1312	521	791
2406	1249	514	735
2407	1257	517	740
2408	1243	523	720
2409	1210	517	693
2410	1185	521	664
2411	1169	528	641
2412	1155	526	629
2413	1182	528	654
2414	1148	529	619
2415	1145	518	627
2416	1143	521	622
2417	1153	524	629
2418	1172	531	641
2419	1124	531	593
2420	1112	521	591
2421	1140	515	625
2422	1128	516	612
2423	1103	513	590
2424	1091	513	578
2425	1084	517	567
2426	1062	519	543
2427	1114	518	596
2428	1100	512	588
2429	1114	518	596
2430	1129	520	609
2431	1091	529	562
2432	1069	527	542
2433	1101	516	585
2434	1090	526	564
2435	1101	526	575
2436	1086	521	565
2437	1051	524	527
2438	1073	518	555
2439	1068	529	539
2440	1052	525	527
2441	1042	527	515
2442	1008	529	479
2443	1010	537	473
2444	987	529	458
2445	1022	520	502
2446	1028	520	508
2447	1028	514	514
2448	1041	513	528
2449	1023	530	493
2450	1036	534	502
2451	1052	523	529
2452	1019	524	495
2453	1009	523	486
2454	990	528	462
2455	992	526	466
2456	962	511	451
2457	952	508	444
2458	982	508	474
2459	992	515	477
2460	978	513	465
2461	962	529	433
2462	943	520	423
2463	969	515	454
2464	997	521	476
2465	1006	530	476
2466	1002	537	465
2467	995	525	470
2468	984	520	464
2469	934	532	402
2470	936	525	411
2471	952	517	435
2472	953	527	426
2473	973	530	443
2474	987	516	471
2475	968	527	441
2476	950	538	412
2477	960	523	437
2478	921	520	401
2479	965	518	447
2480	998	512	486
2481	992	521	471
2482	1024	528	496
2483	1048	521	527
2484	1023	523	500
2485	1014	520	494
2486	1049	522	527
2487	1083	526	557
2488	1080	518	562
2489	1084	517	567
2490	1088	519	569
2491	1087	520	567
2492	1069	517	552
2493	1061	519	542
2494	1061	513	548
2495	1058	525	533
2496	1032	529	503
2497	1021	510	511
2498	1002	507	495
2499	978	516	462
2500	983	522	461
2501	996	521	475
2502	971	530	441
2503	958	528	430
2504	927	515	412
2505	953	520	433
2506	973	532	441
2507	979	525	454
2508	962	516	446
2509	922	524	398
2510	928	530	398
2511	941	526	415
2512	913	516	397
2513	921	514	407
2514	943	517	426
2515	953	523	430
2516	950	532	418
2517	952	531	421
2518	913	522	391
2519	911	527	384
2520	932	531	401
2521	945	525	420
2522	913	525	388
2523	884	523	361
2524	882	523	359
2525	887	524	363
2526	869	514	355
2527	874	513	361
2528	879	513	366
2529	881	517	364
2530	881	523	358
2531	904	519	385
2532	899	518	381
2533	917	529	388
2534	925	534	391
2535	919	534	385
2536	930	519	411
2537	923	519	404
2538	919	513	406
2539	922	513	409
2540	937	519	418
2541	936	525	411
2542	928	522	406
2543	904	520	384
2544	879	526	353
2545	921	534	387
2546	954	531	423
2547	949	521	428
2548	964	524	440
2549	977	527	450
2550	938	518	420
2551	935	523	412
2552	960	522	438
2553	969	516	453
2554	958	517	441
2555	940	516	424
2556	941	508	433
2557	966	520	446
2558	947	515	432
2559	953	517	436
2560	951	526	425
2561	940	525	415
2562	920	524	396
2563	926	523	403
2564	924	515	409
2565	922	517	405
2566	895	522	373
2567	875	537	338
2568	920	526	394
2569	954	520	434
2570	943	523	420
2571	928	528	400
2572	898	523	375
2573	894	520	374
2574	886	519	367
2575	880	532	348
2576	867	533	334
2577	833	527	306
2578	848	512	336
2579	856	520	336
2580	857	524	333
2581	858	530	328
2582	867	536	331
2583	877	533	344
2584	868	529	339
2585	890	522	368
2586	907	515	392
2587	881	524	357
2588	879	519	360
2589	899	525	374
2590	924	522	402
2591	903	508	395
2592	921	516	405
2593	927	525	402
2594	910	522	388
2595	936	525	411
2596	933	525	408
2597	980	519	461
2598	948	519	429
2599	949	530	419
2600	973	531	442
2601	951	517	434
2602	931	527	404
2603	947	534	413
2604	927	524	403
2605	946	509	437
2606	958	511	447
2607	958	527	431
2608	922	521	401
2609	920	527	393
2610	900	526	374
2611	919	522	397
2612	906	514	392
2613	899	519	380
2614	895	516	379
2615	913	524	389
2616	914	532	382
2617	892	531	361
2618	905	521	384
2619	900	523	377
2620	869	525	344
2621	875	519	356
2622	884	522	362
2623	858	523	335
2624	850	519	331
2625	856	509	347
2626	834	515	319
2627	849	516	333
2628	849	515	334
2629	858	521	337
2630	838	522	316
2631	845	521	324
2632	864	523	341
2633	886	521	365
2634	837	516	321
2635	830	522	308
2636	847	529	318
2637	843	525	318
2638	833	519	314
2639	827	511	316
2640	814	520	294
2641	848	521	327
2642	841	525	316
2643	841	526	315
2644	833	511	322
2645	849	522	327
2646	848	522	326
2647	839	512	327
2648	840	523	317
2649	879	534	345
2650	851	537	314
2651	829	528	301
2652	840	528	312
2653	848	521	327
2654	831	515	316
2655	831	531	300
2656	828	518	310
2657	830	504	326
2658	821	512	309
2659	804	538	266
2660	786	526	260
2661	812	525	287
2662	830	529	301
2663	850	525	325
2664	822	515	307
2665	824	524	300
2666	825	537	288
2667	782	533	249
2668	797	513	284
2669	817	509	308
2670	803	526	277
2671	807	522	285
2672	800	516	284
2673	789	517	272
2674	761	515	246
2675	764	517	247
2676	778	533	245
2677	785	525	260
2678	783	516	267
2679	781	523	258
2680	752	520	232
2681	768	530	238
2682	743	529	214
2683	747	509	238
2684	755	507	248
2685	742	512	230
2686	722	516	206
2687	730	527	203
2688	747	529	218
2689	754	527	227
2690	772	513	259
2691	764	522	242
2692	753	534	219
2693	741	530	211
2694	750	526	224
2695	774	520	254
2696	793	517	276
2697	774	515	259
2698	763	520	243
2699	780	525	255
2700	803	522	281
2701	771	518	253
2702	751	515	236
2703	768	513	255
2704	777	517	260
2705	788	514	274
2706	778	518	260
2707	773	511	262
2708	767	505	262
2709	761	507	254
2710	756	520	236
2711	746	526	220
2712	757	522	235
2713	760	514	246
2714	722	528	194
2715	723	526	197
2716	744	520	224
2717	758	523	235
2718	747	515	232
2719	740	514	226
2720	743	533	210
2721	737	522	215
2722	718	523	195
2723	686	521	165
2724	698	522	176
2725	693	519	174
2726	690	524	166
2727	703	523	180
2728	703	522	181
2729	715	521	194
2730	679	514	165
2731	700	511	189
2732	720	526	194
2733	719	532	187
2734	685	532	153
2735	692	520	172
2736	674	510	164
2737	681	520	161
2738	716	528	188
2739	718	522	196
2740	688	520	168
2741	701	523	178
2742	704	520	184
2743	702	517	185
2744	712	513	199
2745	715	522	193
2746	689	524	165
2747	699	531	168
2748	700	522	178
2749	691	514	177
2750	690	529	161
2751	676	530	146
2752	673	523	150
2753	705	532	173
2754	680	530	150
2755	702	516	186
2756	692	509	183
2757	693	518	175
2758	667	522	145
2759	670	519	151
2760	677	520	157
2761	702	514	188
2762	722	513	209
2763	693	531	162
2764	678	521	157
2765	700	520	180
2766	688	523	165
2767	678	522	156
2768	662	511	151
2769	649	512	137
2770	651	514	137
2771	673	520	153
2772	690	528	162
2773	723	518	205
2774	691	519	172
2775	675	531	144
2776	700	527	173
2777	695	518	177
2778	700	509	191
2779	721	510	211
2780	707	526	181
2781	733	527	206
2782	728	520	208
2783	697	515	182
2784	736	515	221
2785	729	524	205
2786	695	523	172
2787	730	517	213
2788	727	523	204
2789	728	529	199
2790	709	515	194
2791	710	522	188
2792	712	530	182
2793	679	519	160
2794	674	527	147
2795	692	518	174
2796	693	505	188
2797	676	513	163
2798	676	516	160
2799	677	511	166
2800	660	515	145
2801	680	519	161
2802	695	528	167
2803	713	542	171
2804	681	534	147
2805	684	515	169
2806	699	511	188
2807	688	514	174
2808	661	526	135
2809	650	528	122
2810	642	523	119
2811	678	525	153
2812	672	512	160
2813	675	519	156
2814	685	516	169
2815	669	510	159
2816	674	518	156
2817	699	528	171
2818	676	521	155
2819	655	517	138
2820	675	520	155
2821	697	511	186
2822	677	505	172
2823	661	510	151
2824	661	522	139
2825	676	523	153
2826	671	523	148
2827	663	520	143
2828	667	520	147
2829	656	525	131
2830	668	515	153
2831	704	513	191
2832	702	517	185
2833	718	526	192
2834	682	527	155
2835	674	523	151
2836	693	524	169
2837	716	534	182
2838	696	521	175
2839	713	526	187
2840	703	533	170
2841	713	542	171
2842	713	526	187
2843	689	524	165
2844	659	528	131
2845	687	526	161
2846	696	524	172
2847	696	521	175
2848	686	518	168
2849	678	522	156
2850	666	530	136
2851	706	533	173
2852	690	526	164
2853	656	533	123
2854	647	526	121
2855	674	530	144
2856	688	534	154
2857	681	527	154
2858	694	528	166
2859	705	526	179
2860	677	522	155
2861	671	523	148
2862	656	521	135
2863	682	518	164
2864	684	523	161
2865	658	528	130
2866	643	528	115
2867	659	524	135
2868	663	518	145
2869	657	521	136
2870	675	519	156
2871	681	524	157
2872	655	523	132
2873	657	510	147
2874	658	511	147
2875	657	518	139
2876	667	524	143
2877	673	518	155
2878	678	513	165
2879	690	517	173
2880	669	520	149
2881	682	527	155
2882	696	525	171
2883	703	521	182
2884	662	526	136
2885	693	523	170
2886	707	515	192
2887	672	518	154
2888	667	522	145
2889	685	521	164
2890	655	521	134
2891	669	534	135
2892	670	528	142
2893	645	517	128
2894	657	521	136
2895	652	526	126
2896	643	515	128
2897	657	510	147
2898	662	536	126
2899	663	534	129
2900	666	526	140
2901	672	530	142
2902	668	528	140
2903	685	520	165
2904	688	522	166
2905	664	528	136
2906	673	524	149
2907	650	520	130
2908	615	521	94
2909	637	507	130
2910	653	517	136
2911	628	517	111
2912	614	518	96
2913	644	526	118
2914	623	524	99
2915	632	521	111
2916	637	518	119
2917	621	519	102
2918	653	524	129
2919	647	514	133
2920	620	520	100
2921	634	523	111
2922	640	519	121
2923	648	516	132
2924	629	510	119
2925	632	516	116
2926	615	522	93
2927	622	522	100
2928	639	520	119
2929	651	516	135
2930	611	518	93
2931	630	517	113
2932	637	526	111
2933	616	528	88
2934	613	517	96
2935	630	508	122
2936	611	515	96
2937	622	515	107
2938	628	506	122
2939	641	513	128
2940	660	519	141
2941	663	513	150
2942	631	512	119
2943	633	524	109
2944	627	520	107
2945	625	514	111
2946	639	521	118
2947	643	519	124
2948	643	526	117
2949	643	517	126
2950	608	520	88
2951	624	520	104
2952	626	516	110
2953	623	519	104
2954	630	518	112
2955	634	523	111
2956	622	518	104
2957	612	517	95
2958	618	518	100
2959	625	511	114
2960	607	514	93
2961	606	517	89
2962	614	522	92
2963	637	522	115
2964	631	523	108
2965	640	517	123
2966	618	513	105
2967	600	509	91
2968	606	507	99
2969	643	535	108
2970	609	512	97
2971	610	518	92
2972	618	526	92
2973	629	517	112
2974	612	504	108
2975	603	510	93
2976	588	516	72
2977	566	511	55
2978	579	513	66
2979	590	524	66
2980	594	528	66
2981	615	526	89
2982	635	530	105
2983	612	523	89
2984	584	518	66
2985	615	521	94
2986	640	521	119
2987	628	526	102
2988	608	518	90
2989	594	515	79
2990	607	514	93
2991	612	515	97
2992	591	514	77
2993	606	515	91
2994	600	512	88
2995	613	518	95
2996	619	520	99
2997	608	511	97
2998	586	519	67
2999	588	523	65
3000	603	518	85
3001	616	525	91
3002	609	513	96
3003	608	505	103
3004	595	513	82
3005	626	526	100
3006	612	534	78
3007	599	537	62
3008	588	522	66
3009	593	525	68
3010	610	523	87
3011	594	516	78
3012	584	518	66
3013	611	518	93
3014	611	506	105
3015	593	522	71
3016	601	514	87
3017	595	522	73
3018	595	530	65
3019	650	524	126
3020	623	518	105
3021	600	516	84
3022	612	524	88
3023	620	512	108
3024	622	505	117
3025	610	511	99
3026	590	523	67
3027	583	523	60
3028	578	519	59
3029	598	523	75
3030	590	510	80
3031	599	520	79
3032	619	528	91
3033	617	523	94
3034	600	527	73
3035	594	518	76
3036	600	510	90
3037	600	521	79
3038	575	522	53
3039	589	524	65
3040	597	526	71
3041	585	507	78
3042	593	499	94
3043	610	510	100
3044	612	512	100
3045	590	516	74
3046	573	523	50
3047	594	528	66
3048	596	528	68
3049	587	522	65
3050	607	517	90
3051	587	527	60
3052	556	520	36
3053	585	519	66
3054	570	528	42
3055	595	521	74
3056	609	506	103
3057	592	518	74
3058	576	522	54
3059	576	514	62
3060	592	507	85
3061	589	509	80
3062	574	505	69
3063	582	508	74
3064	582	514	68
3065	584	514	70
3066	547	513	34
3067	563	505	58
3068	564	512	52
3069	545	516	29
3070	557	526	31
3071	579	516	63
3072	574	510	64
3073	564	510	54
3074	558	508	50
3075	573	519	54
3076	562	522	40
3077	558	520	38
3078	578	517	61
3079	572	528	44
3080	573	524	49
3081	571	517	54
3082	542	510	32
3083	556	508	48
3084	583	511	72
3085	573	515	58
3086	565	526	39
3087	582	523	59
3088	545	520	25
3089	553	522	31
3090	558	520	38
3091	552	520	32
3092	540	513	27
3093	539	517	22
3094	545	528	17
3095	578	528	50
3096	591	512	79
3097	542	514	28
3098	504	516	-12
3099	539	518	21
3100	533	516	17
3101	533	497	36
3102	533	511	22
3103	576	520	56
3104	577	521	56
3105	550	507	43
3106	550	499	51
3107	579	505	74
3108	563	512	51
3109	579	526	53
3110	544	527	17
3111	544	530	14
3112	536	521	15
3113	548	514	34
3114	560	505	55
3115	567	506	61
3116	560	511	49
3117	542	515	27
3118	537	517	20
3119	562	512	50
3120	550	515	35
3121	535	517	18
3122	517	520	-3
3123	546	518	28
3124	567	514	53
3125	537	518	19
3126	517	525	-8
3127	553	522	31
3128	565	519	46
3129	539	522	17
3130	550	519	31
3131	586	514	72
3132	564	515	49
3133	569	521	48
3134	535	519	16
3135	526	523	3
3136	540	516	24
3137	541	516	25
3138	539	520	19
3139	538	526	12
3140	541	521	20
3141	515	518	-3
3142	526	527	-1
3143	552	525	27
3144	543	513	30
3145	532	512	20
3146	528	508	20
3147	566	516	50
3148	571	518	53
3149	562	521	41
3150	551	520	31
3151	554	517	37
3152	539	516	23
3153	577	519	58
3154	580	512	68
3155	564	507	57
3156	534	511	23
3157	532	519	13
3158	574	514	60
3159	596	517	79
3160	562	526	36
3161	559	517	42
3162	544	520	24
3163	538	520	18
3164	531	515	16
3165	539	512	27
3166	537	522	15
3167	543	517	26
3168	560	508	52
3169	553	517	36
3170	537	517	20
3171	542	515	27
3172	532	516	16
3173	537	517	20
3174	524	517	7
3175	545	522	23
3176	556	516	40
3177	534	517	17
3178	537	519	18
3179	533	512	21
3180	543	508	35
3181	552	516	36
3182	540	529	11
3183	552	520	32
3184	563	521	42
3185	549	510	39
3186	528	504	24
3187	544	514	30
3188	535	513	22
3189	543	514	29
3190	549	508	41
3191	517	516	1
3192	522	511	11
3193	552	498	54
3194	538	507	31
3195	540	507	33
3196	555	521	34
3197	548	519	29
3198	551	511	40
3199	555	525	30
3200	555	526	29
3201	555	522	33
3202	539	515	24
3203	521	507	14
3204	519	506	13
3205	535	510	25
3206	551	516	35
3207	534	517	17
3208	554	516	38
3209	557	508	49
3210	552	512	40
3211	546	517	29
3212	531	522	9
3213	556	508	48
3214	561	499	62
3215	544	515	29
3216	551	525	26
3217	571	525	46
3218	554	520	34
3219	559	515	44
3220	555	521	34
3221	544	514	30
3222	541	513	28
3223	539	517	22
3224	535	514	21
3225	533	513	20
3226	527	522	5
3227	537	518	19
3228	551	517	34
3229	556	523	33
3230	543	514	29
3231	529	522	7
3232	544	528	16
3233	542	516	26
3234	536	518	18
3235	537	508	29
3236	551	508	43
3237	547	508	39
3238	543	504	39
3239	566	515	51
3240	564	520	44
3241	567	524	43
3242	549	525	24
3243	545	523	22
3244	538	516	22
3245	532	524	8
3246	541	519	22
3247	552	518	34
3248	547	524	23
3249	528	517	11
3250	520	510	10
3251	528	518	10
3252	550	523	27
3253	559	509	50
3254	540	511	29
3255	544	518	26
3256	537	517	20
3257	566	515	51
3258	566	518	48
3259	553	517	36
3260	544	513	31
3261	552	509	43
3262	535	507	28
3263	539	503	36
3264	540	507	33
3265	542	506	36
3266	541	506	35
3267	528	509	19
3268	537	508	29
3269	559	510	49
3270	543	499	44
3271	532	500	32
3272	532	515	17
3273	513	527	-14
3274	537	516	21
3275	558	524	34
3276	552	525	27
3277	545	513	32
3278	549	511	38
3279	563	521	42
3280	549	512	37
3281	556	508	48
3282	545	514	31
3283	542	521	21
3284	529	518	11
3285	539	516	23
3286	545	511	34
3287	535	510	25
3288	535	510	25
3289	526	518	8
3290	523	516	7
3291	555	508	47
3292	532	500	32
3293	537	508	29
3294	528	511	17
3295	539	508	31
3296	551	509	42
3297	560	514	46
3298	555	523	32
3299	525	515	10
3300	517	515	2
3301	535	517	18
3302	548	519	29
3303	555	518	37
3304	566	514	52
3305	564	514	50
3306	538	513	25
3307	527	513	14
3308	544	505	39
3309	543	517	26
3310	531	516	15
3311	544	516	28
3312	536	519	17
3313	538	509	29
3314	534	515	19
3315	548	529	19
3316	537	523	14
3317	535	515	20
3318	552	506	46
3319	543	497	46
3320	532	499	33
3321	526	512	14
3322	514	503	11
3323	529	504	25
3324	501	502	-1
3325	544	509	35
3326	544	504	40
3327	524	510	14
3328	525	518	7
3329	551	520	31
3330	546	510	36
3331	527	497	30
3332	505	515	-10
3333	530	512	18
3334	529	504	25
3335	524	507	17
3336	530	500	30
3337	547	509	38
3338	545	517	28
3339	540	500	40
3340	537	487	50
3341	525	501	24
3342	522	511	11
3343	533	511	22
3344	534	498	36
3345	522	499	23
3346	517	510	7
3347	547	513	34
3348	549	522	27
3349	521	517	4
3350	510	517	-7
3351	531	509	22
3352	536	514	22
3353	530	512	18
3354	528	505	23
3355	547	515	32
3356	518	518	0
3357	531	516	15
3358	516	512	4
3359	528	510	18
3360	535	515	20
3361	547	521	26
3362	541	517	24
3363	530	519	11
3364	539	522	17
3365	539	513	26
3366	526	509	17
3367	535	524	11
3368	528	513	15
3369	525	511	14
3370	527	510	17
3371	538	508	30
3372	534	509	25
3373	533	505	28
3374	520	506	14
3375	517	516	1
3376	536	508	28
3377	552	497	55
3378	543	496	47
3379	547	503	44
3380	528	504	24
3381	534	510	24
3382	533	506	27
3383	537	510	27
3384	526	509	17
3385	505	509	-4
3386	523	518	5
3387	533	521	12
3388	529	518	11
3389	540	519	21
3390	513	516	-3
3391	522	507	15
3392	535	515	20
3393	540	518	22
3394	532	521	11
3395	511	517	-6
3396	502	511	-9
3397	534	510	24
3398	524	510	14
3399	519	512	7
3400	529	510	19
3401	519	508	11
3402	505	512	-7
3403	511	505	6
3404	543	501	42
3405	572	505	67
3406	543	509	34
3407	520	523	-3
3408	501	518	-17
3409	531	510	21
3410	544	495	49
3411	519	494	25
3412	513	501	12
3413	529	507	22
3414	542	517	25
3415	542	519	23
3416	535	519	16
3417	528	525	3
3418	535	518	17
3419	548	503	45
3420	530	507	23
3421	516	512	4
3422	506	510	-4
3423	534	518	16
3424	539	519	20
3425	534	507	27
3426	535	508	27
3427	540	517	23
3428	527	501	26
3429	544	504	40
3430	532	512	20
3431	547	512	35
3432	539	511	28
3433	529	503	26
3434	529	507	22
3435	519	519	0
3436	536	517	19
3437	542	510	32
3438	532	494	38
3439	526	504	22
3440	520	505	15
3441	514	503	11
3442	507	510	-3
3443	517	504	13
3444	518	502	16
3445	532	511	21
3446	531	513	18
3447	531	513	18
3448	530	507	23
3449	524	501	23
3450	545	506	39
3451	508	503	5
3452	505	495	10
3453	519	504	15
3454	529	499	30
3455	560	509	51
3456	544	509	35
3457	536	498	38
3458	526	508	18
3459	520	517	3
3460	525	513	12
3461	532	504	28
3462	522	496	26
3463	530	497	33
3464	525	499	26
3465	511	514	-3
3466	503	516	-13
3467	542	498	44
3468	524	502	22
3469	518	516	2
3470	537	507	30
3471	559	505	54
3472	525	507	18
3473	502	504	-2
3474	526	509	17
3475	525	503	22
3476	527	490	37
3477	525	504	21
3478	500	511	-11
3479	515	505	10
3480	522	511	11
3481	509	521	-12
3482	499	512	-13
3483	527	503	24
3484	517	504	13
3485	518	503	15
3486	535	506	29
3487	548	511	37
3488	548	516	32
3489	553	509	44
3490	533	509	24
3491	521	507	14
3492	527	508	19
3493	519	511	8
3494	509	505	4
3495	539	510	29
3496	541	495	46
3497	536	496	40
3498	516	514	2
3499	529	505	24
3500	555	506	49
3501	547	515	32
3502	539	515	24
3503	527	509	18
3504	536	499	37
3505	536	491	45
3506	534	488	46
3507	532	510	22
3508	537	499	38
3509	527	499	28
3510	513	502	11
3511	515	492	23
3512	516	507	9
3513	527	513	14
3514	543	514	29
3515	532	519	13
3516	529	514	15
3517	533	505	28
3518	522	497	25
3519	533	498	35
3520	523	506	17
3521	536	500	36
3522	544	510	34
3523	525	512	13
3524	521	513	8
3525	523	516	7
3526	546	498	48
3527	551	498	53
3528	527	502	25
3529	523	512	11
3530	531	508	23
3531	532	498	34
3532	522	501	21
3533	514	504	10
3534	509	504	5
3535	499	506	-7
3536	502	509	-7
3537	513	504	9
3538	525	500	25
3539	541	498	43
3540	535	494	41
3541	525	501	24
3542	508	512	-4
3543	511	508	3
3544	515	502	13
3545	524	506	18
3546	530	507	23
3547	520	507	13
3548	532	508	24
3549	542	507	35
3550	517	504	13
3551	526	508	18
3552	500	512	-12
3553	520	510	10
3554	522	502	20
3555	506	508	-2
3556	509	505	4
3557	493	498	-5
3558	519	515	4
3559	542	519	23
3560	526	508	18
3561	535	508	27
3562	518	509	9
3563	515	507	8
3564	515	499	16
3565	509	498	11
3566	502	487	15
3567	515	501	14
3568	503	506	-3
3569	516	503	13
3570	513	508	5
3571	525	505	20
3572	527	506	21
3573	533	506	27
3574	520	506	14
3575	508	502	6
3576	508	490	18
3577	522	501	21
3578	499	496	3
3579	523	496	27
3580	525	512	13
3581	517	508	9
3582	512	505	7
3583	507	510	-3
3584	515	500	15
3585	527	498	29
3586	507	502	5
3587	511	498	13
3588	517	500	17
3589	522	515	7
3590	504	522	-18
3591	493	515	-22
3592	505	509	-4
3593	499	509	-10
3594	520	504	16
3595	523	506	17
3596	507	511	-4
3597	508	494	14
3598	522	485	37
3599	532	489	43
3600	502	498	4
3601	487	506	-19
3602	516	509	7
3603	529	511	18
3604	499	496	3
3605	509	492	17
3606	540	505	35
3607	522	506	16
3608	495	513	-18
3609	512	506	6
3610	537	496	41
3611	526	503	23
3612	514	501	13
3613	499	505	-6
3614	506	505	1
3615	512	504	8
3616	517	505	12
3617	514	503	11
3618	510	490	20
3619	538	488	50
3620	543	492	51
3621	531	493	38
3622	515	494	21
3623	511	487	24
3624	501	499	2
3625	522	509	13
3626	505	506	-1
3627	501	513	-12
3628	510	499	11
3629	520	499	21
3630	496	495	1
3631	506	491	15
3632	497	499	-2
3633	490	497	-7
3634	492	505	-13
3635	505	504	1
3636	497	494	3
3637	501	495	6
3638	474	492	-18
3639	492	495	-3
3640	496	497	-1
3641	502	504	-2
3642	492	505	-13
3643	517	503	14
3644	504	494	10
3645	528	493	35
3646	501	490	11
3647	486	492	-6
3648	500	497	3
