index	original	background	difference
-----------------------------------------------------
1	445	346	99
2	461	356	105
3	450	362	88
4	438	357	81
5	441	352	89
6	444	352	92
7	434	359	75
8	427	364	63
9	440	360	80
10	446	370	76
11	447	363	84
12	450	359	91
13	456	365	91
14	442	359	83
15	448	350	98
16	439	346	93
17	446	360	86
18	445	357	88
19	446	350	96
20	450	359	91
21	449	363	86
22	459	360	99
23	459	362	97
24	447	361	86
25	446	355	91
26	447	368	79
27	436	371	65
28	442	360	82
29	455	365	90
30	447	371	76
31	459	369	90
32	456	361	95
33	458	369	89
34	452	379	73
35	460	366	94
36	455	363	92
37	450	359	91
38	462	362	100
39	465	359	106
40	459	359	100
41	452	366	86
42	453	363	90
43	452	370	82
44	444	367	77
45	443	353	90
46	452	358	94
47	462	367	95
48	463	364	99
49	456	375	81
50	462	379	83
51	462	377	85
52	456	372	84
53	471	367	104
54	472	380	92
55	462	375	87
56	470	372	98
57	467	374	93
58	460	376	84
59	458	370	88
60	460	373	87
61	473	374	99
62	463	370	93
63	457	376	81
64	455	368	87
65	461	373	88
66	462	379	83
67	467	371	96
68	460	368	92
69	468	363	105
70	461	361	100
71	453	368	85
72	459	377	82
73	460	378	82
74	456	381	75
75	462	374	88
76	458	364	94
77	459	355	104
78	452	367	85
79	453	371	82
80	456	368	88
81	471	373	98
82	476	381	95
83	470	368	102
84	462	373	89
85	465	378	87
86	461	370	91
87	460	371	89
88	452	363	89
89	462	364	98
90	464	374	90
91	462	381	81
92	460	379	81
93	460	372	88
94	463	369	94
95	457	373	84
96	454	367	87
97	458	361	97
98	458	370	88
99	453	372	81
100	459	377	82
101	465	379	86
102	452	376	76
103	461	370	91
104	459	369	90
105	454	378	76
106	463	377	86
107	466	373	93
108	467	371	96
109	468	371	97
110	459	373	86
111	471	370	101
112	470	364	106
113	469	377	92
114	459	375	84
115	456	374	82
116	463	376	87
117	467	372	95
118	453	378	75
119	449	378	71
120	451	369	82
121	455	365	90
122	457	366	91
123	455	378	77
124	457	391	66
125	468	375	93
126	454	368	86
127	463	367	96
128	460	374	86
129	461	381	80
130	458	376	82
131	463	376	87
132	463	369	94
133	453	369	84
134	455	368	87
135	452	375	77
136	451	383	68
137	462	378	84
138	467	377	90
139	464	368	96
140	463	378	85
141	461	386	75
142	460	385	75
143	459	369	90
144	470	369	101
145	467	378	89
146	453	367	86
147	459	365	94
148	471	376	95
149	468	371	97
150	461	381	80
151	458	394	64
152	447	381	66
153	461	372	89
154	466	369	97
155	468	364	104
156	457	369	88
157	459	368	91
158	457	364	93
159	451	374	77
160	446	374	72
161	454	370	84
162	457	370	87
163	458	378	80
164	441	373	68
165	442	373	69
166	449	382	67
167	454	379	75
168	452	376	76
169	447	368	79
170	447	368	79
171	458	366	92
172	449	373	76
173	445	369	76
174	450	372	78
175	456	370	86
176	452	371	81
177	459	363	96
178	457	369	88
179	457	368	89
180	450	379	71
181	448	373	75
182	446	373	73
183	454	373	81
184	463	372	91
185	458	368	90
186	446	373	73
187	450	362	88
188	459	364	95
189	464	373	91
190	449	371	78
191	447	373	74
192	454	374	80
193	460	373	87
194	462	365	97
195	450	364	86
196	451	368	83
197	443	366	77
198	442	368	74
199	448	380	68
200	463	379	84
201	452	374	78
202	447	380	67
203	457	371	86
204	453	367	86
205	455	371	84
206	454	364	90
207	451	365	86
208	453	371	82
209	454	377	77
210	455	372	83
211	455	380	75
212	455	377	78
213	454	366	88
214	450	370	80
215	450	375	75
216	445	374	71
217	452	373	79
218	452	371	81
219	451	361	90
220	454	370	84
221	454	365	89
222	454	366	88
223	452	368	84
224	451	371	80
225	444	374	70
226	440	365	75
227	455	368	87
228	451	361	90
229	453	368	85
230	460	372	88
231	454	369	85
232	440	370	70
233	438	366	72
234	453	367	86
235	458	369	89
236	443	361	82
237	444	363	81
238	440	370	70
239	438	364	74
240	453	357	96
241	455	363	92
242	453	362	91
243	448	364	84
244	445	367	78
245	450	374	76
246	446	378	68
247	432	373	59
248	448	367	81
249	453	360	93
250	445	370	75
251	456	364	92
252	448	367	81
253	449	363	86
254	444	366	78
255	435	369	66
256	445	372	73
257	447	381	66
258	435	371	64
259	434	359	75
260	444	361	83
261	446	368	78
262	445	361	84
263	446	368	78
264	448	371	77
265	447	369	78
266	446	372	74
267	451	373	78
268	449	367	82
269	447	365	82
270	437	363	74
271	430	367	63
272	430	370	60
273	440	364	76
274	440	365	75
275	453	371	82
276	445	374	71
277	431	368	63
278	434	366	68
279	440	365	75
280	438	367	71
281	448	365	83
282	441	360	81
283	443	352	91
284	437	361	76
285	437	357	80
286	437	352	85
287	438	360	78
288	439	368	71
289	439	375	64
290	445	365	80
291	441	351	90
292	436	364	72
293	444	365	79
294	440	357	83
295	431	361	70
296	427	361	66
297	438	368	70
298	442	370	72
299	455	359	96
300	456	359	97
301	445	350	95
302	435	358	77
303	440	354	86
304	449	352	97
305	444	360	84
306	441	365	76
307	445	364	81
308	447	353	94
309	445	351	94
310	428	351	77
311	436	356	80
312	441	361	80
313	439	352	87
314	434	352	82
315	436	353	83
316	434	358	76
317	435	360	75
318	435	362	73
319	447	365	82
320	437	364	73
321	441	368	73
322	442	371	71
323	444	369	75
324	434	365	69
325	432	363	69
326	437	360	77
327	437	354	83
328	436	365	71
329	443	366	77
330	444	362	82
331	440	353	87
332	444	353	91
333	439	358	81
334	435	361	74
335	438	353	85
336	442	359	83
337	440	367	73
338	436	362	74
339	423	356	67
340	416	351	65
341	432	354	78
342	439	362	77
343	443	355	88
344	438	368	70
345	436	366	70
346	443	360	83
347	442	362	80
348	440	353	87
349	442	354	88
350	445	368	77
351	438	370	68
352	435	356	79
353	439	360	79
354	444	365	79
355	439	364	75
356	443	355	88
357	442	365	77
358	433	370	63
359	440	362	78
360	439	354	85
361	452	358	94
362	449	357	92
363	434	347	87
364	433	357	76
365	439	358	81
366	440	357	83
367	451	354	97
368	438	355	83
369	424	357	67
370	429	358	71
371	439	356	83
372	436	358	78
373	451	357	94
374	445	360	85
375	438	353	85
376	436	359	77
377	433	361	72
378	434	352	82
379	437	354	83
380	441	365	76
381	446	358	88
382	442	360	82
383	434	361	73
384	439	355	84
385	441	354	87
386	443	349	94
387	446	351	95
388	442	354	88
389	446	356	90
390	435	349	86
391	438	356	82
392	444	360	84
393	445	352	93
394	440	361	79
395	438	366	72
396	435	371	64
397	440	358	82
398	448	349	99
399	443	353	90
400	435	357	78
401	443	356	87
402	443	358	85
403	454	351	103
404	440	354	86
405	439	346	93
406	443	348	95
407	442	351	91
408	438	362	76
409	430	368	62
410	440	362	78
411	444	360	84
412	433	364	69
413	446	366	80
414	450	359	91
415	451	357	94
416	440	370	70
417	445	364	81
418	443	365	78
419	443	367	76
420	449	367	82
421	439	359	80
422	437	363	74
423	441	358	83
424	434	368	66
425	437	362	75
426	442	354	88
427	434	349	85
428	436	356	80
429	449	359	90
430	452	357	95
431	455	354	101
432	450	351	99
433	441	359	82
434	439	357	82
435	444	352	92
436	437	356	81
437	443	358	85
438	438	355	83
439	435	349	86
440	440	351	89
441	442	357	85
442	446	358	88
443	450	358	92
444	451	363	88
445	452	363	89
446	446	355	91
447	439	346	93
448	435	345	90
449	440	350	90
450	450	346	104
451	440	359	81
452	429	361	68
453	428	357	71
454	423	358	65
455	432	351	81
456	438	352	86
457	437	359	78
458	438	360	78
459	436	353	83
460	440	355	85
461	442	357	85
462	435	364	71
463	433	357	76
464	450	349	101
465	458	360	98
466	444	362	82
467	430	355	75
468	437	352	85
469	445	358	87
470	441	361	80
471	447	354	93
472	442	349	93
473	437	347	90
474	440	360	80
475	443	365	78
476	439	369	70
477	437	363	74
478	432	356	76
479	438	357	81
480	443	341	102
481	450	352	98
482	458	356	102
483	447	358	89
484	443	353	90
485	453	353	100
486	448	357	91
487	447	366	81
488	440	349	91
489	435	351	84
490	438	352	86
491	448	347	101
492	446	347	99
493	450	351	99
494	442	348	94
495	444	345	99
496	440	353	87
497	436	355	81
498	442	359	83
499	447	352	95
500	439	356	83
501	441	349	92
502	440	349	91
503	436	345	91
504	443	348	95
505	441	352	89
506	440	346	94
507	451	340	111
508	446	341	105
509	443	346	97
510	441	355	86
511	439	350	89
512	440	340	100
513	446	342	104
514	443	350	93
515	437	353	84
516	441	354	87
517	449	353	96
518	442	351	91
519	441	352	89
520	446	341	105
521	443	340	103
522	450	348	102
523	445	351	94
524	453	354	99
525	458	351	107
526	445	350	95
527	444	344	100
528	441	349	92
529	444	350	94
530	451	343	108
531	461	337	124
532	458	345	113
533	453	346	107
534	434	343	91
535	436	345	91
536	439	358	81
537	441	345	96
538	447	347	100
539	450	357	93
540	447	348	99
541	448	345	103
542	449	350	99
543	445	343	102
544	453	344	109
545	462	347	115
546	458	351	107
547	451	349	102
548	450	352	98
549	457	342	115
550	461	338	123
551	464	342	122
552	462	346	116
553	463	341	122
554	468	346	122
555	468	341	127
556	468	348	120
557	475	347	128
558	479	341	138
559	474	344	130
560	474	342	132
561	469	349	120
562	467	346	121
563	476	343	133
564	479	342	137
565	478	342	136
566	480	344	136
567	485	348	137
568	479	352	127
569	480	348	132
570	473	335	138
571	474	332	142
572	485	347	138
573	489	352	137
574	490	360	130
575	488	357	131
576	483	356	127
577	482	345	137
578	490	341	149
579	488	344	144
580	489	348	141
581	504	348	156
582	504	344	160
583	495	337	158
584	497	328	169
585	502	348	154
586	502	345	157
587	512	342	170
588	516	349	167
589	521	345	176
590	518	349	169
591	510	353	157
592	517	338	179
593	526	343	183
594	534	339	195
595	535	339	196
596	532	340	192
597	526	341	185
598	517	343	174
599	533	348	185
600	528	344	184
601	529	346	183
602	548	343	205
603	560	352	208
604	557	349	208
605	557	345	212
606	556	352	204
607	552	348	204
608	547	337	210
609	551	334	217
610	563	346	217
611	567	345	222
612	560	334	226
613	561	338	223
614	569	342	227
615	572	342	230
616	573	341	232
617	574	342	232
618	577	335	242
619	593	337	256
620	593	349	244
621	603	339	264
622	606	336	270
623	611	339	272
624	612	342	270
625	614	340	274
626	620	342	278
627	633	337	296
628	641	340	301
629	649	342	307
630	664	343	321
631	666	349	317
632	677	357	320
633	680	354	326
634	682	346	336
635	698	339	359
636	707	337	370
637	717	346	371
638	718	345	373
639	729	344	385
640	744	340	404
641	747	336	411
642	758	341	417
643	770	346	424
644	777	345	432
645	779	338	441
646	768	344	424
647	773	343	430
648	786	344	442
649	798	346	452
650	817	341	476
651	824	345	479
652	829	345	484
653	839	348	491
654	861	348	513
655	861	344	517
656	855	343	512
657	852	344	508
658	877	332	545
659	902	329	573
660	900	341	559
661	904	337	567
662	917	343	574
663	927	350	577
664	935	345	590
665	953	333	620
666	962	337	625
667	964	346	618
668	990	351	639
669	1017	347	670
670	1021	344	677
671	1016	344	672
672	1033	333	700
673	1060	338	722
674	1070	346	724
675	1093	343	750
676	1115	346	769
677	1137	333	804
678	1151	338	813
679	1157	336	821
680	1179	349	830
681	1200	347	853
682	1223	343	880
683	1231	340	891
684	1244	337	907
685	1271	335	936
686	1304	342	962
687	1325	345	980
688	1341	341	1000
689	1367	344	1023
690	1373	344	1029
691	1398	344	1054
692	1426	344	1082
693	1424	334	1090
694	1436	334	1102
695	1468	346	1122
696	1477	338	1139
697	1502	338	1164
698	1499	340	1159
699	1510	336	1174
700	1547	347	1200
701	1573	344	1229
702	1570	342	1228
703	1580	336	1244
704	1602	343	1259
705	1605	338	1267
706	1613	330	1283
707	1623	331	1292
708	1629	342	1287
709	1654	346	1308
710	1688	353	1335
711	1721	338	1383
712	1721	334	1387
713	1727	339	1388
714	1743	339	1404
715	1764	343	1421
716	1817	327	1490
717	1825	323	1502
718	1834	330	1504
719	1861	332	1529
720	1871	334	1537
721	1898	328	1570
722	1913	334	1579
723	1944	333	1611
724	1965	338	1627
725	1982	345	1637
726	2027	336	1691
727	2054	325	1729
728	2062	329	1733
729	2102	341	1761
730	2155	340	1815
731	2165	345	1820
732	2227	344	1883
733	2231	342	1889
734	2237	347	1890
735	2275	341	1934
736	2303	332	1971
737	2356	331	2025
738	2370	345	2025
739	2365	337	2028
740	2409	339	2070
741	2459	347	2112
742	2483	338	2145
743	2484	335	2149
744	2498	347	2151
745	2526	341	2185
746	2549	334	2215
747	2563	338	2225
748	2593	335	2258
749	2605	335	2270
750	2612	341	2271
751	2626	336	2290
752	2619	338	2281
753	2642	337	2305
754	2656	336	2320
755	2647	342	2305
756	2667	340	2327
757	2694	346	2348
758	2663	341	2322
759	2667	348	2319
760	2656	345	2311
761	2654	337	2317
762	2658	339	2319
763	2669	329	2340
764	2686	323	2363
765	2703	331	2372
766	2695	333	2362
767	2686	335	2351
768	2685	340	2345
769	2683	333	2350
770	2667	324	2343
771	2678	334	2344
772	2688	342	2346
773	2685	333	2352
774	2700	339	2361
775	2692	343	2349
776	2698	343	2355
777	2721	337	2384
778	2741	336	2405
779	2746	346	2400
780	2747	351	2396
781	2773	342	2431
782	2760	339	2421
783	2790	341	2449
784	2821	335	2486
785	2853	342	2511
786	2862	344	2518
787	2879	345	2534
788	2902	346	2556
789	2932	338	2594
790	2933	330	2603
791	2959	326	2633
792	3000	341	2659
793	3005	337	2668
794	3049	332	2717
795	3082	340	2742
796	3072	337	2735
797	3110	341	2769
798	3124	346	2778
799	3120	349	2771
800	3134	347	2787
801	3157	345	2812
802	3160	331	2829
803	3157	328	2829
804	3187	328	2859
805	3199	334	2865
806	3197	333	2864
807	3201	337	2864
808	3199	346	2853
809	3199	349	2850
810	3209	341	2868
811	3204	332	2872
812	3199	335	2864
813	3173	333	2840
814	3191	330	2861
815	3157	331	2826
816	3139	341	2798
817	3142	344	2798
818	3139	337	2802
819	3133	339	2794
820	3124	336	2788
821	3160	335	2825
822	3131	337	2794
823	3092	336	2756
824	3102	338	2764
825	3104	325	2779
826	3097	324	2773
827	3080	326	2754
828	3070	333	2737
829	3073	343	2730
830	3062	341	2721
831	3044	330	2714
832	3030	327	2703
833	3052	331	2721
834	3052	335	2717
835	3060	320	2740
836	3085	326	2759
837	3103	334	2769
838	3099	330	2769
839	3106	326	2780
840	3111	334	2777
841	3128	337	2791
842	3131	334	2797
843	3149	330	2819
844	3151	329	2822
845	3146	325	2821
846	3185	328	2857
847	3214	332	2882
848	3248	334	2914
849	3258	334	2924
850	3289	330	2959
851	3307	329	2978
852	3298	333	2965
853	3348	322	3026
854	3382	325	3057
855	3395	331	3064
856	3439	332	3107
857	3459	327	3132
858	3432	334	3098
859	3409	327	3082
860	3460	328	3132
861	3496	330	3166
862	3508	330	3178
863	3537	335	3202
864	3569	331	3238
865	3564	332	3232
866	3578	331	3247
867	3620	324	3296
868	3617	322	3295
869	3622	321	3301
870	3647	329	3318
871	3657	323	3334
872	3661	328	3333
873	3664	330	3334
874	3640	322	3318
875	3653	327	3326
876	3686	338	3348
877	3675	328	3347
878	3690	318	3372
879	3686	318	3368
880	3674	335	3339
881	3669	331	3338
882	3664	332	3332
883	3676	330	3346
884	3643	335	3308
885	3638	332	3306
886	3652	319	3333
887	3635	319	3316
888	3624	334	3290
889	3624	325	3299
890	3628	325	3303
891	3607	321	3286
892	3600	320	3280
893	3544	321	3223
894	3559	326	3233
895	3587	332	3255
896	3580	332	3248
897	3562	329	3233
898	3538	328	3210
899	3531	325	3206
900	3540	328	3212
901	3543	325	3218
902	3548	324	3224
903	3542	336	3206
904	3537	329	3208
905	3527	316	3211
906	3538	321	3217
907	3525	335	3190
908	3558	337	3221
909	3605	330	3275
910	3606	336	3270
911	3629	335	3294
912	3620	332	3288
913	3629	325	3304
914	3691	321	3370
915	3711	321	3390
916	3712	322	3390
917	3713	317	3396
918	3746	321	3425
919	3807	319	3488
920	3821	323	3498
921	3815	321	3494
922	3856	322	3534
923	3916	330	3586
924	3915	327	3588
925	3941	327	3614
926	3982	330	3652
927	4030	333	3697
928	4069	326	3743
929	4094	329	3765
930	4136	337	3799
931	4158	332	3826
932	4184	323	3861
933	4218	329	3889
934	4234	334	3900
935	4237	327	3910
936	4258	331	3927
937	4327	326	4001
938	4373	322	4051
939	4391	324	4067
940	4390	318	4072
941	4405	321	4084
942	4395	330	4065
943	4395	323	4072
944	4411	319	4092
945	4444	319	4125
946	4447	325	4122
947	4444	322	4122
948	4452	320	4132
949	4467	320	4147
950	4453	318	4135
951	4445	322	4123
952	4419	323	4096
953	4454	321	4133
954	4441	317	4124
955	4436	317	4119
956	4416	331	4085
957	4380	325	4055
958	4375	327	4048
959	4347	332	4015
960	4328	328	4000
961	4308	320	3988
962	4299	331	3968
963	4324	337	3987
964	4324	325	3999
965	4312	321	3991
966	4286	317	3969
967	4243	320	3923
968	4234	322	3912
969	4199	329	3870
970	4178	337	3841
971	4199	322	3877
972	4184	321	3863
973	4140	327	3813
974	4112	333	3779
975	4101	321	3780
976	4107	314	3793
977	4117	322	3795
978	4123	322	3801
979	4133	323	3810
980	4145	325	3820
981	4161	318	3843
982	4159	317	3842
983	4193	324	3869
984	4226	330	3896
985	4245	331	3914
986	4245	328	3917
987	4293	330	3963
988	4348	316	4032
989	4353	324	4029
990	4403	332	4071
991	4434	324	4110
992	4436	327	4109
993	4467	329	4138
994	4532	324	4208
995	4571	323	4248
996	4596	321	4275
997	4618	322	4296
998	4687	324	4363
999	4731	328	4403
1000	4750	332	4418
1001	4790	324	4466
1002	4845	316	4529
1003	4910	318	4592
1004	4973	326	4647
1005	5003	328	4675
1006	5041	332	4709
1007	5108	327	4781
1008	5146	322	4824
1009	5170	321	4849
1010	5213	323	4890
1011	5283	321	4962
1012	5316	315	5001
1013	5330	320	5010
1014	5382	318	5064
1015	5446	312	5134
1016	5474	322	5152
1017	5528	317	5211
1018	5519	314	5205
1019	5547	318	5229
1020	5567	317	5250
1021	5577	316	5261
1022	5574	308	5266
1023	5568	319	5249
1024	5590	324	5266
1025	5617	316	5301
1026	5591	327	5264
1027	5603	329	5274
1028	5599	320	5279
1029	5620	315	5305
1030	5627	315	5312
1031	5584	320	5264
1032	5585	323	5262
1033	5590	323	5267
1034	5603	325	5278
1035	5582	326	5256
1036	5554	327	5227
1037	5536	328	5208
1038	5524	328	5196
1039	5513	323	5190
1040	5500	317	5183
1041	5477	316	5161
1042	5482	324	5158
1043	5495	320	5175
1044	5476	324	5152
1045	5458	324	5134
1046	5436	313	5123
1047	5403	313	5090
1048	5424	323	5101
1049	5399	323	5076
1050	5375	320	5055
1051	5393	316	5077
1052	5373	318	5055
1053	5380	320	5060
1054	5399	323	5076
1055	5391	319	5072
1056	5326	319	5007
1057	5348	321	5027
1058	5395	324	5071
1059	5413	321	5092
1060	5408	324	5084
1061	5424	318	5106
1062	5432	312	5120
1063	5468	316	5152
1064	5493	315	5178
1065	5489	314	5175
1066	5498	331	5167
1067	5497	330	5167
1068	5544	309	5235
1069	5578	308	5270
1070	5611	313	5298
1071	5641	316	5325
1072	5669	318	5351
1073	5731	304	5427
1074	5764	304	5460
1075	5848	313	5535
1076	5910	326	5584
1077	5948	321	5627
1078	6021	315	5706
1079	6045	322	5723
1080	6054	309	5745
1081	6141	311	5830
1082	6211	320	5891
1083	6287	323	5964
1084	6359	322	6037
1085	6452	319	6133
1086	6517	315	6202
1087	6561	316	6245
1088	6666	306	6360
1089	6758	307	6451
1090	6824	316	6508
1091	6917	311	6606
1092	6969	310	6659
1093	7041	309	6732
1094	7147	308	6839
1095	7214	314	6900
1096	7283	314	6969
1097	7317	320	6997
1098	7389	313	7076
1099	7441	311	7130
1100	7470	313	7157
1101	7499	314	7185
1102	7545	312	7233
1103	7609	321	7288
1104	7641	324	7317
1105	7726	317	7409
1106	7745	321	7424
1107	7770	318	7452
1108	7808	314	7494
1109	7835	317	7518
1110	7864	323	7541
1111	7883	333	7550
1112	7946	326	7620
1113	7947	312	7635
1114	7957	321	7636
1115	8003	315	7688
1116	8009	309	7700
1117	8003	315	7688
1118	8009	316	7693
1119	7974	315	7659
1120	7934	313	7621
1121	7959	315	7644
1122	7917	327	7590
1123	7891	322	7569
1124	7914	317	7597
1125	7872	319	7553
1126	7846	313	7533
1127	7851	318	7533
1128	7814	320	7494
1129	7788	318	7470
1130	7789	315	7474
1131	7734	314	7420
1132	7718	313	7405
1133	7662	315	7347
1134	7665	320	7345
1135	7709	326	7383
1136	7680	318	7362
1137	7618	314	7304
1138	7589	318	7271
1139	7588	324	7264
1140	7564	322	7242
1141	7512	321	7191
1142	7475	315	7160
1143	7431	321	7110
1144	7431	321	7110
1145	7446	318	7128
1146	7424	319	7105
1147	7425	319	7106
1148	7438	316	7122
1149	7415	310	7105
1150	7392	325	7067
1151	7401	321	7080
1152	7356	327	7029
1153	7324	329	6995
1154	7349	318	7031
1155	7394	311	7083
1156	7450	312	7138
1157	7398	308	7090
1158	7405	312	7093
1159	7464	312	7152
1160	7506	311	7195
1161	7502	322	7180
1162	7513	323	7190
1163	7529	323	7206
1164	7555	318	7237
1165	7610	313	7297
1166	7634	320	7314
1167	7674	323	7351
1168	7723	325	7398
1169	7724	322	7402
1170	7746	315	7431
1171	7829	313	7516
1172	7886	319	7567
1173	7972	324	7648
1174	8033	326	7707
1175	8060	328	7732
1176	8113	322	7791
1177	8213	307	7906
1178	8278	310	7968
1179	8359	306	8053
1180	8410	307	8103
1181	8481	304	8177
1182	8566	307	8259
1183	8646	324	8322
1184	8700	325	8375
1185	8771	313	8458
1186	8851	310	8541
1187	8903	320	8583
1188	8986	322	8664
1189	9077	318	8759
1190	9133	312	8821
1191	9188	311	8877
1192	9298	309	8989
1193	9348	313	9035
1194	9443	316	9127
1195	9499	321	9178
1196	9528	319	9209
1197	9585	310	9275
1198	9587	308	9279
1199	9672	312	9360
1200	9714	315	9399
1201	9700	321	9379
1202	9729	317	9412
1203	9775	312	9463
1204	9773	314	9459
1205	9806	312	9494
1206	9839	323	9516
1207	9842	317	9525
1208	9893	321	9572
1209	9884	317	9567
1210	9867	317	9550
1211	9857	322	9535
1212	9844	325	9519
1213	9777	320	9457
1214	9761	318	9443
1215	9766	319	9447
1216	9788	313	9475
1217	9784	314	9470
1218	9714	312	9402
1219	9715	312	9403
1220	9698	309	9389
1221	9644	312	9332
1222	9590	315	9275
1223	9575	321	9254
1224	9529	316	9213
1225	9445	309	9136
1226	9429	311	9118
1227	9399	302	9097
1228	9286	297	8989
1229	9241	300	8941
1230	9199	313	8886
1231	9150	307	8843
1232	9122	305	8817
1233	9069	300	8769
1234	8985	299	8686
1235	8934	304	8630
1236	8895	305	8590
1237	8872	316	8556
1238	8788	318	8470
1239	8714	309	8405
1240	8646	310	8336
1241	8630	311	8319
1242	8604	319	8285
1243	8589	320	8269
1244	8544	312	8232
1245	8476	313	8163
1246	8480	311	8169
1247	8451	309	8142
1248	8394	306	8088
1249	8318	311	8007
1250	8291	315	7976
1251	8297	317	7980
1252	8293	310	7983
1253	8256	307	7949
1254	8240	311	7929
1255	8209	319	7890
1256	8185	306	7879
1257	8190	315	7875
1258	8171	319	7852
1259	8155	314	7841
1260	8146	313	7833
1261	8085	309	7776
1262	8094	309	7785
1263	8146	315	7831
1264	8162	315	7847
1265	8156	314	7842
1266	8136	317	7819
1267	8120	320	7800
1268	8127	313	7814
1269	8134	309	7825
1270	8172	306	7866
1271	8247	310	7937
1272	8258	320	7938
1273	8265	314	7951
1274	8313	309	8004
1275	8318	305	8013
1276	8366	301	8065
1277	8404	297	8107
1278	8464	307	8157
1279	8485	319	8166
1280	8495	319	8176
1281	8554	312	8242
1282	8579	306	8273
1283	8649	306	8343
1284	8698	317	8381
1285	8703	312	8391
1286	8753	306	8447
1287	8774	302	8472
1288	8829	310	8519
1289	8883	313	8570
1290	8977	300	8677
1291	9014	305	8709
1292	9061	313	8748
1293	9127	316	8811
1294	9158	314	8844
1295	9175	308	8867
1296	9244	307	8937
1297	9315	300	9015
1298	9410	299	9111
1299	9459	300	9159
1300	9521	304	9217
1301	9554	310	9244
1302	9569	315	9254
1303	9610	313	9297
1304	9659	308	9351
1305	9744	312	9432
1306	9799	315	9484
1307	9792	308	9484
1308	9828	306	9522
1309	9850	309	9541
1310	9860	309	9551
1311	9924	307	9617
1312	9961	314	9647
1313	9935	300	9635
1314	9939	310	9629
1315	9991	315	9676
1316	9955	307	9648
1317	9948	309	9639
1318	9911	300	9611
1319	9915	289	9626
1320	9879	302	9577
1321	9846	298	9548
1322	9878	300	9578
1323	9873	304	9569
1324	9885	303	9582
1325	9876	295	9581
1326	9836	308	9528
1327	9828	313	9515
1328	9829	310	9519
1329	9813	302	9511
1330	9764	299	9465
1331	9700	308	9392
1332	9692	312	9380
1333	9683	309	9374
1334	9676	298	9378
1335	9643	304	9339
1336	9591	320	9271
1337	9574	303	9271
1338	9521	293	9228
1339	9480	288	9192
1340	9492	302	9190
1341	9434	305	9129
1342	9377	297	9080
1343	9363	307	9056
1344	9309	307	9002
1345	9207	303	8904
1346	9190	303	8887
1347	9141	308	8833
1348	9063	315	8748
1349	9032	302	8730
1350	8990	299	8691
1351	8943	306	8637
1352	8869	310	8559
1353	8836	304	8532
1354	8756	290	8466
1355	8674	299	8375
1356	8617	307	8310
1357	8524	299	8225
1358	8474	293	8181
1359	8443	290	8153
1360	8356	290	8066
1361	8299	302	7997
1362	8284	299	7985
1363	8224	296	7928
1364	8186	306	7880
1365	8117	302	7815
1366	8056	301	7755
1367	8044	308	7736
1368	8013	306	7707
1369	7980	302	7678
1370	7966	304	7662
1371	7944	306	7638
1372	7871	310	7561
1373	7864	302	7562
1374	7860	301	7559
1375	7820	307	7513
1376	7812	305	7507
1377	7799	311	7488
1378	7757	300	7457
1379	7719	300	7419
1380	7716	305	7411
1381	7717	301	7416
1382	7680	292	7388
1383	7693	300	7393
1384	7710	304	7406
1385	7689	300	7389
1386	7683	303	7380
1387	7661	298	7363
1388	7684	295	7389
1389	7733	295	7438
1390	7741	300	7441
1391	7780	301	7479
1392	7798	305	7493
1393	7847	310	7537
1394	7900	312	7588
1395	7928	308	7620
1396	7934	297	7637
1397	7977	294	7683
1398	8027	295	7732
1399	8048	306	7742
1400	8077	302	7775
1401	8106	303	7803
1402	8177	304	7873
1403	8235	299	7936
1404	8305	299	8006
1405	8337	309	8028
1406	8410	316	8094
1407	8462	304	8158
1408	8543	309	8234
1409	8599	301	8298
1410	8634	298	8336
1411	8679	298	8381
1412	8727	299	8428
1413	8800	301	8499
1414	8898	295	8603
1415	8989	292	8697
1416	9055	303	8752
1417	9104	296	8808
1418	9145	304	8841
1419	9243	305	8938
1420	9313	302	9011
1421	9367	301	9066
1422	9393	303	9090
1423	9413	310	9103
1424	9481	309	9172
1425	9540	301	9239
1426	9576	307	9269
1427	9639	316	9323
1428	9668	311	9357
1429	9717	304	9413
1430	9719	302	9417
1431	9765	304	9461
1432	9765	302	9463
1433	9773	298	9475
1434	9778	297	9481
1435	9806	302	9504
1436	9843	294	9549
1437	9859	291	9568
1438	9885	294	9591
1439	9881	291	9590
1440	9851	297	9554
1441	9854	298	9556
1442	9834	290	9544
1443	9860	295	9565
1444	9850	297	9553
1445	9848	300	9548
1446	9887	296	9591
1447	9843	297	9546
1448	9783	300	9483
1449	9742	301	9441
1450	9746	297	9449
1451	9778	300	9478
1452	9749	296	9453
1453	9735	302	9433
1454	9705	309	9396
1455	9649	297	9352
1456	9625	298	9327
1457	9585	293	9292
1458	9531	291	9240
1459	9461	302	9159
1460	9446	311	9135
1461	9392	300	9092
1462	9331	306	9025
1463	9270	301	8969
1464	9298	293	9005
1465	9241	299	8942
1466	9167	294	8873
1467	9127	296	8831
1468	9082	298	8784
1469	9010	289	8721
1470	8959	296	8663
1471	8881	295	8586
1472	8806	306	8500
1473	8748	309	8439
1474	8702	294	8408
1475	8620	296	8324
1476	8578	296	8282
1477	8536	299	8237
1478	8479	307	8172
1479	8431	307	8124
1480	8341	304	8037
1481	8254	296	7958
1482	8199	305	7894
1483	8132	305	7827
1484	8073	296	7777
1485	8031	294	7737
1486	7943	303	7640
1487	7849	299	7550
1488	7851	297	7554
1489	7826	295	7531
1490	7727	304	7423
1491	7648	298	7350
1492	7620	295	7325
1493	7574	302	7272
1494	7528	306	7222
1495	7480	300	7180
1496	7446	299	7147
1497	7364	306	7058
1498	7322	302	7020
1499	7287	288	6999
1500	7226	288	6938
1501	7215	295	6920
1502	7192	287	6905
1503	7146	289	6857
1504	7101	306	6795
1505	7063	296	6767
1506	7074	299	6775
1507	7042	298	6744
1508	7007	296	6711
1509	7014	293	6721
1510	6981	288	6693
1511	6957	288	6669
1512	6976	299	6677
1513	6955	302	6653
1514	6948	308	6640
1515	6965	298	6667
1516	6887	296	6591
1517	6885	300	6585
1518	6916	306	6610
1519	6927	302	6625
1520	6885	298	6587
1521	6885	303	6582
1522	6931	306	6625
1523	6902	301	6601
1524	6899	298	6601
1525	6936	305	6631
1526	6959	303	6656
1527	6964	293	6671
1528	6990	289	6701
1529	6960	295	6665
1530	7009	303	6706
1531	7062	302	6760
1532	7069	308	6761
1533	7075	303	6772
1534	7083	302	6781
1535	7094	299	6795
1536	7158	293	6865
1537	7201	291	6910
1538	7181	302	6879
1539	7214	302	6912
1540	7259	301	6958
1541	7284	302	6982
1542	7332	307	7025
1543	7371	305	7066
1544	7412	297	7115
1545	7440	293	7147
1546	7452	299	7153
1547	7491	308	7183
1548	7546	298	7248
1549	7589	291	7298
1550	7620	297	7323
1551	7675	301	7374
1552	7689	301	7388
1553	7748	302	7446
1554	7774	303	7471
1555	7812	298	7514
1556	7814	299	7515
1557	7869	288	7581
1558	7929	294	7635
1559	7943	294	7649
1560	7983	299	7684
1561	8034	305	7729
1562	8055	296	7759
1563	8057	298	7759
1564	8087	295	7792
1565	8118	297	7821
1566	8161	308	7853
1567	8203	300	7903
1568	8167	296	7871
1569	8189	307	7882
1570	8238	303	7935
1571	8236	301	7935
1572	8298	297	8001
1573	8332	294	8038
1574	8301	298	8003
1575	8300	303	7997
1576	8309	293	8016
1577	8308	288	8020
1578	8314	295	8019
1579	8331	295	8036
1580	8341	287	8054
1581	8300	302	7998
1582	8253	301	7952
1583	8272	296	7976
1584	8277	294	7983
1585	8264	290	7974
1586	8254	294	7960
1587	8235	297	7938
1588	8187	304	7883
1589	8187	312	7875
1590	8175	311	7864
1591	8131	311	7820
1592	8118	306	7812
1593	8094	294	7800
1594	8067	301	7766
1595	8019	305	7714
1596	8003	302	7701
1597	7977	288	7689
1598	7928	300	7628
1599	7899	300	7599
1600	7844	295	7549
1601	7812	298	7514
1602	7775	301	7474
1603	7716	301	7415
1604	7659	304	7355
1605	7602	302	7300
1606	7557	297	7260
1607	7511	299	7212
1608	7457	304	7153
1609	7450	301	7149
1610	7409	299	7110
1611	7345	298	7047
1612	7279	295	6984
1613	7230	303	6927
1614	7215	292	6923
1615	7156	290	6866
1616	7098	297	6801
1617	7062	294	6768
1618	7013	294	6719
1619	6988	296	6692
1620	6932	292	6640
1621	6868	300	6568
1622	6797	303	6494
1623	6714	299	6415
1624	6678	303	6375
1625	6652	303	6349
1626	6655	309	6346
1627	6605	301	6304
1628	6511	303	6208
1629	6451	296	6155
1630	6418	294	6124
1631	6380	296	6084
1632	6329	302	6027
1633	6289	308	5981
1634	6227	299	5928
1635	6190	292	5898
1636	6129	300	5829
1637	6071	304	5767
1638	6064	300	5764
1639	6049	301	5748
1640	5973	306	5667
1641	5936	302	5634
1642	5900	299	5601
1643	5871	298	5573
1644	5861	297	5564
1645	5862	295	5567
1646	5850	300	5550
1647	5798	293	5505
1648	5777	300	5477
1649	5767	317	5450
1650	5753	301	5452
1651	5714	293	5421
1652	5682	293	5389
1653	5688	303	5385
1654	5675	298	5377
1655	5651	293	5358
1656	5647	299	5348
1657	5607	302	5305
1658	5587	300	5287
1659	5590	293	5297
1660	5583	299	5284
1661	5552	295	5257
1662	5516	290	5226
1663	5494	292	5202
1664	5484	306	5178
1665	5493	311	5182
1666	5467	299	5168
1667	5489	299	5190
1668	5466	301	5165
1669	5448	301	5147
1670	5413	294	5119
1671	5386	295	5091
1672	5388	293	5095
1673	5384	284	5100
1674	5366	293	5073
1675	5371	296	5075
1676	5352	296	5056
1677	5348	304	5044
1678	5350	303	5047
1679	5339	297	5042
1680	5373	298	5075
1681	5363	286	5077
1682	5333	288	5045
1683	5319	293	5026
1684	5375	289	5086
1685	5394	286	5108
1686	5423	281	5142
1687	5385	295	5090
1688	5388	300	5088
1689	5409	296	5113
1690	5409	296	5113
1691	5420	292	5128
1692	5425	285	5140
1693	5423	294	5129
1694	5440	313	5127
1695	5458	307	5151
1696	5487	300	5187
1697	5516	296	5220
1698	5531	295	5236
1699	5550	289	5261
1700	5604	289	5315
1701	5626	297	5329
1702	5666	299	5367
1703	5688	300	5388
1704	5741	299	5442
1705	5776	295	5481
1706	5785	290	5495
1707	5858	286	5572
1708	5899	288	5611
1709	5937	289	5648
1710	5989	288	5701
1711	6033	291	5742
1712	6063	298	5765
1713	6124	294	5830
1714	6136	289	5847
1715	6161	299	5862
1716	6188	298	5890
1717	6220	301	5919
1718	6281	293	5988
1719	6313	291	6022
1720	6311	289	6022
1721	6362	296	6066
1722	6406	296	6110
1723	6466	295	6171
1724	6501	292	6209
1725	6538	295	6243
1726	6604	303	6301
1727	6648	301	6347
1728	6727	288	6439
1729	6770	287	6483
1730	6812	294	6518
1731	6867	293	6574
1732	6956	295	6661
1733	6967	292	6675
1734	6999	294	6705
1735	7072	298	6774
1736	7174	286	6888
1737	7241	288	6953
1738	7296	298	6998
1739	7395	296	7099
1740	7446	290	7156
1741	7434	296	7138
1742	7425	300	7125
1743	7432	298	7134
1744	7450	295	7155
1745	7454	296	7158
1746	7469	290	7179
1747	7519	287	7232
1748	7551	301	7250
1749	7565	301	7264
1750	7592	301	7291
1751	7621	302	7319
1752	7603	298	7305
1753	7568	293	7275
1754	7528	293	7235
1755	7477	293	7184
1756	7494	294	7200
1757	7521	298	7223
1758	7511	300	7211
1759	7508	298	7210
1760	7554	308	7246
1761	7601	296	7305
1762	7609	298	7311
1763	7626	306	7320
1764	7624	302	7322
1765	7608	285	7323
1766	7554	289	7265
1767	7512	297	7215
1768	7462	301	7161
1769	7453	306	7147
1770	7467	307	7160
1771	7429	297	7132
1772	7408	292	7116
1773	7396	303	7093
1774	7375	299	7076
1775	7387	293	7094
1776	7312	299	7013
1777	7282	298	6984
1778	7282	307	6975
1779	7258	293	6965
1780	7218	292	6926
1781	7154	299	6855
1782	7094	295	6799
1783	7055	292	6763
1784	7026	295	6731
1785	7012	293	6719
1786	6939	297	6642
1787	6906	302	6604
1788	6874	291	6583
1789	6822	300	6522
1790	6797	306	6491
1791	6758	299	6459
1792	6719	300	6419
1793	6700	297	6403
1794	6659	307	6352
1795	6674	302	6372
1796	6672	296	6376
1797	6653	300	6353
1798	6612	307	6305
1799	6575	301	6274
1800	6530	297	6233
1801	6503	294	6209
1802	6481	298	6183
1803	6422	299	6123
1804	6402	298	6104
1805	6380	295	6085
1806	6327	291	6036
1807	6284	300	5984
1808	6245	304	5941
1809	6185	299	5886
1810	6098	305	5793
1811	6002	303	5699
1812	5924	286	5638
1813	5869	281	5588
1814	5813	298	5515
1815	5779	302	5477
1816	5780	311	5469
1817	5736	305	5431
1818	5716	299	5417
1819	5685	298	5387
1820	5633	288	5345
1821	5641	290	5351
1822	5639	293	5346
1823	5596	294	5302
1824	5578	311	5267
1825	5578	306	5272
1826	5548	304	5244
1827	5558	293	5265
1828	5545	288	5257
1829	5550	289	5261
1830	5538	291	5247
1831	5567	294	5273
1832	5587	299	5288
1833	5613	299	5314
1834	5611	299	5312
1835	5635	300	5335
1836	5666	294	5372
1837	5708	295	5413
1838	5754	293	5461
1839	5740	300	5440
1840	5666	311	5355
1841	5627	307	5320
1842	5594	298	5296
1843	5561	300	5261
1844	5532	302	5230
1845	5513	301	5212
1846	5486	302	5184
1847	5478	307	5171
1848	5485	302	5183
1849	5480	300	5180
1850	5490	296	5194
1851	5498	295	5203
1852	5487	289	5198
1853	5481	290	5191
1854	5479	295	5184
1855	5443	294	5149
1856	5425	297	5128
1857	5435	286	5149
1858	5427	296	5131
1859	5424	308	5116
1860	5415	299	5116
1861	5383	300	5083
1862	5394	306	5088
1863	5391	295	5096
1864	5393	292	5101
1865	5419	293	5126
1866	5412	293	5119
1867	5440	293	5147
1868	5458	294	5164
1869	5481	296	5185
1870	5542	296	5246
1871	5609	297	5312
1872	5644	294	5350
1873	5643	293	5350
1874	5676	294	5382
1875	5743	294	5449
1876	5809	295	5514
1877	5874	298	5576
1878	5930	290	5640
1879	5940	295	5645
1880	5945	305	5640
1881	5939	299	5640
1882	5940	291	5649
1883	5953	292	5661
1884	5984	299	5685
1885	6035	295	5740
1886	6036	300	5736
1887	6020	293	5727
1888	5993	290	5703
1889	5968	289	5679
1890	5967	295	5672
1891	5931	297	5634
1892	5931	299	5632
1893	5968	306	5662
1894	6016	299	5717
1895	6047	304	5743
1896	6078	304	5774
1897	6075	305	5770
1898	6035	301	5734
1899	6049	299	5750
1900	6076	291	5785
1901	6094	295	5799
1902	6112	300	5812
1903	6139	293	5846
1904	6163	299	5864
1905	6177	287	5890
1906	6202	289	5913
1907	6225	295	5930
1908	6234	289	5945
1909	6265	294	5971
1910	6271	298	5973
1911	6294	299	5995
1912	6297	297	6000
1913	6314	293	6021
1914	6342	291	6051
1915	6358	290	6068
1916	6379	295	6084
1917	6421	287	6134
1918	6417	292	6125
1919	6414	299	6115
1920	6447	286	6161
1921	6524	290	6234
1922	6552	299	6253
1923	6611	301	6310
1924	6634	297	6337
1925	6647	301	6346
1926	6699	299	6400
1927	6759	291	6468
1928	6746	295	6451
1929	6789	304	6485
1930	6837	303	6534
1931	6843	300	6543
1932	6844	295	6549
1933	6831	295	6536
1934	6799	307	6492
1935	6754	301	6453
1936	6682	298	6384
1937	6681	300	6381
1938	6673	301	6372
1939	6637	291	6346
1940	6610	284	6326
1941	6613	290	6323
1942	6588	299	6289
1943	6548	308	6240
1944	6532	308	6224
1945	6487	296	6191
1946	6482	293	6189
1947	6510	298	6212
1948	6534	289	6245
1949	6591	295	6296
1950	6605	305	6300
1951	6624	300	6324
1952	6611	297	6314
1953	6563	299	6264
1954	6525	303	6222
1955	6538	301	6237
1956	6528	295	6233
1957	6521	290	6231
1958	6499	294	6205
1959	6471	296	6175
1960	6486	286	6200
1961	6523	291	6232
1962	6511	299	6212
1963	6452	293	6159
1964	6393	294	6099
1965	6358	289	6069
1966	6320	292	6028
1967	6318	297	6021
1968	6286	300	5986
1969	6248	298	5950
1970	6264	294	5970
1971	6231	293	5938
1972	6174	287	5887
1973	6129	286	5843
1974	6139	291	5848
1975	6133	306	5827
1976	6083	303	5780
1977	6058	291	5767
1978	6087	296	5791
1979	6117	304	5813
1980	6097	308	5789
1981	6077	303	5774
1982	6084	298	5786
1983	6034	293	5741
1984	6018	285	5733
1985	5995	291	5704
1986	5986	304	5682
1987	5942	304	5638
1988	5878	296	5582
1989	5864	299	5565
1990	5821	299	5522
1991	5725	300	5425
1992	5666	298	5368
1993	5587	289	5298
1994	5561	298	5263
1995	5514	298	5216
1996	5473	299	5174
1997	5445	293	5152
1998	5399	287	5112
1999	5346	292	5054
2000	5298	292	5006
2001	5246	302	4944
2002	5213	306	4907
2003	5178	297	4881
2004	5125	295	4830
2005	5103	300	4803
2006	5091	295	4796
2007	5056	288	4768
2008	5024	294	4730
2009	5013	297	4716
2010	4975	300	4675
2011	4957	300	4657
2012	4909	295	4614
2013	4873	297	4576
2014	4900	305	4595
2015	4902	306	4596
2016	4869	302	4567
2017	4841	293	4548
2018	4787	301	4486
2019	4777	299	4478
2020	4810	283	4527
2021	4791	286	4505
2022	4773	290	4483
2023	4798	287	4511
2024	4766	292	4474
2025	4732	305	4427
2026	4759	295	4464
2027	4747	291	4456
2028	4748	294	4454
2029	4764	298	4466
2030	4726	298	4428
2031	4741	292	4449
2032	4750	290	4460
2033	4744	289	4455
2034	4751	303	4448
2035	4722	297	4425
2036	4741	297	4444
2037	4783	296	4487
2038	4798	303	4495
2039	4814	300	4514
2040	4824	287	4537
2041	4833	293	4540
2042	4887	290	4597
2043	4941	289	4652
2044	4961	300	4661
2045	5014	299	4715
2046	5062	296	4766
2047	5083	294	4789
2048	5062	291	4771
2049	5069	296	4773
2050	5068	296	4772
2051	5048	297	4751
2052	5068	297	4771
2053	5062	294	4768
2054	5070	296	4774
2055	5061	293	4768
2056	5050	294	4756
2057	5058	299	4759
2058	5092	294	4798
2059	5093	298	4795
2060	5084	299	4785
2061	5066	291	4775
2062	5042	295	4747
2063	5015	293	4722
2064	5014	300	4714
2065	4966	302	4664
2066	4940	299	4641
2067	4971	294	4677
2068	4990	298	4692
2069	4969	306	4663
2070	4987	300	4687
2071	5031	293	4738
2072	5021	296	4725
2073	4974	292	4682
2074	4953	290	4663
2075	4916	288	4628
2076	4904	293	4611
2077	4870	296	4574
2078	4837	297	4540
2079	4806	304	4502
2080	4801	301	4500
2081	4816	296	4520
2082	4841	299	4542
2083	4827	288	4539
2084	4761	285	4476
2085	4769	281	4488
2086	4827	293	4534
2087	4892	293	4599
2088	4943	291	4652
2089	4952	289	4663
2090	4952	293	4659
2091	4942	303	4639
2092	4918	301	4617
2093	4887	298	4589
2094	4862	293	4569
2095	4864	293	4571
2096	4895	299	4596
2097	4884	295	4589
2098	4877	298	4579
2099	4922	293	4629
2100	4947	294	4653
2101	4956	300	4656
2102	5005	293	4712
2103	5030	291	4739
2104	5083	299	4784
2105	5144	297	4847
2106	5226	296	4930
2107	5260	295	4965
2108	5250	298	4952
2109	5279	311	4968
2110	5310	307	5003
2111	5333	301	5032
2112	5319	293	5026
2113	5331	282	5049
2114	5351	291	5060
2115	5349	300	5049
2116	5360	295	5065
2117	5355	290	5065
2118	5352	290	5062
2119	5332	289	5043
2120	5291	294	4997
2121	5257	295	4962
2122	5239	304	4935
2123	5245	306	4939
2124	5266	302	4964
2125	5270	296	4974
2126	5256	296	4960
2127	5224	298	4926
2128	5224	292	4932
2129	5240	292	4948
2130	5223	283	4940
2131	5216	289	4927
2132	5276	296	4980
2133	5380	296	5084
2134	5460	290	5170
2135	5507	290	5217
2136	5575	292	5283
2137	5577	293	5284
2138	5529	303	5226
2139	5470	295	5175
2140	5500	293	5207
2141	5501	299	5202
2142	5497	298	5199
2143	5535	292	5243
2144	5542	293	5249
2145	5596	296	5300
2146	5665	295	5370
2147	5704	294	5410
2148	5702	293	5409
2149	5690	296	5394
2150	5651	292	5359
2151	5675	295	5380
2152	5719	296	5423
2153	5757	293	5464
2154	5831	300	5531
2155	5864	296	5568
2156	5911	296	5615
2157	5901	298	5603
2158	5911	291	5620
2159	5900	290	5610
2160	5910	305	5605
2161	5926	299	5627
2162	5911	298	5613
2163	5933	295	5638
2164	5932	291	5641
2165	5929	300	5629
2166	5947	297	5650
2167	5994	294	5700
2168	6047	306	5741
2169	6092	304	5788
2170	6066	298	5768
2171	6097	295	5802
2172	6099	292	5807
2173	6061	286	5775
2174	6047	295	5752
2175	6042	295	5747
2176	6047	294	5753
2177	6019	296	5723
2178	6008	295	5713
2179	6013	289	5724
2180	6011	288	5723
2181	6009	290	5719
2182	5980	293	5687
2183	5965	291	5674
2184	5952	298	5654
2185	5959	294	5665
2186	6002	296	5706
2187	6063	296	5767
2188	6123	295	5828
2189	6191	295	5896
2190	6272	299	5973
2191	6314	298	6016
2192	6348	305	6043
2193	6355	304	6051
2194	6312	295	6017
2195	6277	296	5981
2196	6284	300	5984
2197	6246	292	5954
2198	6214	294	5920
2199	6188	298	5890
2200	6167	301	5866
2201	6153	298	5855
2202	6155	292	5863
2203	6172	291	5881
2204	6194	302	5892
2205	6218	306	5912
2206	6246	305	5941
2207	6236	298	5938
2208	6222	300	5922
2209	6198	297	5901
2210	6191	299	5892
2211	6144	297	5847
2212	6114	290	5824
2213	6115	294	5821
2214	6067	304	5763
2215	6046	292	5754
2216	6066	293	5773
2217	6036	300	5736
2218	6026	295	5731
2219	5974	289	5685
2220	5963	292	5671
2221	5946	294	5652
2222	5901	304	5597
2223	5859	300	5559
2224	5847	301	5546
2225	5863	295	5568
2226	5895	287	5608
2227	5919	293	5626
2228	5913	303	5610
2229	5876	301	5575
2230	5829	293	5536
2231	5772	296	5476
2232	5739	291	5448
2233	5719	297	5422
2234	5685	297	5388
2235	5649	298	5351
2236	5645	293	5352
2237	5594	291	5303
2238	5556	295	5261
2239	5529	291	5238
2240	5490	295	5195
2241	5448	295	5153
2242	5436	295	5141
2243	5412	300	5112
2244	5391	295	5096
2245	5360	293	5067
2246	5366	298	5068
2247	5368	300	5068
2248	5362	299	5063
2249	5318	297	5021
2250	5318	302	5016
2251	5311	299	5012
2252	5271	295	4976
2253	5229	287	4942
2254	5228	295	4933
2255	5207	299	4908
2256	5178	288	4890
2257	5182	286	4896
2258	5186	291	4895
2259	5181	293	4888
2260	5181	298	4883
2261	5158	296	4862
2262	5135	297	4838
2263	5085	291	4794
2264	5065	298	4767
2265	5080	299	4781
2266	5090	296	4794
2267	5042	301	4741
2268	5048	305	4743
2269	5064	297	4767
2270	5045	298	4747
2271	4985	292	4693
2272	4975	296	4679
2273	4991	295	4696
2274	4974	305	4669
2275	4951	314	4637
2276	4928	301	4627
2277	4880	298	4582
2278	4866	299	4567
2279	4882	296	4586
2280	4850	299	4551
2281	4843	301	4542
2282	4831	303	4528
2283	4811	294	4517
2284	4816	304	4512
2285	4807	297	4510
2286	4752	301	4451
2287	4706	303	4403
2288	4722	291	4431
2289	4697	296	4401
2290	4706	307	4399
2291	4718	299	4419
2292	4690	294	4396
2293	4706	301	4405
2294	4729	300	4429
2295	4704	293	4411
2296	4680	294	4386
2297	4619	295	4324
2298	4629	293	4336
2299	4630	305	4325
2300	4588	303	4285
2301	4574	301	4273
2302	4600	300	4300
2303	4597	302	4295
2304	4592	302	4290
2305	4638	301	4337
2306	4621	298	4323
2307	4597	298	4299
2308	4578	300	4278
2309	4559	292	4267
2310	4616	286	4330
2311	4631	295	4336
2312	4622	298	4324
2313	4622	308	4314
2314	4625	310	4315
2315	4646	297	4349
2316	4650	295	4355
2317	4646	294	4352
2318	4665	294	4371
2319	4644	296	4348
2320	4618	300	4318
2321	4630	297	4333
2322	4641	299	4342
2323	4655	296	4359
2324	4672	302	4370
2325	4675	297	4378
2326	4678	297	4381
2327	4683	305	4378
2328	4687	312	4375
2329	4670	299	4371
2330	4650	289	4361
2331	4645	306	4339
2332	4652	295	4357
2333	4683	298	4385
2334	4686	296	4390
2335	4706	294	4412
2336	4723	290	4433
2337	4735	300	4435
2338	4724	299	4425
2339	4716	295	4421
2340	4695	305	4390
2341	4669	305	4364
2342	4672	304	4368
2343	4667	301	4366
2344	4622	292	4330
2345	4625	290	4335
2346	4655	295	4360
2347	4634	295	4339
2348	4633	291	4342
2349	4681	297	4384
2350	4672	303	4369
2351	4663	301	4362
2352	4712	296	4416
2353	4738	292	4446
2354	4743	290	4453
2355	4784	284	4500
2356	4810	288	4522
2357	4836	286	4550
2358	4842	296	4546
2359	4858	295	4563
2360	4902	296	4606
2361	4944	289	4655
2362	4978	300	4678
2363	5013	296	4717
2364	5048	305	4743
2365	5091	303	4788
2366	5153	292	4861
2367	5156	293	4863
2368	5130	293	4837
2369	5200	295	4905
2370	5251	293	4958
2371	5260	290	4970
2372	5311	289	5022
2373	5332	290	5042
2374	5311	299	5012
2375	5301	300	5001
2376	5283	297	4986
2377	5282	290	4992
2378	5328	288	5040
2379	5332	294	5038
2380	5355	306	5049
2381	5373	302	5071
2382	5352	296	5056
2383	5361	287	5074
2384	5363	295	5068
2385	5353	302	5051
2386	5384	306	5078
2387	5378	298	5080
2388	5413	301	5112
2389	5454	295	5159
2390	5431	300	5131
2391	5439	295	5144
2392	5448	289	5159
2393	5456	293	5163
2394	5465	290	5175
2395	5473	293	5180
2396	5464	296	5168
2397	5406	298	5108
2398	5397	298	5099
2399	5397	296	5101
2400	5410	290	5120
2401	5397	296	5101
2402	5329	295	5034
2403	5306	281	5025
2404	5332	289	5043
2405	5368	296	5072
2406	5343	298	5045
2407	5311	296	5015
2408	5286	299	4987
2409	5293	297	4996
2410	5323	295	5028
2411	5311	298	5013
2412	5266	300	4966
2413	5265	296	4969
2414	5254	296	4958
2415	5289	295	4994
2416	5277	304	4973
2417	5221	298	4923
2418	5218	303	4915
2419	5194	307	4887
2420	5187	298	4889
2421	5227	294	4933
2422	5223	293	4930
2423	5202	297	4905
2424	5201	293	4908
2425	5220	293	4927
2426	5202	302	4900
2427	5204	296	4908
2428	5179	293	4886
2429	5178	291	4887
2430	5195	298	4897
2431	5175	297	4878
2432	5078	300	4778
2433	5109	294	4815
2434	5170	296	4874
2435	5144	290	4854
2436	5126	287	4839
2437	5128	295	4833
2438	5127	295	4832
2439	5114	303	4811
2440	5136	294	4842
2441	5176	283	4893
2442	5175	291	4884
2443	5160	293	4867
2444	5131	291	4840
2445	5097	288	4809
2446	5102	290	4812
2447	5136	301	4835
2448	5117	303	4814
2449	5086	298	4788
2450	5068	302	4766
2451	5092	292	4800
2452	5082	295	4787
2453	5065	291	4774
2454	5068	290	4778
2455	5034	304	4730
2456	4976	296	4680
2457	4996	289	4707
2458	5013	294	4719
2459	4986	290	4696
2460	4974	292	4682
2461	5014	285	4729
2462	5049	290	4759
2463	5035	285	4750
2464	5028	295	4733
2465	5010	294	4716
2466	4963	286	4677
2467	4926	292	4634
2468	4892	283	4609
2469	4896	304	4592
2470	4902	296	4606
2471	4915	292	4623
2472	4912	301	4611
2473	4931	296	4635
2474	4897	301	4596
2475	4870	303	4567
2476	4898	296	4602
2477	4931	291	4640
2478	4939	290	4649
2479	4940	292	4648
2480	4951	300	4651
2481	4937	298	4639
2482	4900	299	4601
2483	4901	309	4592
2484	4894	297	4597
2485	4862	295	4567
2486	4878	298	4580
2487	4913	298	4615
2488	4934	293	4641
2489	4911	286	4625
2490	4891	291	4600
2491	4893	285	4608
2492	4894	295	4599
2493	4890	297	4593
2494	4877	291	4586
2495	4859	297	4562
2496	4850	302	4548
2497	4852	304	4548
2498	4835	301	4534
2499	4797	295	4502
2500	4786	303	4483
2501	4833	307	4526
2502	4845	299	4546
2503	4861	298	4563
2504	4845	296	4549
2505	4871	292	4579
2506	4852	294	4558
2507	4880	284	4596
2508	4900	288	4612
2509	4920	295	4625
2510	4954	282	4672
2511	4966	289	4677
2512	4959	303	4656
2513	4957	302	4655
2514	4977	299	4678
2515	4963	299	4664
2516	5012	296	4716
2517	5207	291	4916
2518	5559	296	5263
2519	5976	298	5678
2520	6513	301	6212
2521	6988	302	6686
2522	7039	296	6743
2523	6709	292	6417
2524	6401	292	6109
2525	6253	286	5967
2526	6162	293	5869
2527	6139	299	5840
2528	6107	298	5809
2529	6046	294	5752
2530	6028	298	5730
2531	5997	299	5698
2532	5988	301	5687
2533	6002	301	5701
2534	5994	299	5695
2535	5940	291	5649
2536	5883	290	5593
2537	5802	301	5501
2538	5729	292	5437
2539	5677	293	5384
2540	5643	298	5345
2541	5629	293	5336
2542	5610	294	5316
2543	5587	301	5286
2544	5602	304	5298
2545	5591	303	5288
2546	5546	295	5251
2547	5450	291	5159
2548	5365	290	5075
2549	5309	289	5020
2550	5253	296	4957
2551	5203	288	4915
2552	5204	289	4915
2553	5147	300	4847
2554	5109	305	4804
2555	5100	300	4800
2556	5019	305	4714
2557	4936	292	4644
2558	4892	289	4603
2559	4854	298	4556
2560	4784	299	4485
2561	4711	293	4418
2562	4664	300	4364
2563	4629	301	4328
2564	4602	294	4308
2565	4576	296	4280
2566	4553	294	4259
2567	4534	295	4239
2568	4495	305	4190
2569	4464	306	4158
2570	4486	300	4186
2571	4453	294	4159
2572	4393	294	4099
2573	4348	290	4058
2574	4317	299	4018
2575	4276	301	3975
2576	4256	301	3955
2577	4238	286	3952
2578	4185	284	3901
2579	4127	301	3826
2580	4104	303	3801
2581	4100	297	3803
2582	4061	298	3763
2583	4049	292	3757
2584	4083	293	3790
2585	4040	301	3739
2586	4007	301	3706
2587	3957	292	3665
2588	3953	296	3657
2589	3944	299	3645
2590	3908	296	3612
2591	3866	290	3576
2592	3840	290	3550
2593	3816	303	3513
2594	3833	302	3531
2595	3807	294	3513
2596	3796	289	3507
2597	3837	284	3553
2598	3828	292	3536
2599	3829	297	3532
2600	3810	307	3503
2601	3804	301	3503
2602	3799	283	3516
2603	3793	288	3505
2604	3726	293	3433
2605	3736	293	3443
2606	3740	302	3438
2607	3708	301	3407
2608	3708	293	3415
2609	3695	297	3398
2610	3664	291	3373
2611	3644	288	3356
2612	3662	301	3361
2613	3687	306	3381
2614	3673	302	3371
2615	3659	296	3363
2616	3678	302	3376
2617	3684	304	3380
2618	3664	297	3367
2619	3667	292	3375
2620	3673	295	3378
2621	3689	306	3383
2622	3673	305	3368
2623	3674	298	3376
2624	3665	292	3373
2625	3660	295	3365
2626	3697	296	3401
2627	3682	299	3383
2628	3685	305	3380
2629	3694	298	3396
2630	3679	296	3383
2631	3684	308	3376
2632	3693	295	3398
2633	3700	291	3409
2634	3702	293	3409
2635	3704	290	3414
2636	3734	292	3442
2637	3774	285	3489
2638	3753	291	3462
2639	3734	287	3447
2640	3763	291	3472
2641	3771	298	3473
2642	3747	291	3456
2643	3769	294	3475
2644	3806	297	3509
2645	3839	291	3548
2646	3834	296	3538
2647	3826	296	3530
2648	3834	296	3538
2649	3828	299	3529
2650	3836	300	3536
2651	3869	293	3576
2652	3881	297	3584
2653	3920	296	3624
2654	3936	302	3634
2655	3937	303	3634
2656	3932	293	3639
2657	3947	294	3653
2658	3935	302	3633
2659	3953	304	3649
2660	3963	295	3668
2661	3944	290	3654
2662	3966	293	3673
2663	3983	288	3695
2664	3970	293	3677
2665	3970	288	3682
2666	4016	292	3724
2667	4043	294	3749
2668	4032	302	3730
2669	4013	305	3708
2670	4002	305	3697
2671	4015	296	3719
2672	4014	290	3724
2673	4045	292	3753
2674	4077	291	3786
2675	4075	299	3776
2676	4068	307	3761
2677	4073	297	3776
2678	4072	292	3780
2679	4055	302	3753
2680	4051	302	3749
2681	4031	294	3737
2682	4043	291	3752
2683	4069	301	3768
2684	4063	308	3755
2685	4078	298	3780
2686	4093	290	3803
2687	4060	293	3767
2688	4049	300	3749
2689	4068	297	3771
2690	4048	292	3756
2691	4053	297	3756
2692	4070	295	3775
2693	4072	287	3785
2694	4070	293	3777
2695	4024	297	3727
2696	3994	303	3691
2697	4015	297	3718
2698	4016	300	3716
2699	3975	291	3684
2700	3992	292	3700
2701	4013	296	3717
2702	3995	297	3698
2703	3976	290	3686
2704	3956	286	3670
2705	3963	296	3667
2706	3974	298	3676
2707	3952	294	3658
2708	3945	302	3643
2709	3915	297	3618
2710	3862	298	3564
2711	3874	301	3573
2712	3861	304	3557
2713	3853	298	3555
2714	3869	301	3568
2715	3862	297	3565
2716	3829	294	3535
2717	3797	291	3506
2718	3784	295	3489
2719	3792	297	3495
2720	3770	295	3475
2721	3737	288	3449
2722	3735	298	3437
2723	3714	301	3413
2724	3734	294	3440
2725	3746	291	3455
2726	3737	294	3443
2727	3702	290	3412
2728	3682	284	3398
2729	3673	288	3385
2730	3665	283	3382
2731	3635	296	3339
2732	3633	292	3341
2733	3631	296	3335
2734	3645	297	3348
2735	3624	298	3326
2736	3602	298	3304
2737	3592	294	3298
2738	3603	295	3308
2739	3577	302	3275
2740	3569	307	3262
2741	3564	302	3262
2742	3556	296	3260
2743	3556	286	3270
2744	3529	284	3245
2745	3495	294	3201
2746	3519	294	3225
2747	3497	297	3200
2748	3491	293	3198
2749	3501	287	3214
2750	3506	298	3208
2751	3453	300	3153
2752	3442	299	3143
2753	3453	293	3160
2754	3447	295	3152
2755	3480	291	3189
2756	3473	295	3178
2757	3447	290	3157
2758	3412	299	3113
2759	3421	297	3124
2760	3413	292	3121
2761	3412	285	3127
2762	3427	289	3138
2763	3418	294	3124
2764	3418	292	3126
2765	3398	290	3108
2766	3394	293	3101
2767	3401	300	3101
2768	3400	294	3106
2769	3363	294	3069
2770	3373	296	3077
2771	3377	294	3083
2772	3387	290	3097
2773	3377	288	3089
2774	3374	293	3081
2775	3381	298	3083
2776	3364	301	3063
2777	3329	301	3028
2778	3330	296	3034
2779	3317	301	3016
2780	3325	303	3022
2781	3329	299	3030
2782	3315	298	3017
2783	3294	291	3003
2784	3295	293	3002
2785	3299	291	3008
2786	3291	299	2992
2787	3282	297	2985
2788	3307	301	3006
2789	3311	294	3017
2790	3313	280	3033
2791	3314	287	3027
2792	3291	300	2991
2793	3269	297	2972
2794	3250	302	2948
2795	3259	306	2953
2796	3242	304	2938
2797	3246	289	2957
2798	3276	290	2986
2799	3290	294	2996
2800	3270	300	2970
2801	3247	290	2957
2802	3250	288	2962
2803	3255	301	2954
2804	3276	306	2970
2805	3259	297	2962
2806	3217	298	2919
2807	3227	296	2931
2808	3212	292	2920
2809	3213	282	2931
2810	3223	293	2930
2811	3222	297	2925
2812	3217	297	2920
2813	3210	294	2916
2814	3225	293	2932
2815	3222	306	2916
2816	3213	301	2912
2817	3194	301	2893
2818	3208	306	2902
2819	3208	298	2910
2820	3196	302	2894
2821	3182	305	2877
2822	3186	300	2886
2823	3192	301	2891
2824	3159	297	2862
2825	3155	295	2860
2826	3161	300	2861
2827	3156	296	2860
2828	3162	301	2861
2829	3150	299	2851
2830	3141	296	2845
2831	3142	288	2854
2832	3160	287	2873
2833	3141	291	2850
2834	3126	290	2836
2835	3113	282	2831
2836	3121	290	2831
2837	3121	302	2819
2838	3103	293	2810
2839	3100	293	2807
2840	3095	294	2801
2841	3094	289	2805
2842	3086	296	2790
2843	3076	293	2783
2844	3066	293	2773
2845	3071	297	2774
2846	3079	288	2791
2847	3056	285	2771
2848	3061	293	2768
2849	3042	306	2736
2850	3005	299	2706
2851	3012	292	2720
2852	3016	292	2724
2853	2991	292	2699
2854	2969	291	2678
2855	2944	289	2655
2856	2940	301	2639
2857	2939	301	2638
2858	2931	296	2635
2859	2910	297	2613
2860	2894	289	2605
2861	2856	290	2566
2862	2853	290	2563
2863	2862	290	2572
2864	2831	289	2542
2865	2815	292	2523
2866	2793	306	2487
2867	2796	303	2493
2868	2796	301	2495
2869	2782	292	2490
2870	2757	297	2460
2871	2752	299	2453
2872	2744	293	2451
2873	2729	301	2428
2874	2720	286	2434
2875	2703	291	2412
2876	2701	300	2401
2877	2664	297	2367
2878	2660	288	2372
2879	2675	294	2381
2880	2671	295	2376
2881	2686	296	2390
2882	2658	295	2363
2883	2647	293	2354
2884	2626	295	2331
2885	2602	291	2311
2886	2596	289	2307
2887	2602	301	2301
2888	2622	298	2324
2889	2602	300	2302
2890	2582	291	2291
2891	2576	286	2290
2892	2555	299	2256
2893	2538	300	2238
2894	2544	292	2252
2895	2538	294	2244
2896	2528	295	2233
2897	2510	296	2214
2898	2499	294	2205
2899	2507	293	2214
2900	2496	296	2200
2901	2481	290	2191
2902	2456	291	2165
2903	2436	285	2151
2904	2423	286	2137
2905	2430	291	2139
2906	2443	294	2149
2907	2422	301	2121
2908	2407	304	2103
2909	2384	292	2092
2910	2390	289	2101
2911	2382	292	2090
2912	2390	299	2091
2913	2403	300	2103
2914	2420	295	2125
2915	2398	291	2107
2916	2381	298	2083
2917	2376	291	2085
2918	2388	286	2102
2919	2367	292	2075
2920	2352	298	2054
2921	2354	304	2050
2922	2380	302	2078
2923	2367	291	2076
2924	2375	291	2084
2925	2372	294	2078
2926	2357	300	2057
2927	2342	295	2047
2928	2344	294	2050
2929	2341	296	2045
2930	2346	289	2057
2931	2337	299	2038
2932	2330	305	2025
2933	2320	304	2016
2934	2336	299	2037
2935	2338	293	2045
2936	2348	292	2056
2937	2325	298	2027
2938	2304	293	2011
2939	2312	297	2015
2940	2311	298	2013
2941	2339	302	2037
2942	2319	304	2015
2943	2330	304	2026
2944	2356	298	2058
2945	2340	300	2040
2946	2312	294	2018
2947	2312	294	2018
2948	2335	304	2031
2949	2329	301	2028
2950	2316	298	2018
2951	2319	290	2029
2952	2333	291	2042
2953	2335	286	2049
2954	2329	297	2032
2955	2333	299	2034
2956	2342	302	2040
2957	2356	295	2061
2958	2359	289	2070
2959	2349	289	2060
2960	2349	301	2048
2961	2336	297	2039
2962	2346	293	2053
2963	2358	285	2073
2964	2367	295	2072
2965	2363	309	2054
2966	2378	301	2077
2967	2391	298	2093
2968	2382	297	2085
2969	2384	295	2089
2970	2385	293	2092
2971	2389	298	2091
2972	2399	302	2097
2973	2382	301	2081
2974	2371	297	2074
2975	2400	299	2101
2976	2393	297	2096
2977	2377	287	2090
2978	2366	292	2074
2979	2373	294	2079
2980	2398	301	2097
2981	2382	300	2082
2982	2372	297	2075
2983	2390	296	2094
2984	2405	292	2113
2985	2391	296	2095
2986	2391	299	2092
2987	2388	300	2088
2988	2390	290	2100
2989	2411	298	2113
2990	2409	297	2112
2991	2408	293	2115
2992	2417	300	2117
2993	2443	296	2147
2994	2459	293	2166
2995	2462	293	2169
2996	2453	297	2156
2997	2465	294	2171
2998	2483	291	2192
2999	2476	286	2190
3000	2458	286	2172
3001	2459	287	2172
3002	2450	292	2158
3003	2443	307	2136
3004	2460	298	2162
3005	2461	294	2167
3006	2438	303	2135
3007	2430	300	2130
3008	2439	295	2144
3009	2458	294	2164
3010	2458	304	2154
3011	2456	298	2158
3012	2460	289	2171
3013	2461	287	2174
3014	2453	301	2152
3015	2442	306	2136
3016	2422	306	2116
3017	2441	298	2143
3018	2443	295	2148
3019	2445	296	2149
3020	2441	296	2145
3021	2428	297	2131
3022	2408	289	2119
3023	2419	288	2131
3024	2435	288	2147
3025	2436	294	2142
3026	2447	295	2152
3027	2455	288	2167
3028	2431	296	2135
3029	2417	299	2118
3030	2436	298	2138
3031	2437	295	2142
3032	2416	287	2129
3033	2407	298	2109
3034	2404	304	2100
3035	2412	292	2120
3036	2429	284	2145
3037	2403	295	2108
3038	2393	295	2098
3039	2403	296	2107
3040	2383	294	2089
3041	2356	295	2061
3042	2346	282	2064
3043	2352	290	2062
3044	2362	291	2071
3045	2359	304	2055
3046	2358	307	2051
3047	2345	296	2049
3048	2342	291	2051
3049	2330	296	2034
3050	2315	295	2020
3051	2321	291	2030
3052	2338	295	2043
3053	2338	302	2036
3054	2311	300	2011
3055	2309	290	2019
3056	2331	295	2036
3057	2304	298	2006
3058	2314	291	2023
3059	2321	286	2035
3060	2328	291	2037
3061	2319	296	2023
3062	2296	298	1998
3063	2287	291	1996
3064	2275	288	1987
3065	2263	288	1975
3066	2265	287	1978
3067	2265	302	1963
3068	2247	300	1947
3069	2244	293	1951
3070	2276	301	1975
3071	2268	292	1976
3072	2236	289	1947
3073	2244	292	1952
3074	2241	287	1954
3075	2254	294	1960
3076	2239	295	1944
3077	2208	286	1922
3078	2215	288	1927
3079	2206	289	1917
3080	2194	281	1913
3081	2185	290	1895
3082	2190	296	1894
3083	2205	293	1912
3084	2192	285	1907
3085	2181	295	1886
3086	2188	300	1888
3087	2185	295	1890
3088	2204	291	1913
3089	2218	286	1932
3090	2226	295	1931
3091	2233	297	1936
3092	2242	297	1945
3093	2246	303	1943
3094	2252	292	1960
3095	2221	290	1931
3096	2211	288	1923
3097	2223	287	1936
3098	2235	286	1949
3099	2251	304	1947
3100	2227	308	1919
3101	2221	299	1922
3102	2250	300	1950
3103	2236	296	1940
3104	2232	286	1946
3105	2222	290	1932
3106	2205	303	1902
3107	2213	301	1912
3108	2223	296	1927
3109	2228	292	1936
3110	2231	297	1934
3111	2229	293	1936
3112	2255	287	1968
3113	2245	282	1963
3114	2218	292	1926
3115	2241	293	1948
3116	2260	290	1970
3117	2268	292	1976
3118	2257	291	1966
3119	2269	297	1972
3120	2276	295	1981
3121	2271	285	1986
3122	2266	292	1974
3123	2299	297	2002
3124	2304	299	2005
3125	2280	294	1986
3126	2293	291	2002
3127	2285	288	1997
3128	2278	294	1984
3129	2289	297	1992
3130	2298	294	2004
3131	2320	296	2024
3132	2309	290	2019
3133	2316	285	2031
3134	2300	288	2012
3135	2302	292	2010
3136	2283	297	1986
3137	2280	295	1985
3138	2307	294	2013
3139	2310	296	2014
3140	2291	296	1995
3141	2312	294	2018
3142	2327	295	2032
3143	2303	292	2011
3144	2336	285	2051
3145	2358	294	2064
3146	2371	309	2062
3147	2397	306	2091
3148	2394	302	2092
3149	2411	295	2116
3150	2413	292	2121
3151	2441	297	2144
3152	2465	287	2178
3153	2462	298	2164
3154	2467	297	2170
3155	2480	284	2196
3156	2531	287	2244
3157	2571	288	2283
3158	2569	296	2273
3159	2605	301	2304
3160	2642	293	2349
3161	2650	285	2365
3162	2657	294	2363
3163	2679	290	2389
3164	2725	293	2432
3165	2782	298	2484
3166	2843	301	2542
3167	2900	302	2598
3168	2952	291	2661
3169	2978	294	2684
3170	3009	296	2713
3171	3040	294	2746
3172	3076	298	2778
3173	3092	298	2794
3174	3102	292	2810
3175	3137	300	2837
3176	3178	297	2881
3177	3232	297	2935
3178	3274	305	2969
3179	3323	302	3021
3180	3390	291	3099
3181	3450	297	3153
3182	3487	298	3189
3183	3521	292	3229
3184	3561	302	3259
3185	3625	295	3330
3186	3680	287	3393
3187	3747	294	3453
3188	3802	297	3505
3189	3811	293	3518
3190	3817	290	3527
3191	3810	295	3515
3192	3815	289	3526
3193	3819	291	3528
3194	3802	304	3498
3195	3840	293	3547
3196	3909	289	3620
3197	3992	298	3694
3198	4042	290	3752
3199	4147	294	3853
3200	4214	297	3917
3201	4257	289	3968
3202	4321	289	4032
3203	4365	306	4059
3204	4367	306	4061
3205	4416	298	4118
3206	4467	300	4167
3207	4540	298	4242
3208	4591	302	4289
3209	4613	309	4304
3210	4645	303	4342
3211	4669	298	4371
3212	4709	302	4407
3213	4737	300	4437
3214	4769	304	4465
3215	4776	299	4477
3216	4802	304	4498
3217	4795	303	4492
3218	4790	290	4500
3219	4771	299	4472
3220	4796	302	4494
3221	4796	298	4498
3222	4808	301	4507
3223	4858	303	4555
3224	4904	297	4607
3225	4963	280	4683
3226	4990	285	4705
3227	5017	303	4714
3228	5061	304	4757
3229	5120	292	4828
3230	5155	292	4863
3231	5186	302	4884
3232	5222	304	4918
3233	5274	296	4978
3234	5315	291	5024
3235	5405	292	5113
3236	5503	294	5209
3237	5568	294	5274
3238	5685	292	5393
3239	5742	300	5442
3240	5715	296	5419
3241	5707	298	5409
3242	5671	305	5366
3243	5616	297	5319
3244	5620	281	5339
3245	5588	280	5308
3246	5567	294	5273
3247	5555	302	5253
3248	5520	304	5216
3249	5530	294	5236
3250	5521	292	5229
3251	5539	300	5239
3252	5561	294	5267
3253	5537	290	5247
3254	5541	292	5249
3255	5549	297	5252
3256	5555	298	5257
3257	5554	292	5262
3258	5539	293	5246
3259	5536	299	5237
3260	5528	303	5225
3261	5547	297	5250
3262	5526	298	5228
3263	5513	294	5219
3264	5514	292	5222
3265	5530	294	5236
3266	5608	290	5318
3267	5760	298	5462
3268	5931	296	5635
3269	6042	305	5737
3270	6100	301	5799
3271	6134	292	5842
3272	6117	284	5833
3273	6102	294	5808
3274	6101	300	5801
3275	6066	292	5774
3276	6084	301	5783
3277	6019	304	5715
3278	5990	300	5690
3279	6001	301	5700
3280	5954	293	5661
3281	5850	290	5560
3282	5764	295	5469
3283	5705	302	5403
3284	5598	298	5300
3285	5550	294	5256
3286	5476	300	5176
3287	5390	295	5095
3288	5338	297	5041
3289	5261	293	4968
3290	5254	294	4960
3291	5260	298	4962
3292	5285	301	4984
3293	5304	294	5010
3294	5329	289	5040
3295	5335	291	5044
3296	5369	292	5077
3297	5381	300	5081
3298	5368	303	5065
3299	5375	298	5077
3300	5359	297	5062
3301	5379	299	5080
3302	5422	295	5127
3303	5414	292	5122
3304	5353	293	5060
3305	5318	282	5036
3306	5280	281	4999
3307	5245	296	4949
3308	5242	302	4940
3309	5203	305	4898
3310	5147	305	4842
3311	5049	300	4749
3312	4991	288	4703
3313	4929	283	4646
3314	4898	294	4604
3315	4880	295	4585
3316	4839	297	4542
3317	4819	295	4524
3318	4837	281	4556
3319	4847	279	4568
3320	4831	298	4533
3321	4860	295	4565
3322	4883	281	4602
3323	4866	291	4575
3324	4840	289	4551
3325	4822	297	4525
3326	4804	302	4502
3327	4778	299	4479
3328	4743	298	4445
3329	4711	302	4409
3330	4697	305	4392
3331	4640	300	4340
3332	4602	300	4302
3333	4581	298	4283
3334	4517	290	4227
3335	4456	290	4166
3336	4414	299	4115
3337	4343	294	4049
3338	4267	283	3984
3339	4191	286	3905
3340	4163	282	3881
3341	4119	288	3831
3342	4103	308	3795
3343	4061	303	3758
3344	4011	297	3714
3345	3993	294	3699
3346	3969	294	3675
3347	3929	288	3641
3348	3913	287	3626
3349	3854	287	3567
3350	3802	300	3502
3351	3764	301	3463
3352	3704	296	3408
3353	3679	295	3384
3354	3643	294	3349
3355	3599	289	3310
3356	3558	301	3257
3357	3503	293	3210
3358	3494	300	3194
3359	3453	295	3158
3360	3437	290	3147
3361	3422	295	3127
3362	3380	300	3080
3363	3342	298	3044
3364	3311	290	3021
3365	3288	282	3006
3366	3256	292	2964
3367	3253	301	2952
3368	3303	293	3010
3369	3361	282	3079
3370	3420	303	3117
3371	3469	304	3165
3372	3472	293	3179
3373	3453	289	3164
3374	3446	302	3144
3375	3416	308	3108
3376	3390	307	3083
3377	3365	306	3059
3378	3361	291	3070
3379	3367	288	3079
3380	3343	299	3044
3381	3296	299	2997
3382	3234	287	2947
3383	3227	297	2930
3384	3203	295	2908
3385	3189	288	2901
3386	3191	290	2901
3387	3184	289	2895
3388	3211	297	2914
3389	3234	295	2939
3390	3239	297	2942
3391	3264	308	2956
3392	3250	301	2949
3393	3207	293	2914
3394	3186	306	2880
3395	3155	298	2857
3396	3102	294	2808
3397	3067	298	2769
3398	3044	296	2748
3399	3025	286	2739
3400	3005	289	2716
3401	2990	286	2704
3402	2940	287	2653
3403	2892	302	2590
3404	2869	308	2561
3405	2866	296	2570
3406	2847	286	2561
3407	2827	296	2531
3408	2805	298	2507
3409	2787	298	2489
3410	2753	298	2455
3411	2755	297	2458
3412	2762	288	2474
3413	2767	287	2480
3414	2743	299	2444
3415	2716	301	2415
3416	2698	294	2404
3417	2674	296	2378
3418	2648	303	2345
3419	2647	301	2346
3420	2624	302	2322
3421	2602	287	2315
3422	2610	284	2326
3423	2632	300	2332
3424	2666	295	2371
3425	2698	299	2399
3426	2734	294	2440
3427	2729	297	2432
3428	2746	290	2456
3429	2754	294	2460
3430	2710	296	2414
3431	2644	297	2347
3432	2622	299	2323
3433	2605	292	2313
3434	2603	296	2307
3435	2640	300	2340
3436	2680	305	2375
3437	2676	298	2378
3438	2652	286	2366
3439	2652	290	2362
3440	2651	297	2354
3441	2637	303	2334
3442	2610	295	2315
3443	2592	294	2298
3444	2595	290	2305
3445	2591	285	2306
3446	2596	292	2304
3447	2603	296	2307
3448	2578	289	2289
3449	2562	294	2268
3450	2561	300	2261
3451	2540	291	2249
3452	2511	298	2213
3453	2466	307	2159
3454	2431	300	2131
3455	2463	297	2166
3456	2472	300	2172
3457	2449	299	2150
3458	2443	299	2144
3459	2416	296	2120
3460	2406	290	2116
3461	2424	305	2119
3462	2437	305	2132
3463	2471	304	2167
3464	2471	300	2171
3465	2460	305	2155
3466	2447	299	2148
3467	2427	288	2139
3468	2459	290	2169
3469	2479	292	2187
3470	2481	291	2190
3471	2482	297	2185
3472	2448	297	2151
3473	2391	284	2107
3474	2360	290	2070
3475	2344	291	2053
3476	2310	289	2021
3477	2299	294	2005
3478	2292	306	1986
3479	2283	296	1987
3480	2261	280	1981
3481	2241	282	1959
3482	2226	287	1939
3483	2203	286	1917
3484	2174	288	1886
3485	2171	292	1879
3486	2190	297	1893
3487	2206	296	1910
3488	2220	296	1924
3489	2211	292	1919
3490	2184	288	1896
3491	2191	290	1901
3492	2169	298	1871
3493	2153	302	1851
3494	2165	301	1864
3495	2137	286	1851
3496	2132	286	1846
3497	2088	292	1796
3498	2061	297	1764
3499	2051	292	1759
3500	2026	291	1735
3501	2056	291	1765
3502	2086	289	1797
3503	2089	296	1793
3504	2069	291	1778
3505	2048	287	1761
3506	2045	297	1748
3507	2028	292	1736
3508	1989	284	1705
3509	2006	288	1718
3510	1981	293	1688
3511	1950	303	1647
3512	1934	305	1629
3513	1907	300	1607
3514	1887	297	1590
3515	1886	284	1602
3516	1879	287	1592
3517	1838	288	1550
3518	1838	296	1542
3519	1846	293	1553
3520	1837	299	1538
3521	1813	304	1509
3522	1804	301	1503
3523	1802	293	1509
3524	1784	283	1501
3525	1759	285	1474
3526	1756	296	1460
3527	1770	302	1468
3528	1769	292	1477
3529	1758	292	1466
3530	1764	291	1473
3531	1779	287	1492
3532	1807	299	1508
3533	1835	296	1539
3534	1815	303	1512
3535	1763	300	1463
3536	1739	294	1445
3537	1722	294	1428
3538	1689	304	1385
3539	1668	305	1363
3540	1655	303	1352
3541	1666	305	1361
3542	1686	303	1383
3543	1672	297	1375
3544	1655	286	1369
3545	1646	294	1352
3546	1619	290	1329
3547	1610	289	1321
3548	1616	296	1320
3549	1624	289	1335
3550	1611	296	1315
3551	1591	293	1298
3552	1566	299	1267
3553	1518	297	1221
3554	1519	292	1227
3555	1523	301	1222
3556	1528	296	1232
3557	1540	292	1248
3558	1531	293	1238
3559	1535	299	1236
3560	1533	298	1235
3561	1520	301	1219
3562	1529	295	1234
3563	1498	304	1194
3564	1489	308	1181
3565	1492	289	1203
3566	1464	293	1171
3567	1451	294	1157
3568	1460	291	1169
3569	1469	304	1165
3570	1453	303	1150
3571	1431	294	1137
3572	1429	288	1141
3573	1435	282	1153
3574	1427	295	1132
3575	1406	296	1110
3576	1387	286	1101
3577	1390	293	1097
3578	1392	298	1094
3579	1386	292	1094
3580	1383	293	1090
3581	1385	299	1086
3582	1382	296	1086
3583	1370	292	1078
3584	1373	302	1071
3585	1363	296	1067
3586	1350	297	1053
3587	1374	296	1078
3588	1370	288	1082
3589	1337	292	1045
3590	1309	293	1016
3591	1287	294	993
3592	1255	295	960
3593	1237	294	943
3594	1248	295	953
3595	1257	298	959
3596	1253	292	961
3597	1258	287	971
3598	1249	289	960
3599	1249	295	954
3600	1228	295	933
3601	1220	290	930
3602	1226	289	937
3603	1225	302	923
3604	1207	302	905
3605	1211	298	913
3606	1214	303	911
3607	1210	300	910
3608	1185	305	880
3609	1156	296	860
3610	1172	296	876
3611	1181	304	877
3612	1170	303	867
3613	1156	295	861
3614	1148	295	853
3615	1126	294	832
3616	1113	291	822
3617	1091	287	804
3618	1083	293	790
3619	1082	289	793
3620	1079	285	794
3621	1073	295	778
3622	1070	299	771
3623	1082	290	792
3624	1079	284	795
3625	1078	296	782
3626	1076	303	773
3627	1059	305	754
3628	1047	301	746
3629	1051	296	755
3630	1074	296	778
3631	1092	292	800
3632	1085	296	789
3633	1058	292	766
3634	1046	284	762
3635	1036	289	747
3636	1012	294	718
3637	996	295	701
3638	973	301	672
3639	985	301	684
3640	992	292	700
3641	969	292	677
3642	949	298	651
3643	947	298	649
3644	944	301	643
3645	945	294	651
3646	943	291	652
3647	955	295	660
3648	960	296	664
