index	original	background	difference
-----------------------------------------------------
1	467	4415	-3948
2	476	4431	-3955
3	473	4454	-3981
4	486	4448	-3962
5	475	4406	-3931
6	493	4412	-3919
7	493	4435	-3942
8	476	4422	-3946
9	450	4429	-3979
10	460	4436	-3976
11	475	4409	-3934
12	471	4421	-3950
13	487	4435	-3948
14	491	4405	-3914
15	490	4407	-3917
16	476	4419	-3943
17	488	4402	-3914
18	483	4394	-3911
19	462	4424	-3962
20	469	4418	-3949
21	488	4433	-3945
22	480	4429	-3949
23	479	4410	-3931
24	492	4421	-3929
25	494	4411	-3917
26	489	4427	-3938
27	491	4420	-3929
28	495	4402	-3907
29	501	4420	-3919
30	488	4446	-3958
31	487	4441	-3954
32	484	4454	-3970
33	499	4448	-3949
34	503	4429	-3926
35	506	4428	-3922
36	511	4437	-3926
37	506	4423	-3917
38	504	4447	-3943
39	481	4433	-3952
40	490	4428	-3938
41	498	4436	-3938
42	496	4468	-3972
43	500	4478	-3978
44	494	4452	-3958
45	480	4464	-3984
46	473	4447	-3974
47	513	4447	-3934
48	502	4462	-3960
49	491	4444	-3953
50	505	4431	-3926
51	493	4439	-3946
52	508	4449	-3941
53	529	4449	-3920
54	504	4424	-3920
55	471	4444	-3973
56	489	4471	-3982
57	501	4470	-3969
58	476	4483	-4007
59	493	4479	-3986
60	484	4450	-3966
61	469	4445	-3976
62	478	4463	-3985
63	497	4456	-3959
64	490	4466	-3976
65	481	4485	-4004
66	499	4476	-3977
67	503	4445	-3942
68	478	4450	-3972
69	480	4478	-3998
70	483	4484	-4001
71	497	4458	-3961
72	491	4442	-3951
73	494	4447	-3953
74	506	4458	-3952
75	501	4465	-3964
76	490	4443	-3953
77	528	4449	-3921
78	545	4459	-3914
79	497	4446	-3949
80	501	4460	-3959
81	512	4495	-3983
82	512	4479	-3967
83	496	4493	-3997
84	495	4472	-3977
85	497	4448	-3951
86	512	4464	-3952
87	500	4464	-3964
88	507	4481	-3974
89	512	4487	-3975
90	505	4482	-3977
91	515	4474	-3959
92	541	4465	-3924
93	522	4472	-3950
94	494	4485	-3991
95	506	4468	-3962
96	514	4493	-3979
97	496	4527	-4031
98	484	4491	-4007
99	507	4494	-3987
100	507	4496	-3989
101	486	4448	-3962
102	496	4465	-3969
103	489	4483	-3994
104	482	4495	-4013
105	483	4476	-3993
106	488	4470	-3982
107	456	4476	-4020
108	470	4479	-4009
109	478	4489	-4011
110	506	4480	-3974
111	519	4505	-3986
112	481	4516	-4035
113	463	4534	-4071
114	475	4526	-4051
115	502	4517	-4015
116	500	4513	-4013
117	494	4503	-4009
118	515	4511	-3996
119	504	4507	-4003
120	491	4491	-4000
121	504	4496	-3992
122	517	4512	-3995
123	487	4510	-4023
124	476	4533	-4057
125	491	4504	-4013
126	505	4481	-3976
127	505	4503	-3998
128	518	4527	-4009
129	502	4492	-3990
130	509	4467	-3958
131	484	4482	-3998
132	483	4470	-3987
133	499	4489	-3990
134	479	4495	-4016
135	471	4507	-4036
136	527	4505	-3978
137	524	4472	-3948
138	512	4504	-3992
139	511	4520	-4009
140	496	4485	-3989
141	504	4484	-3980
142	505	4503	-3998
143	510	4501	-3991
144	499	4492	-3993
145	489	4473	-3984
146	504	4483	-3979
147	483	4526	-4043
148	497	4542	-4045
149	477	4510	-4033
150	479	4510	-4031
151	488	4523	-4035
152	507	4517	-4010
153	500	4512	-4012
154	506	4465	-3959
155	516	4487	-3971
156	493	4512	-4019
157	465	4512	-4047
158	492	4510	-4018
159	496	4513	-4017
160	488	4505	-4017
161	482	4502	-4020
162	502	4484	-3982
163	497	4494	-3997
164	527	4508	-3981
165	520	4498	-3978
166	497	4510	-4013
167	469	4485	-4016
168	470	4487	-4017
169	473	4500	-4027
170	481	4488	-4007
171	491	4472	-3981
172	485	4480	-3995
173	484	4493	-4009
174	481	4483	-4002
175	490	4519	-4029
176	499	4503	-4004
177	501	4506	-4005
178	524	4492	-3968
179	493	4497	-4004
180	489	4521	-4032
181	511	4534	-4023
182	506	4535	-4029
183	490	4516	-4026
184	475	4487	-4012
185	471	4519	-4048
186	490	4537	-4047
187	461	4517	-4056
188	473	4475	-4002
189	509	4502	-3993
190	514	4504	-3990
191	516	4482	-3966
192	497	4478	-3981
193	477	4501	-4024
194	490	4508	-4018
195	469	4520	-4051
196	468	4521	-4053
197	471	4498	-4027
198	484	4510	-4026
199	507	4542	-4035
200	513	4526	-4013
201	485	4505	-4020
202	472	4514	-4042
203	478	4520	-4042
204	498	4485	-3987
205	491	4481	-3990
206	492	4517	-4025
207	471	4533	-4062
208	469	4524	-4055
209	469	4497	-4028
210	501	4516	-4015
211	493	4522	-4029
212	477	4501	-4024
213	471	4501	-4030
214	487	4506	-4019
215	505	4514	-4009
216	516	4519	-4003
217	498	4531	-4033
218	507	4532	-4025
219	478	4514	-4036
220	489	4510	-4021
221	492	4536	-4044
222	494	4512	-4018
223	467	4478	-4011
224	502	4484	-3982
225	498	4505	-4007
226	489	4507	-4018
227	516	4530	-4014
228	503	4523	-4020
229	501	4491	-3990
230	490	4522	-4032
231	491	4529	-4038
232	502	4520	-4018
233	493	4529	-4036
234	496	4543	-4047
235	470	4523	-4053
236	482	4516	-4034
237	496	4516	-4020
238	488	4525	-4037
239	488	4543	-4055
240	475	4523	-4048
241	477	4498	-4021
242	491	4534	-4043
243	496	4548	-4052
244	514	4540	-4026
245	484	4530	-4046
246	476	4556	-4080
247	503	4537	-4034
248	490	4532	-4042
249	473	4520	-4047
250	485	4502	-4017
251	486	4515	-4029
252	512	4524	-4012
253	517	4526	-4009
254	500	4533	-4033
255	470	4528	-4058
256	475	4533	-4058
257	488	4534	-4046
258	496	4521	-4025
259	496	4540	-4044
260	503	4560	-4057
261	503	4570	-4067
262	511	4561	-4050
263	502	4539	-4037
264	499	4535	-4036
265	500	4541	-4041
266	508	4538	-4030
267	514	4555	-4041
268	541	4559	-4018
269	521	4535	-4014
270	474	4505	-4031
271	471	4501	-4030
272	481	4533	-4052
273	487	4545	-4058
274	496	4533	-4037
275	476	4522	-4046
276	482	4518	-4036
277	507	4537	-4030
278	473	4544	-4071
279	447	4516	-4069
280	464	4531	-4067
281	483	4533	-4050
282	481	4518	-4037
283	500	4537	-4037
284	508	4501	-3993
285	508	4514	-4006
286	511	4516	-4005
287	490	4517	-4027
288	479	4534	-4055
289	490	4531	-4041
290	487	4535	-4048
291	504	4518	-4014
292	508	4522	-4014
293	480	4518	-4038
294	457	4520	-4063
295	446	4532	-4086
296	458	4526	-4068
297	469	4512	-4043
298	477	4536	-4059
299	455	4512	-4057
300	456	4496	-4040
301	452	4538	-4086
302	455	4536	-4081
303	473	4540	-4067
304	477	4541	-4064
305	473	4514	-4041
306	481	4515	-4034
307	458	4507	-4049
308	480	4533	-4053
309	485	4527	-4042
310	482	4525	-4043
311	466	4525	-4059
312	466	4550	-4084
313	471	4530	-4059
314	475	4508	-4033
315	482	4510	-4028
316	475	4525	-4050
317	451	4501	-4050
318	453	4527	-4074
319	476	4530	-4054
320	465	4540	-4075
321	464	4545	-4081
322	476	4529	-4053
323	482	4526	-4044
324	479	4527	-4048
325	469	4539	-4070
326	482	4562	-4080
327	464	4533	-4069
328	484	4512	-4028
329	478	4524	-4046
330	471	4520	-4049
331	482	4544	-4062
332	477	4548	-4071
333	474	4508	-4034
334	485	4530	-4045
335	448	4535	-4087
336	453	4523	-4070
337	476	4524	-4048
338	491	4532	-4041
339	479	4510	-4031
340	480	4503	-4023
341	479	4516	-4037
342	481	4504	-4023
343	458	4510	-4052
344	476	4527	-4051
345	496	4530	-4034
346	495	4525	-4030
347	473	4533	-4060
348	476	4542	-4066
349	461	4557	-4096
350	455	4558	-4103
351	490	4538	-4048
352	495	4529	-4034
353	456	4537	-4081
354	470	4541	-4071
355	481	4538	-4057
356	495	4565	-4070
357	490	4542	-4052
358	466	4533	-4067
359	452	4534	-4082
360	492	4534	-4042
361	502	4541	-4039
362	492	4518	-4026
363	488	4536	-4048
364	510	4527	-4017
365	498	4538	-4040
366	491	4540	-4049
367	504	4550	-4046
368	527	4573	-4046
369	514	4561	-4047
370	497	4547	-4050
371	506	4549	-4043
372	506	4561	-4055
373	510	4577	-4067
374	479	4558	-4079
375	475	4542	-4067
376	481	4574	-4093
377	480	4533	-4053
378	473	4531	-4058
379	460	4540	-4080
380	486	4525	-4039
381	498	4522	-4024
382	491	4536	-4045
383	459	4554	-4095
384	474	4572	-4098
385	484	4564	-4080
386	527	4579	-4052
387	526	4570	-4044
388	492	4557	-4065
389	483	4540	-4057
390	475	4556	-4081
391	477	4554	-4077
392	497	4540	-4043
393	491	4556	-4065
394	474	4571	-4097
395	458	4561	-4103
396	463	4548	-4085
397	485	4554	-4069
398	484	4583	-4099
399	487	4579	-4092
400	495	4559	-4064
401	481	4530	-4049
402	489	4538	-4049
403	492	4544	-4052
404	495	4515	-4020
405	502	4510	-4008
406	509	4518	-4009
407	515	4542	-4027
408	522	4544	-4022
409	516	4551	-4035
410	509	4540	-4031
411	508	4523	-4015
412	496	4530	-4034
413	486	4554	-4068
414	493	4578	-4085
415	474	4579	-4105
416	503	4532	-4029
417	505	4512	-4007
418	492	4515	-4023
419	506	4520	-4014
420	499	4537	-4038
421	493	4530	-4037
422	483	4518	-4035
423	505	4538	-4033
424	521	4539	-4018
425	519	4534	-4015
426	484	4556	-4072
427	503	4569	-4066
428	505	4556	-4051
429	473	4555	-4082
430	485	4567	-4082
431	505	4562	-4057
432	512	4522	-4010
433	507	4531	-4024
434	513	4535	-4022
435	503	4546	-4043
436	497	4555	-4058
437	507	4550	-4043
438	545	4556	-4011
439	527	4534	-4007
440	497	4531	-4034
441	511	4513	-4002
442	514	4542	-4028
443	511	4528	-4017
444	524	4504	-3980
445	500	4527	-4027
446	495	4543	-4048
447	521	4540	-4019
448	527	4534	-4007
449	517	4516	-3999
450	513	4526	-4013
451	513	4533	-4020
452	522	4544	-4022
453	530	4569	-4039
454	529	4564	-4035
455	517	4546	-4029
456	540	4524	-3984
457	542	4526	-3984
458	538	4542	-4004
459	533	4549	-4016
460	553	4555	-4002
461	540	4548	-4008
462	524	4532	-4008
463	537	4517	-3980
464	533	4527	-3994
465	538	4558	-4020
466	521	4578	-4057
467	524	4554	-4030
468	531	4560	-4029
469	546	4551	-4005
470	550	4519	-3969
471	531	4538	-4007
472	539	4537	-3998
473	553	4534	-3981
474	559	4542	-3983
475	545	4533	-3988
476	548	4528	-3980
477	549	4534	-3985
478	537	4541	-4004
479	518	4565	-4047
480	561	4591	-4030
481	538	4555	-4017
482	528	4561	-4033
483	556	4559	-4003
484	553	4524	-3971
485	523	4518	-3995
486	549	4527	-3978
487	549	4529	-3980
488	560	4552	-3992
489	543	4538	-3995
490	528	4543	-4015
491	526	4537	-4011
492	550	4543	-3993
493	567	4550	-3983
494	584	4568	-3984
495	576	4583	-4007
496	588	4541	-3953
497	587	4536	-3949
498	576	4531	-3955
499	583	4535	-3952
500	603	4531	-3928
501	582	4508	-3926
502	579	4542	-3963
503	570	4551	-3981
504	569	4532	-3963
505	597	4525	-3928
506	626	4527	-3901
507	583	4534	-3951
508	590	4551	-3961
509	602	4524	-3922
510	615	4547	-3932
511	628	4544	-3916
512	636	4537	-3901
513	631	4557	-3926
514	628	4576	-3948
515	593	4543	-3950
516	605	4536	-3931
517	643	4574	-3931
518	656	4558	-3902
519	650	4531	-3881
520	626	4520	-3894
521	648	4517	-3869
522	678	4534	-3856
523	645	4520	-3875
524	661	4519	-3858
525	651	4533	-3882
526	660	4567	-3907
527	685	4565	-3880
528	670	4543	-3873
529	655	4540	-3885
530	689	4550	-3861
531	669	4534	-3865
532	665	4498	-3833
533	672	4511	-3839
534	683	4526	-3843
535	691	4558	-3867
536	679	4540	-3861
537	704	4542	-3838
538	707	4564	-3857
539	709	4543	-3834
540	723	4549	-3826
541	716	4541	-3825
542	760	4563	-3803
543	765	4563	-3798
544	758	4566	-3808
545	774	4540	-3766
546	775	4545	-3770
547	771	4546	-3775
548	759	4536	-3777
549	738	4538	-3800
550	755	4553	-3798
551	797	4552	-3755
552	792	4556	-3764
553	795	4550	-3755
554	821	4543	-3722
555	822	4560	-3738
556	844	4581	-3737
557	846	4575	-3729
558	864	4540	-3676
559	870	4513	-3643
560	846	4552	-3706
561	826	4566	-3740
562	835	4554	-3719
563	816	4547	-3731
564	834	4559	-3725
565	872	4540	-3668
566	866	4543	-3677
567	884	4550	-3666
568	887	4535	-3648
569	868	4530	-3662
570	916	4544	-3628
571	910	4553	-3643
572	920	4535	-3615
573	956	4545	-3589
574	953	4550	-3597
575	959	4524	-3565
576	975	4547	-3572
577	980	4573	-3593
578	981	4531	-3550
579	954	4519	-3565
580	954	4556	-3602
581	988	4559	-3571
582	1032	4552	-3520
583	1019	4549	-3530
584	995	4545	-3550
585	1013	4544	-3531
586	1047	4539	-3492
587	1054	4552	-3498
588	1053	4556	-3503
589	1074	4558	-3484
590	1081	4560	-3479
591	1108	4536	-3428
592	1160	4544	-3384
593	1195	4560	-3365
594	1213	4542	-3329
595	1219	4512	-3293
596	1198	4531	-3333
597	1182	4553	-3371
598	1200	4564	-3364
599	1223	4576	-3353
600	1269	4582	-3313
601	1309	4573	-3264
602	1301	4569	-3268
603	1295	4576	-3281
604	1289	4566	-3277
605	1273	4532	-3259
606	1301	4548	-3247
607	1313	4548	-3235
608	1321	4546	-3225
609	1374	4545	-3171
610	1372	4539	-3167
611	1343	4538	-3195
612	1363	4554	-3191
613	1377	4543	-3166
614	1379	4549	-3170
615	1361	4562	-3201
616	1392	4561	-3169
617	1418	4549	-3131
618	1447	4540	-3093
619	1407	4542	-3135
620	1468	4559	-3091
621	1499	4574	-3075
622	1483	4576	-3093
623	1519	4564	-3045
624	1567	4552	-2985
625	1583	4534	-2951
626	1559	4522	-2963
627	1558	4530	-2972
628	1588	4532	-2944
629	1631	4534	-2903
630	1688	4566	-2878
631	1675	4571	-2896
632	1680	4529	-2849
633	1708	4526	-2818
634	1772	4531	-2759
635	1778	4536	-2758
636	1803	4545	-2742
637	1797	4555	-2758
638	1817	4545	-2728
639	1890	4546	-2656
640	1908	4520	-2612
641	1915	4536	-2621
642	1949	4536	-2587
643	1978	4545	-2567
644	2026	4563	-2537
645	2014	4546	-2532
646	2023	4536	-2513
647	2083	4531	-2448
648	2139	4553	-2414
649	2166	4554	-2388
650	2168	4573	-2405
651	2193	4580	-2387
652	2226	4585	-2359
653	2250	4552	-2302
654	2299	4535	-2236
655	2304	4541	-2237
656	2313	4531	-2218
657	2281	4559	-2278
658	2307	4565	-2258
659	2369	4539	-2170
660	2366	4539	-2173
661	2360	4547	-2187
662	2402	4553	-2151
663	2465	4525	-2060
664	2519	4519	-2000
665	2505	4544	-2039
666	2500	4561	-2061
667	2471	4542	-2071
668	2546	4546	-2000
669	2575	4547	-1972
670	2615	4536	-1921
671	2643	4559	-1916
672	2634	4580	-1946
673	2691	4567	-1876
674	2739	4558	-1819
675	2805	4550	-1745
676	2901	4540	-1639
677	2880	4516	-1636
678	2873	4542	-1669
679	2981	4544	-1563
680	3045	4540	-1495
681	3044	4541	-1497
682	3161	4555	-1394
683	3148	4573	-1425
684	3155	4541	-1386
685	3217	4543	-1326
686	3253	4545	-1292
687	3335	4530	-1195
688	3428	4546	-1118
689	3417	4557	-1140
690	3478	4544	-1066
691	3492	4538	-1046
692	3498	4533	-1035
693	3548	4532	-984
694	3603	4546	-943
695	3682	4559	-877
696	3748	4549	-801
697	3781	4535	-754
698	3775	4529	-754
699	3817	4540	-723
700	3826	4540	-714
701	3854	4528	-674
702	3914	4535	-621
703	3981	4542	-561
704	3915	4550	-635
705	3951	4530	-579
706	3993	4547	-554
707	4022	4539	-517
708	4046	4521	-475
709	3993	4554	-561
710	4144	4560	-416
711	4147	4548	-401
712	4178	4545	-367
713	4190	4530	-340
714	4270	4548	-278
715	4275	4543	-268
716	4340	4546	-206
717	4402	4533	-131
718	4403	4514	-111
719	4440	4534	-94
720	4444	4548	-104
721	4489	4542	-53
722	4572	4531	41
723	4551	4557	-6
724	4559	4541	18
725	4647	4530	117
726	4686	4547	139
727	4689	4547	142
728	4816	4564	252
729	4879	4559	320
730	4875	4569	306
731	4981	4537	444
732	5095	4552	543
733	5060	4561	499
734	5092	4569	523
735	5110	4581	529
736	5174	4587	587
737	5240	4529	711
738	5248	4515	733
739	5294	4568	726
740	5374	4564	810
741	5456	4538	918
742	5505	4531	974
743	5497	4529	968
744	5491	4533	958
745	5569	4555	1014
746	5613	4548	1065
747	5564	4543	1021
748	5636	4558	1078
749	5742	4549	1193
750	5786	4571	1215
751	5753	4560	1193
752	5806	4546	1260
753	5777	4560	1217
754	5764	4568	1196
755	5856	4535	1321
756	5810	4523	1287
757	5788	4555	1233
758	5773	4568	1205
759	5797	4553	1244
760	5744	4526	1218
761	5731	4516	1215
762	5669	4541	1128
763	5672	4546	1126
764	5693	4546	1147
765	5688	4541	1147
766	5697	4534	1163
767	5630	4532	1098
768	5649	4550	1099
769	5638	4535	1103
770	5677	4539	1138
771	5678	4544	1134
772	5653	4549	1104
773	5621	4542	1079
774	5623	4531	1092
775	5601	4540	1061
776	5585	4527	1058
777	5605	4540	1065
778	5643	4550	1093
779	5658	4548	1110
780	5660	4540	1120
781	5640	4528	1112
782	5669	4549	1120
783	5645	4548	1097
784	5689	4538	1151
785	5698	4522	1176
786	5737	4540	1197
787	5734	4565	1169
788	5774	4561	1213
789	5802	4557	1245
790	5853	4538	1315
791	5898	4543	1355
792	5941	4539	1402
793	5954	4539	1415
794	5953	4573	1380
795	6035	4548	1487
796	6065	4525	1540
797	6089	4536	1553
798	6128	4521	1607
799	6221	4541	1680
800	6188	4554	1634
801	6245	4535	1710
802	6313	4547	1766
803	6232	4550	1682
804	6207	4563	1644
805	6229	4560	1669
806	6254	4582	1672
807	6232	4557	1675
808	6253	4540	1713
809	6163	4545	1618
810	6188	4546	1642
811	6215	4512	1703
812	6164	4539	1625
813	6171	4556	1615
814	6176	4549	1627
815	6180	4558	1622
816	6266	4564	1702
817	6239	4558	1681
818	6086	4543	1543
819	6028	4557	1471
820	6056	4554	1502
821	6060	4566	1494
822	6029	4572	1457
823	5950	4539	1411
824	5860	4525	1335
825	5896	4539	1357
826	5930	4544	1386
827	5907	4538	1369
828	5837	4535	1302
829	5809	4540	1269
830	5809	4515	1294
831	5783	4528	1255
832	5823	4524	1299
833	5806	4550	1256
834	5740	4551	1189
835	5673	4568	1105
836	5724	4580	1144
837	5735	4543	1192
838	5784	4543	1241
839	5760	4541	1219
840	5696	4552	1144
841	5768	4546	1222
842	5800	4552	1248
843	5761	4547	1214
844	5821	4527	1294
845	5879	4522	1357
846	5842	4542	1300
847	5903	4556	1347
848	5872	4583	1289
849	5965	4553	1412
850	5985	4532	1453
851	5959	4535	1424
852	5971	4543	1428
853	6021	4552	1469
854	6023	4556	1467
855	6105	4535	1570
856	6110	4525	1585
857	6057	4530	1527
858	6159	4533	1626
859	6225	4533	1692
860	6232	4559	1673
861	6294	4563	1731
862	6322	4544	1778
863	6307	4547	1760
864	6413	4528	1885
865	6414	4534	1880
866	6475	4559	1916
867	6549	4559	1990
868	6552	4556	1996
869	6572	4545	2027
870	6571	4544	2027
871	6602	4553	2049
872	6614	4546	2068
873	6597	4547	2050
874	6601	4574	2027
875	6692	4562	2130
876	6721	4536	2185
877	6666	4539	2127
878	6558	4558	2000
879	6528	4579	1949
880	6631	4566	2065
881	6620	4552	2068
882	6595	4539	2056
883	6587	4553	2034
884	6483	4552	1931
885	6454	4567	1887
886	6470	4557	1913
887	6451	4529	1922
888	6437	4545	1892
889	6394	4566	1828
890	6397	4549	1848
891	6400	4562	1838
892	6366	4565	1801
893	6286	4552	1734
894	6305	4567	1738
895	6308	4548	1760
896	6290	4548	1742
897	6311	4533	1778
898	6302	4539	1763
899	6240	4532	1708
900	6172	4555	1617
901	6173	4543	1630
902	6153	4542	1611
903	6204	4548	1656
904	6225	4550	1675
905	6144	4546	1598
906	6123	4545	1578
907	6114	4525	1589
908	6118	4565	1553
909	6061	4555	1506
910	6121	4548	1573
911	6163	4531	1632
912	6191	4523	1668
913	6280	4541	1739
914	6326	4584	1742
915	6292	4568	1724
916	6421	4545	1876
917	6401	4527	1874
918	6332	4529	1803
919	6500	4547	1953
920	6563	4589	1974
921	6493	4570	1923
922	6501	4564	1937
923	6561	4544	2017
924	6618	4526	2092
925	6707	4528	2179
926	6783	4526	2257
927	6800	4535	2265
928	6840	4550	2290
929	6905	4553	2352
930	6997	4550	2447
931	7015	4548	2467
932	7082	4547	2535
933	7183	4553	2630
934	7252	4560	2692
935	7210	4545	2665
936	7225	4544	2681
937	7339	4550	2789
938	7421	4576	2845
939	7353	4565	2788
940	7398	4570	2828
941	7435	4583	2852
942	7404	4563	2841
943	7467	4523	2944
944	7545	4529	3016
945	7534	4544	2990
946	7517	4542	2975
947	7537	4563	2974
948	7577	4582	2995
949	7588	4534	3054
950	7578	4538	3040
951	7603	4560	3043
952	7600	4577	3023
953	7531	4568	2963
954	7535	4544	2991
955	7500	4551	2949
956	7537	4556	2981
957	7497	4568	2929
958	7445	4572	2873
959	7389	4565	2824
960	7379	4577	2802
961	7348	4586	2762
962	7319	4570	2749
963	7284	4547	2737
964	7254	4554	2700
965	7235	4553	2682
966	7189	4565	2624
967	7168	4569	2599
968	7176	4551	2625
969	7102	4540	2562
970	7071	4560	2511
971	7148	4563	2585
972	7117	4549	2568
973	7054	4568	2486
974	7030	4573	2457
975	6912	4558	2354
976	6951	4537	2414
977	6986	4540	2446
978	7012	4551	2461
979	6998	4560	2438
980	6944	4555	2389
981	6872	4525	2347
982	6864	4545	2319
983	6955	4533	2422
984	6994	4528	2466
985	6942	4515	2427
986	7055	4554	2501
987	7020	4542	2478
988	7075	4509	2566
989	7114	4551	2563
990	7062	4565	2497
991	7149	4545	2604
992	7240	4552	2688
993	7272	4558	2714
994	7291	4564	2727
995	7344	4540	2804
996	7485	4525	2960
997	7546	4519	3027
998	7622	4551	3071
999	7659	4594	3065
1000	7675	4590	3085
1001	7717	4561	3156
1002	7784	4558	3226
1003	7893	4547	3346
1004	7971	4548	3423
1005	8026	4545	3481
1006	8062	4536	3526
1007	8135	4549	3586
1008	8282	4539	3743
1009	8415	4528	3887
1010	8439	4522	3917
1011	8476	4536	3940
1012	8522	4561	3961
1013	8594	4554	4040
1014	8681	4554	4127
1015	8880	4538	4342
1016	8890	4512	4378
1017	8809	4552	4257
1018	8817	4550	4267
1019	8926	4567	4359
1020	8972	4595	4377
1021	8991	4566	4425
1022	9042	4554	4488
1023	9026	4550	4476
1024	9030	4571	4459
1025	9067	4543	4524
1026	9104	4508	4596
1027	9121	4540	4581
1028	9102	4551	4551
1029	9062	4547	4515
1030	9105	4542	4563
1031	9135	4554	4581
1032	9119	4546	4573
1033	9136	4516	4620
1034	9119	4538	4581
1035	9062	4552	4510
1036	9027	4557	4470
1037	8978	4561	4417
1038	9032	4585	4447
1039	8996	4577	4419
1040	9025	4548	4477
1041	9082	4531	4551
1042	9007	4544	4463
1043	9005	4570	4435
1044	9069	4549	4520
1045	8908	4560	4348
1046	8907	4571	4336
1047	8871	4552	4319
1048	8842	4548	4294
1049	8860	4545	4315
1050	8813	4570	4243
1051	8814	4560	4254
1052	8774	4536	4238
1053	8740	4554	4186
1054	8680	4553	4127
1055	8758	4556	4202
1056	8798	4568	4230
1057	8736	4549	4187
1058	8686	4556	4130
1059	8704	4531	4173
1060	8710	4531	4179
1061	8691	4553	4138
1062	8768	4546	4222
1063	8775	4555	4220
1064	8756	4570	4186
1065	8723	4535	4188
1066	8798	4567	4231
1067	8832	4562	4270
1068	8843	4556	4287
1069	8916	4551	4365
1070	8934	4571	4363
1071	8974	4556	4418
1072	9010	4573	4437
1073	9024	4572	4452
1074	9025	4579	4446
1075	9113	4569	4544
1076	9145	4556	4589
1077	9286	4541	4745
1078	9357	4543	4814
1079	9406	4578	4828
1080	9470	4567	4903
1081	9510	4574	4936
1082	9686	4536	5150
1083	9786	4544	5242
1084	9908	4562	5346
1085	9998	4528	5470
1086	10119	4516	5603
1087	10256	4542	5714
1088	10384	4547	5837
1089	10390	4568	5822
1090	10496	4568	5928
1091	10618	4574	6044
1092	10796	4560	6236
1093	10918	4544	6374
1094	11118	4532	6586
1095	11216	4527	6689
1096	11278	4542	6736
1097	11376	4538	6838
1098	11364	4563	6801
1099	11413	4566	6847
1100	11554	4526	7028
1101	11715	4521	7194
1102	11736	4546	7190
1103	11806	4540	7266
1104	11923	4523	7400
1105	11946	4542	7404
1106	12070	4561	7509
1107	12069	4550	7519
1108	12104	4545	7559
1109	12226	4539	7687
1110	12240	4564	7676
1111	12353	4562	7791
1112	12389	4542	7847
1113	12414	4587	7827
1114	12457	4573	7884
1115	12473	4564	7909
1116	12572	4587	7985
1117	12597	4556	8041
1118	12461	4546	7915
1119	12497	4550	7947
1120	12566	4577	7989
1121	12478	4568	7910
1122	12423	4566	7857
1123	12365	4556	7809
1124	12373	4571	7802
1125	12487	4542	7945
1126	12444	4511	7933
1127	12256	4533	7723
1128	12189	4553	7636
1129	12229	4539	7690
1130	12247	4546	7701
1131	12204	4559	7645
1132	12154	4550	7604
1133	12102	4528	7574
1134	12137	4552	7585
1135	11988	4551	7437
1136	11979	4539	7440
1137	12019	4549	7470
1138	11886	4545	7341
1139	11787	4540	7247
1140	11860	4543	7317
1141	11760	4534	7226
1142	11764	4531	7233
1143	11715	4541	7174
1144	11625	4560	7065
1145	11650	4557	7093
1146	11651	4533	7118
1147	11521	4557	6964
1148	11557	4573	6984
1149	11641	4522	7119
1150	11517	4524	6993
1151	11414	4529	6885
1152	11469	4544	6925
1153	11519	4557	6962
1154	11581	4551	7030
1155	11476	4544	6932
1156	11368	4550	6818
1157	11286	4539	6747
1158	11327	4532	6795
1159	11374	4512	6862
1160	11380	4534	6846
1161	11406	4550	6856
1162	11411	4556	6855
1163	11429	4566	6863
1164	11535	4571	6964
1165	11585	4565	7020
1166	11573	4553	7020
1167	11650	4522	7128
1168	11720	4526	7194
1169	11710	4550	7160
1170	11750	4548	7202
1171	11821	4547	7274
1172	11880	4529	7351
1173	12025	4532	7493
1174	12058	4564	7494
1175	12112	4584	7528
1176	12194	4551	7643
1177	12419	4567	7852
1178	12460	4575	7885
1179	12557	4564	7993
1180	12644	4565	8079
1181	12699	4549	8150
1182	12728	4549	8179
1183	12836	4557	8279
1184	13058	4555	8503
1185	13163	4551	8612
1186	13257	4552	8705
1187	13239	4527	8712
1188	13390	4542	8848
1189	13536	4539	8997
1190	13618	4542	9076
1191	13741	4545	9196
1192	13823	4594	9229
1193	13925	4580	9345
1194	14082	4568	9514
1195	14147	4570	9577
1196	14151	4579	9572
1197	14283	4573	9710
1198	14373	4569	9804
1199	14431	4551	9880
1200	14510	4531	9979
1201	14526	4570	9956
1202	14619	4569	10050
1203	14619	4547	10072
1204	14695	4523	10172
1205	14817	4539	10278
1206	14837	4537	10300
1207	14782	4547	10235
1208	14861	4569	10292
1209	14917	4544	10373
1210	14840	4534	10306
1211	14870	4554	10316
1212	14781	4538	10243
1213	14670	4558	10112
1214	14735	4558	10177
1215	14808	4552	10256
1216	14812	4549	10263
1217	14689	4553	10136
1218	14721	4565	10156
1219	14718	4538	10180
1220	14660	4530	10130
1221	14543	4549	9994
1222	14427	4550	9877
1223	14428	4533	9895
1224	14423	4539	9884
1225	14302	4537	9765
1226	14275	4537	9738
1227	14227	4557	9670
1228	14050	4580	9470
1229	13979	4542	9437
1230	14027	4561	9466
1231	13955	4547	9408
1232	13757	4563	9194
1233	13697	4550	9147
1234	13719	4543	9176
1235	13623	4521	9102
1236	13448	4527	8921
1237	13320	4548	8772
1238	13379	4548	8831
1239	13203	4564	8639
1240	13094	4569	8525
1241	13124	4563	8561
1242	13140	4550	8590
1243	13015	4538	8477
1244	12852	4552	8300
1245	12794	4548	8246
1246	12689	4556	8133
1247	12613	4556	8057
1248	12676	4554	8122
1249	12590	4567	8023
1250	12525	4560	7965
1251	12572	4541	8031
1252	12553	4550	8003
1253	12409	4558	7851
1254	12357	4582	7775
1255	12333	4565	7768
1256	12277	4520	7757
1257	12332	4511	7821
1258	12220	4540	7680
1259	12136	4539	7597
1260	12122	4534	7588
1261	12053	4550	7503
1262	12001	4604	7397
1263	12096	4603	7493
1264	12033	4605	7428
1265	11983	4574	7409
1266	12046	4558	7488
1267	12041	4569	7472
1268	12001	4550	7451
1269	12009	4534	7475
1270	12060	4532	7528
1271	12055	4533	7522
1272	12126	4556	7570
1273	12204	4544	7660
1274	12254	4541	7713
1275	12339	4526	7813
1276	12383	4540	7843
1277	12236	4536	7700
1278	12256	4531	7725
1279	12424	4536	7888
1280	12429	4549	7880
1281	12448	4552	7896
1282	12499	4542	7957
1283	12445	4529	7916
1284	12562	4553	8009
1285	12645	4552	8093
1286	12619	4599	8020
1287	12692	4575	8117
1288	12727	4527	8200
1289	12691	4569	8122
1290	12764	4584	8180
1291	12788	4535	8253
1292	12951	4547	8404
1293	13154	4551	8603
1294	13208	4549	8659
1295	13239	4536	8703
1296	13319	4547	8772
1297	13403	4568	8835
1298	13451	4537	8914
1299	13544	4540	9004
1300	13705	4544	9161
1301	13727	4533	9194
1302	13840	4561	9279
1303	13802	4546	9256
1304	13874	4531	9343
1305	13868	4546	9322
1306	13962	4538	9424
1307	14071	4546	9525
1308	14123	4541	9582
1309	14113	4540	9573
1310	14157	4587	9570
1311	14195	4568	9627
1312	14269	4526	9743
1313	14162	4505	9657
1314	14215	4514	9701
1315	14256	4537	9719
1316	14267	4543	9724
1317	14420	4551	9869
1318	14405	4547	9858
1319	14395	4561	9834
1320	14370	4558	9812
1321	14338	4560	9778
1322	14375	4554	9821
1323	14281	4551	9730
1324	14396	4558	9838
1325	14406	4520	9886
1326	14375	4525	9850
1327	14360	4543	9817
1328	14296	4548	9748
1329	14297	4543	9754
1330	14290	4541	9749
1331	14306	4527	9779
1332	14189	4537	9652
1333	14082	4547	9535
1334	14135	4553	9582
1335	14200	4557	9643
1336	14060	4565	9495
1337	14027	4538	9489
1338	13995	4537	9458
1339	13998	4547	9451
1340	13984	4550	9434
1341	13826	4574	9252
1342	13817	4560	9257
1343	13713	4535	9178
1344	13640	4527	9113
1345	13646	4552	9094
1346	13667	4549	9118
1347	13622	4529	9093
1348	13506	4538	8968
1349	13243	4561	8682
1350	13162	4557	8605
1351	13024	4520	8504
1352	12945	4514	8431
1353	12922	4525	8397
1354	12851	4546	8305
1355	12751	4528	8223
1356	12596	4536	8060
1357	12519	4526	7993
1358	12433	4540	7893
1359	12253	4547	7706
1360	12133	4548	7585
1361	12073	4550	7523
1362	12073	4533	7540
1363	11935	4536	7399
1364	11819	4571	7248
1365	11773	4535	7238
1366	11749	4525	7224
1367	11656	4514	7142
1368	11572	4512	7060
1369	11512	4538	6974
1370	11468	4543	6925
1371	11535	4541	6994
1372	11441	4545	6896
1373	11354	4545	6809
1374	11335	4552	6783
1375	11311	4557	6754
1376	11229	4541	6688
1377	11160	4526	6634
1378	11088	4540	6548
1379	10988	4537	6451
1380	10970	4548	6422
1381	11072	4546	6526
1382	11056	4530	6526
1383	11031	4519	6512
1384	10931	4531	6400
1385	10876	4540	6336
1386	10978	4541	6437
1387	11010	4537	6473
1388	10974	4558	6416
1389	11022	4567	6455
1390	11144	4562	6582
1391	11133	4556	6577
1392	11131	4569	6562
1393	11159	4562	6597
1394	11183	4540	6643
1395	11269	4544	6725
1396	11339	4541	6798
1397	11378	4536	6842
1398	11394	4545	6849
1399	11322	4566	6756
1400	11391	4556	6835
1401	11496	4536	6960
1402	11591	4569	7022
1403	11719	4577	7142
1404	11672	4539	7133
1405	11790	4546	7244
1406	11788	4564	7224
1407	11849	4514	7335
1408	12001	4523	7478
1409	12106	4551	7555
1410	12264	4530	7734
1411	12230	4543	7687
1412	12262	4550	7712
1413	12359	4530	7829
1414	12499	4529	7970
1415	12625	4527	8098
1416	12573	4523	8050
1417	12657	4526	8131
1418	12792	4532	8260
1419	12896	4552	8344
1420	13008	4570	8438
1421	13052	4551	8501
1422	13018	4540	8478
1423	13102	4525	8577
1424	13294	4527	8767
1425	13425	4567	8858
1426	13460	4565	8895
1427	13460	4536	8924
1428	13521	4560	8961
1429	13668	4556	9112
1430	13681	4554	9127
1431	13686	4540	9146
1432	13820	4526	9294
1433	13782	4532	9250
1434	13759	4531	9228
1435	13743	4554	9189
1436	13883	4577	9306
1437	13925	4544	9381
1438	13847	4534	9313
1439	13904	4551	9353
1440	13874	4565	9309
1441	13907	4534	9373
1442	13935	4526	9409
1443	13969	4540	9429
1444	13924	4537	9387
1445	13817	4547	9270
1446	13867	4560	9307
1447	13908	4566	9342
1448	13842	4566	9276
1449	13769	4559	9210
1450	13799	4568	9231
1451	13777	4568	9209
1452	13719	4569	9150
1453	13716	4569	9147
1454	13732	4531	9201
1455	13608	4543	9065
1456	13597	4569	9028
1457	13673	4573	9100
1458	13640	4572	9068
1459	13472	4583	8889
1460	13406	4563	8843
1461	13240	4543	8697
1462	13206	4552	8654
1463	13167	4583	8584
1464	13193	4601	8592
1465	13158	4568	8590
1466	12980	4556	8424
1467	12925	4556	8369
1468	12964	4538	8426
1469	12883	4574	8309
1470	12795	4549	8246
1471	12786	4557	8229
1472	12677	4571	8106
1473	12482	4582	7900
1474	12315	4559	7756
1475	12238	4535	7703
1476	12282	4566	7716
1477	12219	4577	7642
1478	12067	4571	7496
1479	11900	4573	7327
1480	11905	4572	7333
1481	11860	4542	7318
1482	11729	4544	7185
1483	11603	4572	7031
1484	11494	4584	6910
1485	11501	4582	6919
1486	11322	4593	6729
1487	11241	4574	6667
1488	11163	4580	6583
1489	10987	4581	6406
1490	10903	4548	6355
1491	10789	4524	6265
1492	10765	4542	6223
1493	10727	4555	6172
1494	10602	4538	6064
1495	10591	4520	6071
1496	10477	4537	5940
1497	10432	4560	5872
1498	10455	4558	5897
1499	10319	4552	5767
1500	10272	4547	5725
1501	10198	4558	5640
1502	10138	4574	5564
1503	10091	4547	5544
1504	10065	4518	5547
1505	10035	4566	5469
1506	9939	4582	5357
1507	9822	4551	5271
1508	9747	4537	5210
1509	9675	4558	5117
1510	9684	4562	5122
1511	9767	4550	5217
1512	9714	4532	5182
1513	9646	4518	5128
1514	9628	4535	5093
1515	9625	4511	5114
1516	9512	4531	4981
1517	9507	4546	4961
1518	9666	4549	5117
1519	9674	4577	5097
1520	9586	4598	4988
1521	9583	4565	5018
1522	9706	4540	5166
1523	9659	4551	5108
1524	9599	4563	5036
1525	9674	4572	5102
1526	9577	4531	5046
1527	9473	4525	4948
1528	9519	4574	4945
1529	9615	4563	5052
1530	9754	4553	5201
1531	9790	4543	5247
1532	9774	4557	5217
1533	9775	4555	5220
1534	9769	4557	5212
1535	9776	4560	5216
1536	9891	4574	5317
1537	9900	4562	5338
1538	9899	4564	5335
1539	9940	4569	5371
1540	9944	4559	5385
1541	9977	4580	5397
1542	9994	4558	5436
1543	10130	4561	5569
1544	10198	4585	5613
1545	10199	4565	5634
1546	10222	4540	5682
1547	10322	4545	5777
1548	10389	4565	5824
1549	10404	4549	5855
1550	10448	4565	5883
1551	10475	4595	5880
1552	10487	4578	5909
1553	10602	4577	6025
1554	10665	4572	6093
1555	10699	4563	6136
1556	10698	4570	6128
1557	10785	4565	6220
1558	10875	4605	6270
1559	10870	4606	6264
1560	10967	4571	6396
1561	11019	4572	6447
1562	11017	4583	6434
1563	11086	4574	6512
1564	11151	4540	6611
1565	11094	4529	6565
1566	11136	4566	6570
1567	11268	4559	6709
1568	11221	4565	6656
1569	11179	4572	6607
1570	11211	4558	6653
1571	11206	4567	6639
1572	11327	4584	6743
1573	11358	4552	6806
1574	11368	4542	6826
1575	11363	4564	6799
1576	11345	4548	6797
1577	11339	4536	6803
1578	11381	4565	6816
1579	11400	4546	6854
1580	11446	4538	6908
1581	11398	4541	6857
1582	11303	4551	6752
1583	11337	4575	6762
1584	11392	4591	6801
1585	11363	4561	6802
1586	11359	4554	6805
1587	11295	4569	6726
1588	11273	4577	6696
1589	11228	4543	6685
1590	11100	4554	6546
1591	11150	4573	6577
1592	11128	4577	6551
1593	11158	4562	6596
1594	11231	4586	6645
1595	11195	4605	6590
1596	11138	4574	6564
1597	11001	4552	6449
1598	10942	4552	6390
1599	10980	4553	6427
1600	10982	4560	6422
1601	10788	4555	6233
1602	10712	4617	6095
1603	10754	4603	6151
1604	10783	4572	6211
1605	10583	4576	6007
1606	10517	4568	5949
1607	10481	4548	5933
1608	10448	4559	5889
1609	10390	4577	5813
1610	10261	4581	5680
1611	10221	4544	5677
1612	10222	4538	5684
1613	10046	4547	5499
1614	9966	4578	5388
1615	9875	4556	5319
1616	9764	4563	5201
1617	9749	4544	5205
1618	9706	4542	5164
1619	9645	4564	5081
1620	9593	4567	5026
1621	9438	4552	4886
1622	9494	4581	4913
1623	9468	4587	4881
1624	9352	4582	4770
1625	9218	4570	4648
1626	9189	4539	4650
1627	9120	4576	4544
1628	9000	4583	4417
1629	8881	4544	4337
1630	8917	4553	4364
1631	8884	4567	4317
1632	8682	4583	4099
1633	8589	4591	3998
1634	8583	4548	4035
1635	8620	4538	4082
1636	8573	4561	4012
1637	8459	4569	3890
1638	8315	4564	3751
1639	8205	4546	3659
1640	8143	4550	3593
1641	8103	4538	3565
1642	8121	4573	3548
1643	8089	4588	3501
1644	8081	4593	3488
1645	8036	4598	3438
1646	7993	4591	3402
1647	7991	4584	3407
1648	7947	4567	3380
1649	7899	4552	3347
1650	7906	4550	3356
1651	7852	4532	3320
1652	7887	4552	3335
1653	7829	4550	3279
1654	7783	4549	3234
1655	7849	4534	3315
1656	7781	4551	3230
1657	7688	4556	3132
1658	7676	4558	3118
1659	7677	4557	3120
1660	7667	4535	3132
1661	7707	4530	3177
1662	7687	4544	3143
1663	7640	4534	3106
1664	7580	4521	3059
1665	7419	4521	2898
1666	7433	4556	2877
1667	7530	4567	2963
1668	7475	4567	2908
1669	7385	4545	2840
1670	7287	4520	2767
1671	7307	4530	2777
1672	7369	4545	2824
1673	7333	4560	2773
1674	7329	4600	2729
1675	7360	4569	2791
1676	7317	4545	2772
1677	7412	4550	2862
1678	7369	4569	2800
1679	7425	4562	2863
1680	7405	4569	2836
1681	7387	4563	2824
1682	7396	4567	2829
1683	7390	4560	2830
1684	7453	4539	2914
1685	7446	4540	2906
1686	7458	4554	2904
1687	7505	4564	2941
1688	7462	4574	2888
1689	7356	4575	2781
1690	7503	4560	2943
1691	7537	4552	2985
1692	7421	4564	2857
1693	7392	4546	2846
1694	7509	4572	2937
1695	7527	4561	2966
1696	7510	4535	2975
1697	7575	4559	3016
1698	7687	4551	3136
1699	7739	4548	3191
1700	7778	4537	3241
1701	7844	4539	3305
1702	7895	4558	3337
1703	7902	4549	3353
1704	7951	4572	3379
1705	8030	4557	3473
1706	8063	4537	3526
1707	8069	4541	3528
1708	8166	4566	3600
1709	8264	4528	3736
1710	8342	4545	3797
1711	8453	4558	3895
1712	8515	4554	3961
1713	8592	4558	4034
1714	8584	4565	4019
1715	8510	4559	3951
1716	8566	4565	4001
1717	8558	4560	3998
1718	8657	4539	4118
1719	8673	4563	4110
1720	8728	4584	4144
1721	8866	4558	4308
1722	8841	4551	4290
1723	8978	4560	4418
1724	9012	4546	4466
1725	9070	4528	4542
1726	9192	4532	4660
1727	9325	4555	4770
1728	9496	4569	4927
1729	9526	4537	4989
1730	9528	4554	4974
1731	9682	4592	5090
1732	9811	4555	5256
1733	9883	4558	5325
1734	10009	4581	5428
1735	10117	4567	5550
1736	10226	4548	5678
1737	10369	4567	5802
1738	10447	4561	5886
1739	10607	4568	6039
1740	10699	4556	6143
1741	10744	4554	6190
1742	10686	4566	6120
1743	10541	4554	5987
1744	10615	4562	6053
1745	10631	4565	6066
1746	10544	4551	5993
1747	10585	4551	6034
1748	10694	4563	6131
1749	10785	4575	6210
1750	10779	4583	6196
1751	10749	4568	6181
1752	10806	4571	6235
1753	10848	4572	6276
1754	10845	4569	6276
1755	10820	4560	6260
1756	10777	4570	6207
1757	10722	4584	6138
1758	10807	4557	6250
1759	10806	4552	6254
1760	10802	4560	6242
1761	10923	4585	6338
1762	11085	4570	6515
1763	11108	4543	6565
1764	11123	4567	6556
1765	10953	4574	6379
1766	10896	4570	6326
1767	10903	4568	6335
1768	10877	4564	6313
1769	10862	4573	6289
1770	10822	4563	6259
1771	10741	4558	6183
1772	10714	4557	6157
1773	10747	4557	6190
1774	10651	4581	6070
1775	10502	4573	5929
1776	10427	4558	5869
1777	10494	4570	5924
1778	10402	4581	5821
1779	10378	4546	5832
1780	10462	4558	5904
1781	10366	4586	5780
1782	10246	4572	5674
1783	10208	4561	5647
1784	10289	4540	5749
1785	10182	4538	5644
1786	10146	4545	5601
1787	10089	4563	5526
1788	10098	4567	5531
1789	10113	4570	5543
1790	10065	4573	5492
1791	10019	4552	5467
1792	9990	4551	5439
1793	10013	4569	5444
1794	9955	4534	5421
1795	9963	4516	5447
1796	10043	4532	5511
1797	9932	4530	5402
1798	9889	4559	5330
1799	9964	4547	5417
1800	9915	4543	5372
1801	9808	4540	5268
1802	9794	4548	5246
1803	9737	4549	5188
1804	9749	4552	5197
1805	9724	4566	5158
1806	9783	4566	5217
1807	9835	4552	5283
1808	9701	4559	5142
1809	9567	4563	5004
1810	9454	4564	4890
1811	9281	4558	4723
1812	9151	4540	4611
1813	9220	4521	4699
1814	9150	4531	4619
1815	9120	4575	4545
1816	9045	4577	4468
1817	8852	4546	4306
1818	8913	4557	4356
1819	8850	4576	4274
1820	8828	4561	4267
1821	8823	4549	4274
1822	8795	4581	4214
1823	8760	4570	4190
1824	8786	4566	4220
1825	8751	4563	4188
1826	8734	4557	4177
1827	8682	4562	4120
1828	8678	4589	4089
1829	8636	4588	4048
1830	8658	4579	4079
1831	8700	4582	4118
1832	8608	4572	4036
1833	8637	4541	4096
1834	8725	4536	4189
1835	8755	4556	4199
1836	8723	4547	4176
1837	8769	4545	4224
1838	8809	4545	4264
1839	8732	4535	4197
1840	8601	4557	4044
1841	8657	4544	4113
1842	8543	4535	4008
1843	8471	4576	3895
1844	8529	4572	3957
1845	8434	4587	3847
1846	8386	4579	3807
1847	8346	4550	3796
1848	8332	4522	3810
1849	8325	4536	3789
1850	8322	4556	3766
1851	8278	4532	3746
1852	8277	4565	3712
1853	8324	4579	3745
1854	8249	4569	3680
1855	8313	4557	3756
1856	8347	4531	3816
1857	8252	4540	3712
1858	8239	4561	3678
1859	8268	4572	3696
1860	8262	4592	3670
1861	8265	4574	3691
1862	8330	4575	3755
1863	8285	4580	3705
1864	8281	4549	3732
1865	8369	4539	3830
1866	8456	4544	3912
1867	8434	4559	3875
1868	8461	4557	3904
1869	8491	4546	3945
1870	8653	4542	4111
1871	8682	4529	4153
1872	8761	4546	4215
1873	8756	4576	4180
1874	8792	4574	4218
1875	8902	4541	4361
1876	8988	4547	4441
1877	9135	4556	4579
1878	9340	4559	4781
1879	9380	4544	4836
1880	9284	4545	4739
1881	9311	4587	4724
1882	9290	4596	4694
1883	9298	4573	4725
1884	9314	4552	4762
1885	9435	4560	4875
1886	9417	4564	4853
1887	9423	4545	4878
1888	9397	4540	4857
1889	9396	4564	4832
1890	9421	4564	4857
1891	9417	4542	4875
1892	9477	4566	4911
1893	9512	4548	4964
1894	9444	4574	4870
1895	9497	4590	4907
1896	9647	4582	5065
1897	9627	4568	5059
1898	9534	4563	4971
1899	9507	4544	4963
1900	9484	4559	4925
1901	9535	4550	4985
1902	9558	4544	5014
1903	9557	4542	5015
1904	9549	4548	5001
1905	9608	4552	5056
1906	9664	4557	5107
1907	9560	4552	5008
1908	9557	4564	4993
1909	9601	4578	5023
1910	9601	4569	5032
1911	9606	4564	5042
1912	9606	4590	5016
1913	9606	4547	5059
1914	9752	4507	5245
1915	9762	4528	5234
1916	9691	4555	5136
1917	9691	4580	5111
1918	9707	4569	5138
1919	9652	4550	5102
1920	9779	4549	5230
1921	9806	4539	5267
1922	9837	4541	5296
1923	9995	4551	5444
1924	9965	4558	5407
1925	9997	4579	5418
1926	10029	4591	5438
1927	10082	4581	5501
1928	10185	4570	5615
1929	10190	4562	5628
1930	10205	4537	5668
1931	10240	4554	5686
1932	10253	4547	5706
1933	10262	4549	5713
1934	10261	4558	5703
1935	10187	4572	5615
1936	10086	4579	5507
1937	10127	4592	5535
1938	9972	4600	5372
1939	9895	4579	5316
1940	9889	4558	5331
1941	9966	4566	5400
1942	9898	4582	5316
1943	9828	4577	5251
1944	9802	4568	5234
1945	9808	4579	5229
1946	9809	4576	5233
1947	9798	4577	5221
1948	9854	4593	5261
1949	9969	4579	5390
1950	10077	4579	5498
1951	10168	4570	5598
1952	10100	4558	5542
1953	10100	4555	5545
1954	10213	4554	5659
1955	10187	4561	5626
1956	10153	4572	5581
1957	10199	4563	5636
1958	10094	4569	5525
1959	10151	4556	5595
1960	10140	4558	5582
1961	10148	4551	5597
1962	10126	4571	5555
1963	10013	4579	5434
1964	10045	4572	5473
1965	10055	4558	5497
1966	10022	4568	5454
1967	10066	4572	5494
1968	10014	4544	5470
1969	9937	4540	5397
1970	9978	4560	5418
1971	9936	4570	5366
1972	9876	4576	5300
1973	9898	4566	5332
1974	9786	4545	5241
1975	9784	4561	5223
1976	9854	4567	5287
1977	9835	4560	5275
1978	9881	4571	5310
1979	9990	4575	5415
1980	9964	4591	5373
1981	9922	4589	5333
1982	9922	4538	5384
1983	9762	4571	5191
1984	9651	4560	5091
1985	9658	4548	5110
1986	9667	4552	5115
1987	9649	4576	5073
1988	9556	4580	4976
1989	9452	4570	4882
1990	9290	4588	4702
1991	9086	4589	4497
1992	9064	4598	4466
1993	8973	4577	4396
1994	8814	4575	4239
1995	8720	4589	4131
1996	8657	4590	4067
1997	8521	4596	3925
1998	8478	4573	3905
1999	8420	4585	3835
2000	8357	4596	3761
2001	8270	4595	3675
2002	8259	4587	3672
2003	8205	4592	3613
2004	8083	4577	3506
2005	8024	4547	3477
2006	8015	4564	3451
2007	7922	4589	3333
2008	7922	4597	3325
2009	7861	4583	3278
2010	7891	4574	3317
2011	7870	4584	3286
2012	7819	4579	3240
2013	7763	4575	3188
2014	7830	4596	3234
2015	7817	4574	3243
2016	7778	4577	3201
2017	7716	4577	3139
2018	7725	4575	3150
2019	7664	4575	3089
2020	7656	4571	3085
2021	7722	4567	3155
2022	7643	4583	3060
2023	7631	4601	3030
2024	7697	4587	3110
2025	7579	4561	3018
2026	7600	4578	3022
2027	7579	4589	2990
2028	7543	4587	2956
2029	7596	4584	3012
2030	7629	4574	3055
2031	7572	4575	2997
2032	7569	4599	2970
2033	7608	4594	3014
2034	7648	4585	3063
2035	7575	4578	2997
2036	7661	4580	3081
2037	7770	4594	3176
2038	7778	4583	3195
2039	7834	4544	3290
2040	7794	4537	3257
2041	7786	4530	3256
2042	7853	4554	3299
2043	7979	4545	3434
2044	8122	4575	3547
2045	8119	4605	3514
2046	8193	4571	3622
2047	8259	4539	3720
2048	8283	4539	3744
2049	8309	4576	3733
2050	8290	4583	3707
2051	8278	4569	3709
2052	8343	4575	3768
2053	8272	4581	3691
2054	8258	4584	3674
2055	8373	4588	3785
2056	8433	4592	3841
2057	8421	4599	3822
2058	8431	4592	3839
2059	8414	4570	3844
2060	8388	4570	3818
2061	8473	4584	3889
2062	8430	4582	3848
2063	8380	4575	3805
2064	8351	4588	3763
2065	8356	4598	3758
2066	8393	4587	3806
2067	8456	4600	3856
2068	8494	4601	3893
2069	8442	4594	3848
2070	8446	4595	3851
2071	8496	4597	3899
2072	8430	4564	3866
2073	8450	4555	3895
2074	8426	4559	3867
2075	8389	4571	3818
2076	8397	4563	3834
2077	8333	4556	3777
2078	8203	4560	3643
2079	8226	4557	3669
2080	8254	4549	3705
2081	8173	4570	3603
2082	8097	4575	3522
2083	8036	4559	3477
2084	8055	4563	3492
2085	8068	4573	3495
2086	8134	4566	3568
2087	8167	4567	3600
2088	8274	4569	3705
2089	8290	4563	3727
2090	8189	4557	3632
2091	8166	4556	3610
2092	8102	4536	3566
2093	8100	4561	3539
2094	8068	4574	3494
2095	8106	4554	3552
2096	8051	4585	3466
2097	7993	4574	3419
2098	7984	4568	3416
2099	7953	4560	3393
2100	8071	4564	3507
2101	8088	4571	3517
2102	8105	4576	3529
2103	8175	4567	3608
2104	8268	4551	3717
2105	8261	4575	3686
2106	8284	4574	3710
2107	8322	4551	3771
2108	8358	4564	3794
2109	8420	4551	3869
2110	8411	4572	3839
2111	8417	4553	3864
2112	8405	4567	3838
2113	8427	4585	3842
2114	8505	4588	3917
2115	8539	4578	3961
2116	8405	4577	3828
2117	8397	4573	3824
2118	8344	4578	3766
2119	8309	4561	3748
2120	8296	4558	3738
2121	8191	4577	3614
2122	8130	4587	3543
2123	8060	4573	3487
2124	8127	4577	3550
2125	8094	4580	3514
2126	8062	4564	3498
2127	7954	4539	3415
2128	7973	4547	3426
2129	8032	4578	3454
2130	8060	4602	3458
2131	8046	4571	3475
2132	8116	4575	3541
2133	8239	4571	3668
2134	8465	4556	3909
2135	8527	4544	3983
2136	8648	4555	4093
2137	8702	4578	4124
2138	8696	4578	4118
2139	8617	4542	4075
2140	8597	4535	4062
2141	8576	4530	4046
2142	8617	4527	4090
2143	8738	4541	4197
2144	8773	4568	4205
2145	8856	4570	4286
2146	8930	4578	4352
2147	8950	4568	4382
2148	8911	4553	4358
2149	8920	4561	4359
2150	8984	4568	4416
2151	9068	4572	4496
2152	9128	4574	4554
2153	9159	4584	4575
2154	9250	4586	4664
2155	9307	4568	4739
2156	9398	4585	4813
2157	9453	4582	4871
2158	9491	4553	4938
2159	9518	4584	4934
2160	9526	4582	4944
2161	9544	4562	4982
2162	9589	4573	5016
2163	9500	4570	4930
2164	9573	4603	4970
2165	9628	4631	4997
2166	9753	4595	5158
2167	9763	4547	5216
2168	9840	4578	5262
2169	9887	4577	5310
2170	9974	4598	5376
2171	9919	4594	5325
2172	9934	4574	5360
2173	9992	4585	5407
2174	9980	4587	5393
2175	9876	4592	5284
2176	9907	4598	5309
2177	9801	4610	5191
2178	9803	4597	5206
2179	9839	4582	5257
2180	9806	4600	5206
2181	9772	4570	5202
2182	9625	4560	5065
2183	9536	4579	4957
2184	9577	4584	4993
2185	9606	4566	5040
2186	9704	4541	5163
2187	9774	4541	5233
2188	9832	4580	5252
2189	9886	4569	5317
2190	10040	4566	5474
2191	10169	4562	5607
2192	10088	4560	5528
2193	10051	4538	5513
2194	9962	4578	5384
2195	9964	4589	5375
2196	9950	4593	5357
2197	9901	4575	5326
2198	9804	4592	5212
2199	9663	4581	5082
2200	9553	4563	4990
2201	9663	4573	5090
2202	9603	4568	5035
2203	9501	4537	4964
2204	9523	4563	4960
2205	9614	4566	5048
2206	9663	4568	5095
2207	9665	4593	5072
2208	9618	4590	5028
2209	9576	4577	4999
2210	9516	4580	4936
2211	9416	4569	4847
2212	9391	4578	4813
2213	9329	4547	4782
2214	9308	4546	4762
2215	9318	4564	4754
2216	9289	4571	4718
2217	9200	4544	4656
2218	9179	4547	4632
2219	9165	4601	4564
2220	9235	4558	4677
2221	9068	4541	4527
2222	8910	4576	4334
2223	8965	4563	4402
2224	8969	4577	4392
2225	9001	4589	4412
2226	8986	4582	4404
2227	9054	4585	4469
2228	9035	4567	4468
2229	8974	4564	4410
2230	8990	4563	4427
2231	8920	4562	4358
2232	8856	4580	4276
2233	8830	4584	4246
2234	8776	4579	4197
2235	8680	4581	4099
2236	8650	4557	4093
2237	8676	4554	4122
2238	8701	4561	4140
2239	8637	4575	4062
2240	8516	4570	3946
2241	8564	4566	3998
2242	8482	4569	3913
2243	8481	4575	3906
2244	8587	4582	4005
2245	8624	4577	4047
2246	8582	4567	4015
2247	8526	4547	3979
2248	8495	4576	3919
2249	8523	4589	3934
2250	8481	4576	3905
2251	8478	4558	3920
2252	8514	4589	3925
2253	8458	4577	3881
2254	8502	4552	3950
2255	8526	4598	3928
2256	8605	4577	4028
2257	8605	4558	4047
2258	8580	4587	3993
2259	8587	4570	4017
2260	8551	4571	3980
2261	8493	4605	3888
2262	8480	4611	3869
2263	8452	4596	3856
2264	8381	4597	3784
2265	8447	4601	3846
2266	8428	4580	3848
2267	8459	4587	3872
2268	8452	4633	3819
2269	8379	4619	3760
2270	8284	4597	3687
2271	8275	4582	3693
2272	8282	4587	3695
2273	8195	4588	3607
2274	8204	4573	3631
2275	8263	4563	3700
2276	8256	4561	3695
2277	8183	4571	3612
2278	8181	4584	3597
2279	8095	4559	3536
2280	8085	4577	3508
2281	8029	4576	3453
2282	8005	4563	3442
2283	8039	4559	3480
2284	7972	4565	3407
2285	7974	4587	3387
2286	7887	4616	3271
2287	7771	4588	3183
2288	7719	4555	3164
2289	7689	4585	3104
2290	7786	4576	3210
2291	7703	4564	3139
2292	7744	4576	3168
2293	7694	4581	3113
2294	7666	4589	3077
2295	7628	4582	3046
2296	7599	4591	3008
2297	7604	4576	3028
2298	7549	4578	2971
2299	7489	4598	2891
2300	7430	4599	2831
2301	7473	4564	2909
2302	7451	4548	2903
2303	7349	4566	2783
2304	7346	4591	2755
2305	7267	4584	2683
2306	7310	4594	2716
2307	7335	4568	2767
2308	7367	4567	2800
2309	7325	4538	2787
2310	7281	4580	2701
2311	7326	4577	2749
2312	7307	4568	2739
2313	7296	4571	2725
2314	7324	4594	2730
2315	7351	4580	2771
2316	7395	4562	2833
2317	7318	4562	2756
2318	7294	4587	2707
2319	7347	4599	2748
2320	7338	4589	2749
2321	7255	4577	2678
2322	7299	4589	2710
2323	7249	4596	2653
2324	7234	4593	2641
2325	7261	4586	2675
2326	7226	4581	2645
2327	7250	4567	2683
2328	7305	4588	2717
2329	7215	4603	2612
2330	7205	4589	2616
2331	7298	4582	2716
2332	7302	4564	2738
2333	7244	4568	2676
2334	7257	4597	2660
2335	7216	4579	2637
2336	7228	4600	2628
2337	7305	4592	2713
2338	7263	4580	2683
2339	7203	4583	2620
2340	7255	4585	2670
2341	7288	4603	2685
2342	7281	4608	2673
2343	7228	4585	2643
2344	7189	4606	2583
2345	7188	4617	2571
2346	7235	4626	2609
2347	7245	4597	2648
2348	7287	4605	2682
2349	7318	4577	2741
2350	7303	4574	2729
2351	7365	4587	2778
2352	7411	4587	2824
2353	7428	4585	2843
2354	7492	4583	2909
2355	7540	4571	2969
2356	7513	4602	2911
2357	7503	4581	2922
2358	7683	4547	3136
2359	7664	4575	3089
2360	7747	4590	3157
2361	7764	4596	3168
2362	7757	4607	3150
2363	7796	4578	3218
2364	7944	4567	3377
2365	8059	4597	3462
2366	8095	4619	3476
2367	8147	4603	3544
2368	8085	4588	3497
2369	8082	4574	3508
2370	8172	4582	3590
2371	8299	4574	3725
2372	8367	4579	3788
2373	8369	4565	3804
2374	8446	4555	3891
2375	8383	4545	3838
2376	8406	4556	3850
2377	8317	4554	3763
2378	8373	4572	3801
2379	8474	4591	3883
2380	8458	4575	3883
2381	8433	4580	3853
2382	8469	4594	3875
2383	8512	4600	3912
2384	8588	4601	3987
2385	8552	4603	3949
2386	8534	4589	3945
2387	8551	4589	3962
2388	8495	4587	3908
2389	8534	4581	3953
2390	8608	4567	4041
2391	8685	4567	4118
2392	8678	4575	4103
2393	8612	4595	4017
2394	8604	4596	4008
2395	8610	4562	4048
2396	8569	4577	3992
2397	8580	4571	4009
2398	8608	4597	4011
2399	8519	4611	3908
2400	8507	4606	3901
2401	8524	4570	3954
2402	8601	4567	4034
2403	8578	4563	4015
2404	8461	4585	3876
2405	8355	4576	3779
2406	8378	4594	3784
2407	8457	4599	3858
2408	8456	4586	3870
2409	8422	4584	3838
2410	8359	4587	3772
2411	8385	4597	3788
2412	8337	4619	3718
2413	8237	4613	3624
2414	8233	4600	3633
2415	8313	4585	3728
2416	8234	4606	3628
2417	8185	4589	3596
2418	8173	4605	3568
2419	8143	4612	3531
2420	8112	4589	3523
2421	8057	4587	3470
2422	8125	4568	3557
2423	8117	4573	3544
2424	8115	4599	3516
2425	8081	4602	3479
2426	8142	4592	3550
2427	8057	4596	3461
2428	7978	4570	3408
2429	8024	4538	3486
2430	7947	4562	3385
2431	7890	4548	3342
2432	7788	4526	3262
2433	7808	4532	3276
2434	7829	4565	3264
2435	7872	4577	3295
2436	7876	4569	3307
2437	7793	4582	3211
2438	7809	4562	3247
2439	7786	4577	3209
2440	7767	4584	3183
2441	7784	4580	3204
2442	7745	4587	3158
2443	7752	4596	3156
2444	7747	4598	3149
2445	7711	4591	3120
2446	7693	4584	3109
2447	7628	4600	3028
2448	7625	4578	3047
2449	7593	4584	3009
2450	7605	4592	3013
2451	7539	4578	2961
2452	7488	4591	2897
2453	7518	4603	2915
2454	7535	4608	2927
2455	7439	4601	2838
2456	7360	4577	2783
2457	7302	4571	2731
2458	7302	4585	2717
2459	7358	4612	2746
2460	7388	4587	2801
2461	7421	4586	2835
2462	7336	4618	2718
2463	7275	4611	2664
2464	7296	4576	2720
2465	7328	4583	2745
2466	7269	4598	2671
2467	7193	4596	2597
2468	7177	4617	2560
2469	7193	4615	2578
2470	7167	4601	2566
2471	7098	4575	2523
2472	7233	4553	2680
2473	7335	4570	2765
2474	7211	4560	2651
2475	7201	4542	2659
2476	7197	4565	2632
2477	7138	4575	2563
2478	7201	4572	2629
2479	7179	4564	2615
2480	7221	4582	2639
2481	7225	4594	2631
2482	7193	4580	2613
2483	7165	4580	2585
2484	7150	4607	2543
2485	7102	4563	2539
2486	7165	4555	2610
2487	7237	4583	2654
2488	7234	4593	2641
2489	7268	4598	2670
2490	7279	4594	2685
2491	7242	4579	2663
2492	7210	4561	2649
2493	7243	4533	2710
2494	7281	4563	2718
2495	7258	4569	2689
2496	7192	4547	2645
2497	7124	4544	2580
2498	7111	4573	2538
2499	7118	4591	2527
2500	7147	4603	2544
2501	7227	4582	2645
2502	7252	4594	2658
2503	7136	4610	2526
2504	7143	4552	2591
2505	7159	4546	2613
2506	7188	4594	2594
2507	7294	4596	2698
2508	7342	4566	2776
2509	7380	4572	2808
2510	7407	4589	2818
2511	7484	4584	2900
2512	7480	4591	2889
2513	7402	4566	2836
2514	7445	4537	2908
2515	7425	4578	2847
2516	7424	4591	2833
2517	7708	4578	3130
2518	8396	4596	3800
2519	9208	4587	4621
2520	9863	4576	5287
2521	10281	4589	5692
2522	10227	4577	5650
2523	9897	4584	5313
2524	9572	4568	5004
2525	9282	4560	4722
2526	9126	4587	4539
2527	9055	4595	4460
2528	8948	4582	4366
2529	8849	4575	4274
2530	8899	4568	4331
2531	8986	4564	4422
2532	8918	4571	4347
2533	8878	4580	4298
2534	8911	4582	4329
2535	8907	4572	4335
2536	8763	4583	4180
2537	8649	4584	4065
2538	8544	4585	3959
2539	8319	4586	3733
2540	8255	4594	3661
2541	8287	4597	3690
2542	8228	4570	3658
2543	8235	4558	3677
2544	8277	4572	3705
2545	8141	4538	3603
2546	8021	4556	3465
2547	7893	4585	3308
2548	7721	4595	3126
2549	7700	4583	3117
2550	7691	4594	3097
2551	7563	4599	2964
2552	7448	4546	2902
2553	7360	4528	2832
2554	7280	4576	2704
2555	7254	4580	2674
2556	7260	4584	2676
2557	7226	4568	2658
2558	7168	4569	2599
2559	7158	4589	2569
2560	6998	4617	2381
2561	6832	4593	2239
2562	6782	4562	2220
2563	6711	4584	2127
2564	6684	4569	2115
2565	6552	4579	1973
2566	6538	4585	1953
2567	6480	4578	1902
2568	6530	4567	1963
2569	6497	4538	1959
2570	6366	4577	1789
2571	6360	4592	1768
2572	6352	4600	1752
2573	6306	4623	1683
2574	6254	4610	1644
2575	6104	4580	1524
2576	6071	4569	1502
2577	6139	4593	1546
2578	6029	4599	1430
2579	5950	4623	1327
2580	5906	4610	1296
2581	5861	4578	1283
2582	5784	4584	1200
2583	5778	4607	1171
2584	5814	4582	1232
2585	5739	4570	1169
2586	5743	4576	1167
2587	5702	4573	1129
2588	5607	4574	1033
2589	5573	4564	1009
2590	5531	4575	956
2591	5475	4572	903
2592	5458	4582	876
2593	5469	4590	879
2594	5479	4574	905
2595	5404	4543	861
2596	5436	4599	837
2597	5445	4605	840
2598	5469	4585	884
2599	5491	4587	904
2600	5480	4565	915
2601	5414	4566	848
2602	5436	4583	853
2603	5461	4594	867
2604	5359	4588	771
2605	5319	4567	752
2606	5286	4600	686
2607	5248	4618	630
2608	5202	4602	600
2609	5135	4609	526
2610	5105	4609	496
2611	5176	4588	588
2612	5177	4574	603
2613	5210	4574	636
2614	5245	4570	675
2615	5193	4581	612
2616	5197	4569	628
2617	5201	4579	622
2618	5177	4582	595
2619	5197	4612	585
2620	5224	4607	617
2621	5161	4590	571
2622	5170	4582	588
2623	5226	4574	652
2624	5278	4575	703
2625	5287	4544	743
2626	5280	4570	710
2627	5196	4598	598
2628	5179	4598	581
2629	5233	4595	638
2630	5257	4569	688
2631	5223	4573	650
2632	5254	4607	647
2633	5303	4604	699
2634	5343	4588	755
2635	5400	4584	816
2636	5387	4595	792
2637	5425	4582	843
2638	5392	4593	799
2639	5360	4588	772
2640	5375	4555	820
2641	5422	4560	862
2642	5576	4592	984
2643	5515	4594	921
2644	5422	4574	848
2645	5451	4571	880
2646	5522	4603	919
2647	5486	4601	885
2648	5475	4582	893
2649	5521	4539	982
2650	5594	4563	1031
2651	5672	4565	1107
2652	5600	4577	1023
2653	5583	4590	993
2654	5594	4591	1003
2655	5617	4591	1026
2656	5617	4590	1027
2657	5573	4599	974
2658	5568	4581	987
2659	5692	4561	1131
2660	5716	4558	1158
2661	5702	4583	1119
2662	5717	4584	1133
2663	5723	4584	1139
2664	5743	4596	1147
2665	5768	4577	1191
2666	5770	4571	1199
2667	5739	4561	1178
2668	5775	4553	1222
2669	5896	4588	1308
2670	5848	4607	1241
2671	5758	4610	1148
2672	5772	4591	1181
2673	5848	4596	1252
2674	5878	4611	1267
2675	5849	4590	1259
2676	5853	4580	1273
2677	5862	4569	1293
2678	5895	4556	1339
2679	5853	4584	1269
2680	5869	4598	1271
2681	5794	4589	1205
2682	5781	4580	1201
2683	5804	4564	1240
2684	5815	4556	1259
2685	5804	4561	1243
2686	5847	4568	1279
2687	5932	4570	1362
2688	5875	4595	1280
2689	5873	4591	1282
2690	5968	4568	1400
2691	5903	4584	1319
2692	5795	4601	1194
2693	5756	4611	1145
2694	5726	4610	1116
2695	5755	4613	1142
2696	5689	4603	1086
2697	5638	4602	1036
2698	5663	4597	1066
2699	5686	4573	1113
2700	5639	4581	1058
2701	5664	4576	1088
2702	5702	4559	1143
2703	5635	4568	1067
2704	5633	4609	1024
2705	5570	4602	968
2706	5605	4550	1055
2707	5570	4568	1002
2708	5527	4575	952
2709	5496	4584	912
2710	5466	4596	870
2711	5441	4583	858
2712	5438	4585	853
2713	5432	4582	850
2714	5424	4608	816
2715	5427	4601	826
2716	5353	4594	759
2717	5347	4609	738
2718	5320	4586	734
2719	5245	4592	653
2720	5216	4576	640
2721	5250	4564	686
2722	5313	4557	756
2723	5223	4565	658
2724	5224	4564	660
2725	5231	4563	668
2726	5166	4586	580
2727	5154	4591	563
2728	5146	4569	577
2729	5149	4583	566
2730	5109	4593	516
2731	5109	4605	504
2732	5078	4621	457
2733	5044	4607	437
2734	5036	4552	484
2735	4971	4574	397
2736	4956	4584	372
2737	4966	4584	382
2738	4928	4581	347
2739	4896	4559	337
2740	4873	4550	323
2741	4813	4539	274
2742	4793	4554	239
2743	4776	4565	211
2744	4810	4596	214
2745	4824	4563	261
2746	4807	4572	235
2747	4830	4585	245
2748	4733	4564	169
2749	4733	4568	165
2750	4766	4555	211
2751	4822	4546	276
2752	4788	4572	216
2753	4734	4575	159
2754	4678	4568	110
2755	4647	4566	81
2756	4725	4579	146
2757	4772	4558	214
2758	4702	4564	138
2759	4629	4537	92
2760	4675	4552	123
2761	4633	4546	87
2762	4576	4557	19
2763	4600	4596	4
2764	4646	4592	54
2765	4606	4590	16
2766	4543	4584	-41
2767	4579	4556	23
2768	4613	4533	80
2769	4583	4548	35
2770	4574	4572	2
2771	4592	4560	32
2772	4618	4552	66
2773	4631	4548	83
2774	4584	4574	10
2775	4567	4562	5
2776	4614	4566	48
2777	4610	4581	29
2778	4585	4559	26
2779	4549	4568	-19
2780	4548	4597	-49
2781	4527	4567	-40
2782	4562	4542	20
2783	4471	4541	-70
2784	4467	4561	-94
2785	4524	4597	-73
2786	4531	4584	-53
2787	4524	4567	-43
2788	4551	4566	-15
2789	4569	4568	1
2790	4527	4546	-19
2791	4447	4566	-119
2792	4492	4560	-68
2793	4516	4567	-51
2794	4503	4567	-64
2795	4468	4548	-80
2796	4440	4555	-115
2797	4460	4579	-119
2798	4464	4593	-129
2799	4403	4610	-207
2800	4417	4591	-174
2801	4501	4525	-24
2802	4441	4537	-96
2803	4439	4554	-115
2804	4537	4557	-20
2805	4484	4566	-82
2806	4478	4578	-100
2807	4512	4563	-51
2808	4490	4556	-66
2809	4487	4563	-76
2810	4488	4555	-67
2811	4464	4548	-84
2812	4479	4569	-90
2813	4381	4569	-188
2814	4414	4587	-173
2815	4468	4560	-92
2816	4406	4564	-158
2817	4411	4589	-178
2818	4440	4560	-120
2819	4438	4563	-125
2820	4436	4579	-143
2821	4406	4575	-169
2822	4395	4574	-179
2823	4396	4560	-164
2824	4415	4560	-145
2825	4393	4558	-165
2826	4426	4583	-157
2827	4375	4581	-206
2828	4376	4596	-220
2829	4431	4552	-121
2830	4477	4545	-68
2831	4395	4561	-166
2832	4388	4570	-182
2833	4360	4574	-214
2834	4282	4588	-306
2835	4262	4590	-328
2836	4323	4559	-236
2837	4315	4589	-274
2838	4365	4599	-234
2839	4361	4589	-228
2840	4298	4562	-264
2841	4268	4550	-282
2842	4300	4560	-260
2843	4301	4576	-275
2844	4288	4568	-280
2845	4247	4570	-323
2846	4235	4593	-358
2847	4240	4567	-327
2848	4250	4570	-320
2849	4197	4566	-369
2850	4248	4542	-294
2851	4184	4547	-363
2852	4093	4581	-488
2853	4093	4563	-470
2854	4111	4540	-429
2855	4073	4550	-477
2856	4099	4558	-459
2857	4128	4543	-415
2858	4135	4593	-458
2859	4069	4582	-513
2860	3982	4574	-592
2861	3992	4554	-562
2862	3949	4546	-597
2863	3886	4549	-663
2864	3903	4547	-644
2865	3940	4551	-611
2866	3857	4570	-713
2867	3799	4558	-759
2868	3798	4562	-764
2869	3788	4543	-755
2870	3799	4555	-756
2871	3760	4585	-825
2872	3704	4570	-866
2873	3676	4559	-883
2874	3729	4574	-845
2875	3685	4559	-874
2876	3647	4565	-918
2877	3641	4548	-907
2878	3683	4567	-884
2879	3709	4545	-836
2880	3699	4552	-853
2881	3634	4576	-942
2882	3612	4573	-961
2883	3548	4570	-1022
2884	3561	4558	-997
2885	3567	4560	-993
2886	3561	4577	-1016
2887	3591	4570	-979
2888	3571	4564	-993
2889	3537	4569	-1032
2890	3528	4587	-1059
2891	3498	4571	-1073
2892	3488	4563	-1075
2893	3446	4583	-1137
2894	3425	4570	-1145
2895	3377	4559	-1182
2896	3387	4561	-1174
2897	3403	4578	-1175
2898	3349	4574	-1225
2899	3335	4556	-1221
2900	3338	4561	-1223
2901	3317	4571	-1254
2902	3322	4598	-1276
2903	3304	4569	-1265
2904	3317	4541	-1224
2905	3297	4564	-1267
2906	3249	4543	-1294
2907	3221	4543	-1322
2908	3225	4552	-1327
2909	3217	4552	-1335
2910	3216	4549	-1333
2911	3246	4541	-1295
2912	3236	4549	-1313
2913	3218	4575	-1357
2914	3151	4596	-1445
2915	3169	4569	-1400
2916	3219	4557	-1338
2917	3190	4561	-1371
2918	3194	4574	-1380
2919	3206	4569	-1363
2920	3165	4572	-1407
2921	3121	4592	-1471
2922	3135	4581	-1446
2923	3145	4586	-1441
2924	3180	4553	-1373
2925	3198	4540	-1342
2926	3153	4569	-1416
2927	3080	4573	-1493
2928	3116	4576	-1460
2929	3157	4536	-1379
2930	3152	4556	-1404
2931	3125	4547	-1422
2932	3142	4539	-1397
2933	3103	4570	-1467
2934	3068	4560	-1492
2935	3052	4583	-1531
2936	3063	4597	-1534
2937	3078	4571	-1493
2938	3087	4565	-1478
2939	3143	4564	-1421
2940	3125	4561	-1436
2941	3105	4583	-1478
2942	3074	4597	-1523
2943	3136	4574	-1438
2944	3153	4572	-1419
2945	3083	4559	-1476
2946	3078	4571	-1493
2947	3095	4579	-1484
2948	3102	4561	-1459
2949	3067	4560	-1493
2950	3131	4561	-1430
2951	3081	4557	-1476
2952	3053	4540	-1487
2953	3056	4568	-1512
2954	3100	4578	-1478
2955	3054	4540	-1486
2956	3118	4565	-1447
2957	3124	4568	-1444
2958	3115	4557	-1442
2959	3109	4555	-1446
2960	3125	4549	-1424
2961	3142	4576	-1434
2962	3182	4559	-1377
2963	3195	4576	-1381
2964	3155	4570	-1415
2965	3133	4548	-1415
2966	3186	4549	-1363
2967	3189	4536	-1347
2968	3169	4529	-1360
2969	3194	4578	-1384
2970	3244	4551	-1307
2971	3240	4545	-1305
2972	3221	4581	-1360
2973	3203	4590	-1387
2974	3218	4586	-1368
2975	3175	4594	-1419
2976	3153	4562	-1409
2977	3111	4567	-1456
2978	3122	4581	-1459
2979	3194	4574	-1380
2980	3195	4551	-1356
2981	3211	4543	-1332
2982	3194	4553	-1359
2983	3212	4537	-1325
2984	3206	4543	-1337
2985	3221	4554	-1333
2986	3218	4548	-1330
2987	3212	4540	-1328
2988	3229	4558	-1329
2989	3261	4564	-1303
2990	3257	4561	-1304
2991	3240	4545	-1305
2992	3291	4576	-1285
2993	3338	4557	-1219
2994	3323	4562	-1239
2995	3275	4547	-1272
2996	3284	4568	-1284
2997	3292	4567	-1275
2998	3247	4572	-1325
2999	3261	4551	-1290
3000	3268	4550	-1282
3001	3234	4594	-1360
3002	3248	4565	-1317
3003	3217	4532	-1315
3004	3233	4541	-1308
3005	3293	4543	-1250
3006	3330	4539	-1209
3007	3339	4567	-1228
3008	3308	4560	-1252
3009	3281	4528	-1247
3010	3269	4543	-1274
3011	3307	4563	-1256
3012	3275	4560	-1285
3013	3186	4533	-1347
3014	3190	4527	-1337
3015	3281	4546	-1265
3016	3272	4529	-1257
3017	3213	4537	-1324
3018	3233	4560	-1327
3019	3219	4547	-1328
3020	3207	4544	-1337
3021	3217	4539	-1322
3022	3216	4542	-1326
3023	3233	4568	-1335
3024	3215	4568	-1353
3025	3216	4555	-1339
3026	3256	4549	-1293
3027	3235	4553	-1318
3028	3208	4573	-1365
3029	3220	4534	-1314
3030	3185	4544	-1359
3031	3207	4556	-1349
3032	3211	4534	-1323
3033	3198	4526	-1328
3034	3154	4527	-1373
3035	3167	4529	-1362
3036	3188	4544	-1356
3037	3137	4537	-1400
3038	3148	4508	-1360
3039	3136	4514	-1378
3040	3131	4524	-1393
3041	3155	4529	-1374
3042	3123	4524	-1401
3043	3125	4492	-1367
3044	3110	4521	-1411
3045	3067	4537	-1470
3046	3064	4535	-1471
3047	3051	4538	-1487
3048	3029	4534	-1505
3049	3033	4514	-1481
3050	3050	4515	-1465
3051	3048	4515	-1467
3052	3057	4545	-1488
3053	3042	4543	-1501
3054	3028	4536	-1508
3055	3051	4560	-1509
3056	3015	4562	-1547
3057	3002	4543	-1541
3058	3002	4544	-1542
3059	3006	4522	-1516
3060	3017	4541	-1524
3061	3010	4527	-1517
3062	3041	4533	-1492
3063	3021	4543	-1522
3064	2992	4519	-1527
3065	2998	4535	-1537
3066	2970	4563	-1593
3067	2894	4513	-1619
3068	2911	4525	-1614
3069	2919	4530	-1611
3070	2936	4550	-1614
3071	2941	4551	-1610
3072	2925	4529	-1604
3073	2926	4534	-1608
3074	2935	4529	-1594
3075	2878	4525	-1647
3076	2855	4527	-1672
3077	2860	4512	-1652
3078	2869	4522	-1653
3079	2841	4532	-1691
3080	2849	4545	-1696
3081	2890	4529	-1639
3082	2877	4533	-1656
3083	2842	4539	-1697
3084	2826	4546	-1720
3085	2833	4524	-1691
3086	2838	4509	-1671
3087	2811	4501	-1690
3088	2826	4522	-1696
3089	2892	4549	-1657
3090	2842	4524	-1682
3091	2839	4492	-1653
3092	2853	4503	-1650
3093	2833	4517	-1684
3094	2835	4504	-1669
3095	2814	4524	-1710
3096	2800	4526	-1726
3097	2848	4521	-1673
3098	2872	4533	-1661
3099	2852	4532	-1680
3100	2883	4541	-1658
3101	2826	4557	-1731
3102	2845	4551	-1706
3103	2871	4527	-1656
3104	2901	4539	-1638
3105	2863	4525	-1662
3106	2885	4535	-1650
3107	2864	4526	-1662
3108	2798	4509	-1711
3109	2789	4507	-1718
3110	2854	4520	-1666
3111	2884	4531	-1647
3112	2877	4540	-1663
3113	2851	4525	-1674
3114	2867	4534	-1667
3115	2853	4534	-1681
3116	2881	4524	-1643
3117	2913	4543	-1630
3118	2917	4523	-1606
3119	2930	4529	-1599
3120	2930	4543	-1613
3121	2885	4548	-1663
3122	2863	4556	-1693
3123	2934	4516	-1582
3124	2943	4530	-1587
3125	2893	4531	-1638
3126	2889	4512	-1623
3127	2874	4506	-1632
3128	2895	4506	-1611
3129	2890	4512	-1622
3130	2880	4535	-1655
3131	2889	4539	-1650
3132	2892	4531	-1639
3133	2920	4530	-1610
3134	2904	4515	-1611
3135	2889	4506	-1617
3136	2874	4526	-1652
3137	2929	4508	-1579
3138	2949	4483	-1534
3139	2893	4512	-1619
3140	2931	4503	-1572
3141	2957	4507	-1550
3142	2925	4511	-1586
3143	2928	4517	-1589
3144	3025	4526	-1501
3145	3084	4538	-1454
3146	3094	4536	-1442
3147	3116	4499	-1383
3148	3098	4524	-1426
3149	3110	4554	-1444
3150	3111	4522	-1411
3151	3124	4520	-1396
3152	3170	4513	-1343
3153	3177	4526	-1349
3154	3159	4514	-1355
3155	3187	4499	-1312
3156	3221	4465	-1244
3157	3237	4496	-1259
3158	3265	4516	-1251
3159	3319	4519	-1200
3160	3357	4518	-1161
3161	3383	4505	-1122
3162	3456	4519	-1063
3163	3443	4536	-1093
3164	3459	4514	-1055
3165	3524	4508	-984
3166	3612	4541	-929
3167	3718	4532	-814
3168	3759	4502	-743
3169	3799	4519	-720
3170	3868	4511	-643
3171	3919	4512	-593
3172	3974	4500	-526
3173	4022	4513	-491
3174	4001	4487	-486
3175	3945	4505	-560
3176	4071	4537	-466
3177	4180	4535	-355
3178	4253	4489	-236
3179	4272	4484	-212
3180	4373	4498	-125
3181	4474	4507	-33
3182	4494	4509	-15
3183	4568	4483	85
3184	4627	4505	122
3185	4581	4513	68
3186	4704	4518	186
3187	4867	4506	361
3188	4904	4500	404
3189	4951	4533	418
3190	4965	4507	458
3191	4945	4476	469
3192	4897	4472	425
3193	4890	4478	412
3194	4928	4496	432
3195	4879	4495	384
3196	5009	4494	515
3197	5100	4508	592
3198	5140	4531	609
3199	5281	4502	779
3200	5377	4485	892
3201	5472	4488	984
3202	5516	4472	1044
3203	5507	4468	1039
3204	5595	4488	1107
3205	5626	4499	1127
3206	5718	4504	1214
3207	5809	4490	1319
3208	5834	4482	1352
3209	5840	4469	1371
3210	5891	4496	1395
3211	5994	4479	1515
3212	5990	4508	1482
3213	6065	4485	1580
3214	6183	4471	1712
3215	6095	4475	1620
3216	6156	4493	1663
3217	6153	4471	1682
3218	6058	4474	1584
3219	6037	4497	1540
3220	6094	4488	1606
3221	6171	4465	1706
3222	6177	4478	1699
3223	6166	4511	1655
3224	6195	4516	1679
3225	6269	4501	1768
3226	6297	4498	1799
3227	6309	4494	1815
3228	6380	4515	1865
3229	6442	4516	1926
3230	6493	4488	2005
3231	6474	4464	2010
3232	6547	4493	2054
3233	6613	4493	2120
3234	6723	4500	2223
3235	6829	4508	2321
3236	6917	4488	2429
3237	7036	4511	2525
3238	7148	4508	2640
3239	7198	4463	2735
3240	7234	4481	2753
3241	7267	4468	2799
3242	7197	4462	2735
3243	7072	4453	2619
3244	7029	4486	2543
3245	7009	4484	2525
3246	6956	4500	2456
3247	6928	4477	2451
3248	6956	4470	2486
3249	6923	4460	2463
3250	6919	4450	2469
3251	6961	4453	2508
3252	6959	4462	2497
3253	6923	4469	2454
3254	6866	4467	2399
3255	6880	4471	2409
3256	6856	4482	2374
3257	6792	4472	2320
3258	6778	4468	2310
3259	6825	4452	2373
3260	6866	4450	2416
3261	6879	4430	2449
3262	6907	4444	2463
3263	6790	4468	2322
3264	6780	4480	2300
3265	6896	4476	2420
3266	6949	4468	2481
3267	7091	4482	2609
3268	7317	4506	2811
3269	7460	4469	2991
3270	7584	4471	3113
3271	7624	4458	3166
3272	7562	4460	3102
3273	7533	4474	3059
3274	7565	4480	3085
3275	7567	4476	3091
3276	7581	4483	3098
3277	7570	4481	3089
3278	7520	4482	3038
3279	7390	4472	2918
3280	7353	4473	2880
3281	7331	4492	2839
3282	7191	4499	2692
3283	7057	4484	2573
3284	7008	4469	2539
3285	6919	4470	2449
3286	6707	4485	2222
3287	6633	4473	2160
3288	6546	4484	2062
3289	6438	4482	1956
3290	6390	4452	1938
3291	6422	4466	1956
3292	6426	4469	1957
3293	6420	4483	1937
3294	6395	4450	1945
3295	6436	4467	1969
3296	6453	4489	1964
3297	6453	4473	1980
3298	6463	4444	2019
3299	6439	4427	2012
3300	6360	4435	1925
3301	6418	4459	1959
3302	6471	4475	1996
3303	6492	4461	2031
3304	6410	4469	1941
3305	6376	4479	1897
3306	6429	4478	1951
3307	6398	4481	1917
3308	6296	4450	1846
3309	6220	4471	1749
3310	6187	4467	1720
3311	6127	4466	1661
3312	6029	4481	1548
3313	5918	4462	1456
3314	5895	4436	1459
3315	5854	4442	1412
3316	5784	4482	1302
3317	5725	4476	1249
3318	5693	4435	1258
3319	5721	4455	1266
3320	5817	4482	1335
3321	5792	4471	1321
3322	5838	4448	1390
3323	5778	4440	1338
3324	5751	4444	1307
3325	5728	4442	1286
3326	5738	4430	1308
3327	5681	4440	1241
3328	5673	4444	1229
3329	5643	4452	1191
3330	5596	4462	1134
3331	5513	4461	1052
3332	5480	4454	1026
3333	5474	4440	1034
3334	5525	4441	1084
3335	5404	4470	934
3336	5199	4447	752
3337	5038	4408	630
3338	4968	4397	571
3339	4946	4413	533
3340	4868	4434	434
3341	4846	4408	438
3342	4801	4412	389
3343	4752	4446	306
3344	4696	4430	266
3345	4691	4428	263
3346	4668	4431	237
3347	4593	4409	184
3348	4554	4442	112
3349	4521	4439	82
3350	4474	4452	22
3351	4432	4452	-20
3352	4362	4408	-46
3353	4241	4415	-174
3354	4205	4432	-227
3355	4174	4439	-265
3356	4158	4429	-271
3357	4107	4432	-325
3358	4036	4440	-404
3359	3959	4411	-452
3360	3959	4424	-465
3361	3929	4428	-499
3362	3869	4419	-550
3363	3845	4411	-566
3364	3781	4434	-653
3365	3764	4451	-687
3366	3765	4429	-664
3367	3818	4424	-606
3368	3915	4405	-490
3369	3960	4417	-457
3370	3989	4421	-432
3371	4065	4400	-335
3372	4099	4394	-295
3373	4088	4386	-298
3374	4102	4403	-301
3375	4094	4419	-325
3376	4065	4408	-343
3377	3976	4392	-416
3378	4009	4409	-400
3379	3926	4401	-475
3380	3854	4393	-539
3381	3858	4415	-557
3382	3835	4409	-574
3383	3760	4390	-630
3384	3775	4404	-629
3385	3764	4407	-643
3386	3709	4412	-703
3387	3691	4403	-712
3388	3735	4399	-664
3389	3829	4397	-568
3390	3840	4419	-579
3391	3888	4398	-510
3392	3844	4369	-525
3393	3748	4376	-628
3394	3731	4395	-664
3395	3706	4390	-684
3396	3640	4409	-769
3397	3557	4438	-881
3398	3527	4398	-871
3399	3527	4385	-858
3400	3495	4411	-916
3401	3506	4402	-896
3402	3462	4389	-927
3403	3394	4399	-1005
3404	3374	4411	-1037
3405	3301	4404	-1103
3406	3269	4389	-1120
3407	3255	4397	-1142
3408	3212	4404	-1192
3409	3224	4406	-1182
3410	3211	4400	-1189
3411	3181	4380	-1199
3412	3225	4380	-1155
3413	3213	4381	-1168
3414	3230	4382	-1152
3415	3173	4367	-1194
3416	3117	4381	-1264
3417	3118	4380	-1262
3418	3123	4398	-1275
3419	3064	4404	-1340
3420	3077	4416	-1339
3421	3024	4381	-1357
3422	3014	4405	-1391
3423	3057	4414	-1357
3424	3082	4390	-1308
3425	3152	4376	-1224
3426	3183	4369	-1186
3427	3165	4373	-1208
3428	3208	4385	-1177
3429	3166	4383	-1217
3430	3180	4372	-1192
3431	3167	4366	-1199
3432	3060	4372	-1312
3433	3002	4397	-1395
3434	3010	4366	-1356
3435	3100	4376	-1276
3436	3106	4379	-1273
3437	3053	4365	-1312
3438	3052	4387	-1335
3439	3013	4374	-1361
3440	3033	4372	-1339
3441	2987	4382	-1395
3442	2973	4363	-1390
3443	2977	4359	-1382
3444	2988	4362	-1374
3445	2990	4385	-1395
3446	3005	4380	-1375
3447	3013	4364	-1351
3448	3001	4365	-1364
3449	2952	4330	-1378
3450	2970	4349	-1379
3451	2941	4352	-1411
3452	2852	4348	-1496
3453	2845	4364	-1519
3454	2754	4361	-1607
3455	2799	4362	-1563
3456	2849	4344	-1495
3457	2794	4353	-1559
3458	2768	4346	-1578
3459	2762	4346	-1584
3460	2721	4383	-1662
3461	2734	4364	-1630
3462	2767	4356	-1589
3463	2841	4372	-1531
3464	2822	4335	-1513
3465	2774	4331	-1557
3466	2826	4355	-1529
3467	2829	4359	-1530
3468	2835	4357	-1522
3469	2836	4378	-1542
3470	2842	4364	-1522
3471	2834	4348	-1514
3472	2792	4323	-1531
3473	2734	4310	-1576
3474	2697	4352	-1655
3475	2634	4353	-1719
3476	2594	4338	-1744
3477	2587	4334	-1747
3478	2597	4360	-1763
3479	2532	4365	-1833
3480	2540	4352	-1812
3481	2490	4331	-1841
3482	2496	4349	-1853
3483	2487	4339	-1852
3484	2464	4360	-1896
3485	2487	4341	-1854
3486	2479	4312	-1833
3487	2481	4340	-1859
3488	2506	4335	-1829
3489	2494	4323	-1829
3490	2494	4323	-1829
3491	2526	4346	-1820
3492	2450	4337	-1887
3493	2439	4315	-1876
3494	2458	4301	-1843
3495	2424	4301	-1877
3496	2391	4317	-1926
3497	2358	4339	-1981
3498	2315	4359	-2044
3499	2283	4327	-2044
3500	2317	4340	-2023
3501	2314	4360	-2046
3502	2269	4329	-2060
3503	2273	4301	-2028
3504	2291	4283	-1992
3505	2269	4305	-2036
3506	2229	4329	-2100
3507	2254	4302	-2048
3508	2213	4302	-2089
3509	2134	4299	-2165
3510	2180	4294	-2114
3511	2178	4279	-2101
3512	2109	4300	-2191
3513	2083	4310	-2227
3514	2071	4315	-2244
3515	2049	4303	-2254
3516	2077	4292	-2215
3517	2090	4291	-2201
3518	2078	4283	-2205
3519	2041	4287	-2246
3520	2037	4290	-2253
3521	2008	4297	-2289
3522	2000	4307	-2307
3523	2011	4278	-2267
3524	1958	4300	-2342
3525	1924	4309	-2385
3526	1931	4319	-2388
3527	1922	4314	-2392
3528	1922	4276	-2354
3529	1900	4280	-2380
3530	1878	4314	-2436
3531	1926	4297	-2371
3532	1957	4252	-2295
3533	1981	4274	-2293
3534	1981	4309	-2328
3535	1984	4317	-2333
3536	1920	4296	-2376
3537	1848	4286	-2438
3538	1843	4300	-2457
3539	1822	4289	-2467
3540	1787	4284	-2497
3541	1791	4269	-2478
3542	1836	4270	-2434
3543	1849	4301	-2452
3544	1855	4318	-2463
3545	1803	4297	-2494
3546	1770	4285	-2515
3547	1788	4289	-2501
3548	1817	4287	-2470
3549	1750	4295	-2545
3550	1756	4281	-2525
3551	1757	4286	-2529
3552	1695	4309	-2614
3553	1675	4287	-2612
3554	1695	4258	-2563
3555	1674	4280	-2606
3556	1656	4298	-2642
3557	1657	4277	-2620
3558	1698	4266	-2568
3559	1674	4266	-2592
3560	1656	4255	-2599
3561	1672	4249	-2577
3562	1659	4266	-2607
3563	1624	4239	-2615
3564	1573	4245	-2672
3565	1559	4235	-2676
3566	1564	4260	-2696
3567	1536	4277	-2741
3568	1552	4270	-2718
3569	1586	4237	-2651
3570	1609	4236	-2627
3571	1574	4217	-2643
3572	1577	4226	-2649
3573	1579	4250	-2671
3574	1545	4229	-2684
3575	1525	4224	-2699
3576	1510	4223	-2713
3577	1533	4253	-2720
3578	1568	4241	-2673
3579	1552	4225	-2673
3580	1550	4225	-2675
3581	1513	4227	-2714
3582	1471	4238	-2767
3583	1495	4230	-2735
3584	1494	4219	-2725
3585	1484	4214	-2730
3586	1496	4234	-2738
3587	1493	4219	-2726
3588	1481	4225	-2744
3589	1435	4210	-2775
3590	1424	4219	-2795
3591	1426	4225	-2799
3592	1380	4193	-2813
3593	1333	4182	-2849
3594	1316	4206	-2890
3595	1303	4192	-2889
3596	1353	4178	-2825
3597	1388	4208	-2820
3598	1361	4207	-2846
3599	1330	4199	-2869
3600	1310	4196	-2886
3601	1321	4194	-2873
3602	1314	4199	-2885
3603	1250	4184	-2934
3604	1268	4182	-2914
3605	1286	4172	-2886
3606	1305	4197	-2892
3607	1266	4204	-2938
3608	1263	4224	-2961
3609	1245	4230	-2985
3610	1218	4182	-2964
3611	1202	4176	-2974
3612	1209	4208	-2999
3613	1215	4215	-3000
3614	1195	4218	-3023
3615	1187	4220	-3033
3616	1185	4205	-3020
3617	1164	4202	-3038
3618	1155	4191	-3036
3619	1139	4180	-3041
3620	1148	4204	-3056
3621	1153	4211	-3058
3622	1170	4208	-3038
3623	1151	4194	-3043
3624	1141	4204	-3063
3625	1164	4189	-3025
3626	1187	4181	-2994
3627	1169	4160	-2991
3628	1110	4184	-3074
3629	1088	4185	-3097
3630	1096	4194	-3098
3631	1132	4186	-3054
3632	1148	4169	-3021
3633	1123	4188	-3065
3634	1135	4213	-3078
3635	1125	4177	-3052
3636	1069	4200	-3131
3637	1063	4185	-3122
3638	1075	4185	-3110
3639	1065	4178	-3113
3640	1041	4155	-3114
3641	1002	4163	-3161
3642	1017	4184	-3167
3643	1025	4186	-3161
3644	1027	4159	-3132
3645	1039	4168	-3129
3646	1013	4177	-3164
3647	979	4150	-3171
3648	1009	4138	-3129
