index	original	background	difference
-----------------------------------------------------
1	636	249	387
2	634	238	396
3	621	236	385
4	635	240	395
5	664	244	420
6	674	252	422
7	675	249	426
8	690	247	443
9	664	254	410
10	647	256	391
11	653	257	396
12	678	245	433
13	667	250	417
14	639	252	387
15	649	255	394
16	665	261	404
17	680	261	419
18	677	258	419
19	669	253	416
20	667	260	407
21	647	253	394
22	676	250	426
23	685	259	426
24	693	261	432
25	682	257	425
26	673	261	412
27	674	266	408
28	704	254	450
29	718	264	454
30	742	265	477
31	719	257	462
32	686	255	431
33	693	267	426
34	688	261	427
35	676	264	412
36	695	271	424
37	689	272	417
38	697	272	425
39	713	263	450
40	741	266	475
41	722	264	458
42	710	270	440
43	685	269	416
44	700	265	435
45	722	269	453
46	731	274	457
47	727	273	454
48	703	267	436
49	726	267	459
50	741	267	474
51	752	269	483
52	763	264	499
53	739	259	480
54	733	267	466
55	743	267	476
56	712	281	431
57	720	278	442
58	758	272	486
59	766	275	491
60	776	269	507
61	744	266	478
62	720	265	455
63	745	275	470
64	776	273	503
65	783	270	513
66	806	270	536
67	771	277	494
68	757	273	484
69	768	280	488
70	749	289	460
71	771	278	493
72	796	280	516
73	774	281	493
74	791	271	520
75	779	268	511
76	774	268	506
77	783	271	512
78	787	274	513
79	768	279	489
80	781	280	501
81	819	274	545
82	788	270	518
83	778	277	501
84	800	273	527
85	797	277	520
86	814	287	527
87	790	283	507
88	791	275	516
89	816	274	542
90	821	268	553
91	806	272	534
92	821	273	548
93	829	261	568
94	833	274	559
95	829	277	552
96	818	274	544
97	843	277	566
98	876	272	604
99	841	271	570
100	841	278	563
101	846	281	565
102	862	272	590
103	850	275	575
104	887	276	611
105	875	277	598
106	871	286	585
107	892	279	613
108	897	272	625
109	891	284	607
110	853	274	579
111	852	276	576
112	882	287	595
113	905	274	631
114	895	272	623
115	894	280	614
116	898	277	621
117	893	276	617
118	919	293	626
119	936	288	648
120	926	269	657
121	900	272	628
122	936	274	662
123	944	287	657
124	960	294	666
125	972	281	691
126	973	281	692
127	940	290	650
128	958	281	677
129	968	279	689
130	969	275	694
131	942	277	665
132	958	279	679
133	967	276	691
134	967	282	685
135	979	279	700
136	986	287	699
137	969	283	686
138	966	278	688
139	980	278	702
140	979	278	701
141	966	280	686
142	951	276	675
143	962	291	671
144	965	288	677
145	952	279	673
146	973	274	699
147	994	277	717
148	1022	276	746
149	1000	282	718
150	1031	278	753
151	1053	278	775
152	1058	279	779
153	1031	287	744
154	1018	278	740
155	1031	271	760
156	1040	269	771
157	1056	274	782
158	1059	279	780
159	1071	280	791
160	1074	284	790
161	1053	277	776
162	1058	279	779
163	1072	279	793
164	1057	276	781
165	1058	279	779
166	1065	283	782
167	1079	286	793
168	1097	287	810
169	1043	292	751
170	1061	283	778
171	1085	288	797
172	1084	275	809
173	1088	269	819
174	1075	277	798
175	1091	288	803
176	1119	281	838
177	1102	282	820
178	1098	285	813
179	1107	281	826
180	1137	280	857
181	1141	280	861
182	1141	279	862
183	1150	285	865
184	1158	285	873
185	1147	279	868
186	1151	282	869
187	1130	286	844
188	1145	280	865
189	1164	283	881
190	1143	279	864
191	1123	281	842
192	1140	280	860
193	1180	279	901
194	1146	284	862
195	1121	283	838
196	1163	284	879
197	1191	277	914
198	1144	281	863
199	1187	283	904
200	1204	287	917
201	1179	288	891
202	1201	276	925
203	1214	282	932
204	1223	289	934
205	1199	286	913
206	1186	281	905
207	1219	282	937
208	1219	279	940
209	1208	279	929
210	1210	281	929
211	1237	283	954
212	1243	278	965
213	1221	276	945
214	1241	274	967
215	1223	268	955
216	1246	275	971
217	1212	284	928
218	1184	267	917
219	1239	290	949
220	1273	274	999
221	1270	272	998
222	1279	276	1003
223	1268	281	987
224	1280	285	995
225	1263	280	983
226	1269	280	989
227	1252	284	968
228	1242	281	961
229	1262	274	988
230	1275	285	990
231	1254	275	979
232	1277	274	1003
233	1280	285	995
234	1297	286	1011
235	1288	286	1002
236	1266	278	988
237	1296	277	1019
238	1315	270	1045
239	1317	275	1042
240	1365	276	1089
241	1360	280	1080
242	1367	287	1080
243	1369	288	1081
244	1355	280	1075
245	1343	273	1070
246	1318	276	1042
247	1332	287	1045
248	1347	283	1064
249	1372	280	1092
250	1385	281	1104
251	1380	279	1101
252	1371	276	1095
253	1353	283	1070
254	1330	280	1050
255	1338	278	1060
256	1343	279	1064
257	1355	280	1075
258	1403	282	1121
259	1384	276	1108
260	1392	276	1116
261	1385	279	1106
262	1404	275	1129
263	1462	279	1183
264	1437	276	1161
265	1431	269	1162
266	1394	274	1120
267	1357	280	1077
268	1404	277	1127
269	1432	272	1160
270	1404	272	1132
271	1435	272	1163
272	1453	275	1178
273	1444	279	1165
274	1444	282	1162
275	1446	282	1164
276	1444	283	1161
277	1475	287	1188
278	1469	273	1196
279	1438	276	1162
280	1454	273	1181
281	1461	278	1183
282	1461	280	1181
283	1481	282	1199
284	1463	282	1181
285	1495	288	1207
286	1501	282	1219
287	1438	292	1146
288	1508	293	1215
289	1533	286	1247
290	1506	280	1226
291	1497	274	1223
292	1548	273	1275
293	1529	277	1252
294	1536	276	1260
295	1565	280	1285
296	1557	279	1278
297	1512	277	1235
298	1531	279	1252
299	1536	279	1257
300	1536	280	1256
301	1558	285	1273
302	1566	273	1293
303	1546	274	1272
304	1568	275	1293
305	1561	283	1278
306	1605	285	1320
307	1582	290	1292
308	1546	297	1249
309	1569	280	1289
310	1606	279	1327
311	1576	279	1297
312	1601	282	1319
313	1593	272	1321
314	1575	269	1306
315	1565	276	1289
316	1595	283	1312
317	1606	278	1328
318	1645	280	1365
319	1666	284	1382
320	1649	277	1372
321	1648	281	1367
322	1654	271	1383
323	1624	268	1356
324	1634	269	1365
325	1633	278	1355
326	1669	276	1393
327	1694	275	1419
328	1630	283	1347
329	1640	278	1362
330	1641	280	1361
331	1633	277	1356
332	1648	275	1373
333	1663	284	1379
334	1679	274	1405
335	1677	276	1401
336	1684	283	1401
337	1664	281	1383
338	1697	283	1414
339	1751	284	1467
340	1692	279	1413
341	1695	283	1412
342	1715	279	1436
343	1689	276	1413
344	1718	270	1448
345	1747	268	1479
346	1702	267	1435
347	1743	272	1471
348	1769	271	1498
349	1708	286	1422
350	1707	273	1434
351	1713	270	1443
352	1731	274	1457
353	1726	281	1445
354	1749	277	1472
355	1780	275	1505
356	1761	271	1490
357	1753	273	1480
358	1763	278	1485
359	1776	271	1505
360	1812	264	1548
361	1824	274	1550
362	1819	267	1552
363	1823	268	1555
364	1813	271	1542
365	1833	278	1555
366	1864	281	1583
367	1864	288	1576
368	1859	290	1569
369	1842	290	1552
370	1866	284	1582
371	1833	274	1559
372	1873	273	1600
373	1905	277	1628
374	1860	282	1578
375	1861	281	1580
376	1853	274	1579
377	1893	274	1619
378	1927	279	1648
379	1887	282	1605
380	1892	271	1621
381	1901	288	1613
382	1950	285	1665
383	1969	270	1699
384	1950	264	1686
385	1923	274	1649
386	1939	280	1659
387	1964	280	1684
388	1948	273	1675
389	1970	280	1690
390	1979	286	1693
391	1940	279	1661
392	1992	282	1710
393	1994	279	1715
394	1966	273	1693
395	2014	282	1732
396	1993	278	1715
397	2021	278	1743
398	2043	274	1769
399	2034	286	1748
400	2032	284	1748
401	1982	276	1706
402	1984	278	1706
403	2063	284	1779
404	2068	275	1793
405	2086	273	1813
406	2087	273	1814
407	2098	276	1822
408	2099	273	1826
409	2055	265	1790
410	2105	272	1833
411	2128	281	1847
412	2071	287	1784
413	2113	281	1832
414	2135	279	1856
415	2173	271	1902
416	2163	278	1885
417	2121	282	1839
418	2157	279	1878
419	2160	273	1887
420	2159	271	1888
421	2113	269	1844
422	2117	278	1839
423	2160	286	1874
424	2147	283	1864
425	2182	284	1898
426	2178	287	1891
427	2195	288	1907
428	2212	285	1927
429	2194	283	1911
430	2210	275	1935
431	2215	276	1939
432	2190	281	1909
433	2184	276	1908
434	2236	274	1962
435	2230	281	1949
436	2229	276	1953
437	2222	276	1946
438	2233	282	1951
439	2227	284	1943
440	2266	280	1986
441	2209	286	1923
442	2237	289	1948
443	2267	284	1983
444	2267	277	1990
445	2290	286	2004
446	2278	279	1999
447	2276	283	1993
448	2265	284	1981
449	2261	281	1980
450	2292	282	2010
451	2289	281	2008
452	2295	267	2028
453	2322	278	2044
454	2342	284	2058
455	2289	287	2002
456	2297	282	2015
457	2298	277	2021
458	2338	273	2065
459	2385	277	2108
460	2373	284	2089
461	2366	281	2085
462	2361	279	2082
463	2367	279	2088
464	2391	277	2114
465	2353	281	2072
466	2339	279	2060
467	2357	276	2081
468	2386	263	2123
469	2393	299	2094
470	2422	281	2141
471	2457	281	2176
472	2462	283	2179
473	2444	280	2164
474	2455	279	2176
475	2421	280	2141
476	2417	277	2140
477	2424	274	2150
478	2426	268	2158
479	2432	272	2160
480	2427	278	2149
481	2442	278	2164
482	2452	279	2173
483	2449	284	2165
484	2447	281	2166
485	2505	273	2232
486	2535	271	2264
487	2499	280	2219
488	2491	287	2204
489	2522	289	2233
490	2529	291	2238
491	2482	290	2192
492	2510	283	2227
493	2523	275	2248
494	2544	282	2262
495	2507	288	2219
496	2476	283	2193
497	2510	275	2235
498	2556	272	2284
499	2593	278	2315
500	2571	279	2292
501	2539	279	2260
502	2511	276	2235
503	2580	282	2298
504	2559	282	2277
505	2534	284	2250
506	2578	279	2299
507	2583	285	2298
508	2602	281	2321
509	2580	276	2304
510	2551	275	2276
511	2547	276	2271
512	2596	277	2319
513	2614	280	2334
514	2597	277	2320
515	2610	276	2334
516	2628	277	2351
517	2600	281	2319
518	2644	284	2360
519	2589	287	2302
520	2614	288	2326
521	2591	285	2306
522	2598	283	2315
523	2598	290	2308
524	2648	282	2366
525	2669	273	2396
526	2625	278	2347
527	2593	276	2317
528	2617	278	2339
529	2611	285	2326
530	2644	280	2364
531	2633	280	2353
532	2653	289	2364
533	2665	282	2383
534	2658	270	2388
535	2645	272	2373
536	2663	274	2389
537	2655	290	2365
538	2696	285	2411
539	2701	281	2420
540	2671	281	2390
541	2662	281	2381
542	2685	287	2398
543	2706	283	2423
544	2692	277	2415
545	2679	285	2394
546	2708	276	2432
547	2708	285	2423
548	2729	293	2436
549	2715	285	2430
550	2764	284	2480
551	2706	285	2421
552	2739	285	2454
553	2704	276	2428
554	2710	278	2432
555	2732	282	2450
556	2788	269	2519
557	2762	287	2475
558	2799	284	2515
559	2813	287	2526
560	2812	287	2525
561	2808	283	2525
562	2793	280	2513
563	2826	277	2549
564	2835	282	2553
565	2849	293	2556
566	2864	285	2579
567	2830	280	2550
568	2857	272	2585
569	2837	276	2561
570	2841	282	2559
571	2859	295	2564
572	2838	293	2545
573	2812	289	2523
574	2827	285	2542
575	2873	281	2592
576	2926	282	2644
577	2895	272	2623
578	2909	276	2633
579	2955	267	2688
580	2936	272	2664
581	2926	272	2654
582	2947	274	2673
583	2900	285	2615
584	2914	273	2641
585	2929	274	2655
586	2957	280	2677
587	2981	287	2694
588	2998	279	2719
589	3033	278	2755
590	3006	283	2723
591	3045	283	2762
592	3104	280	2824
593	3052	277	2775
594	3070	278	2792
595	3084	281	2803
596	3043	279	2764
597	3045	281	2764
598	3062	276	2786
599	3094	282	2812
600	3153	284	2869
601	3147	285	2862
602	3110	283	2827
603	3077	281	2796
604	3187	268	2919
605	3239	272	2967
606	3181	270	2911
607	3155	274	2881
608	3185	276	2909
609	3241	281	2960
610	3291	276	3015
611	3259	280	2979
612	3249	284	2965
613	3292	286	3006
614	3286	282	3004
615	3225	275	2950
616	3277	277	3000
617	3267	271	2996
618	3287	267	3020
619	3292	283	3009
620	3274	277	2997
621	3340	284	3056
622	3363	282	3081
623	3332	279	3053
624	3396	286	3110
625	3380	289	3091
626	3367	280	3087
627	3391	281	3110
628	3390	272	3118
629	3338	270	3068
630	3379	272	3107
631	3390	278	3112
632	3448	273	3175
633	3450	277	3173
634	3423	281	3142
635	3486	279	3207
636	3549	274	3275
637	3495	278	3217
638	3505	283	3222
639	3515	292	3223
640	3518	283	3235
641	3533	276	3257
642	3560	272	3288
643	3546	281	3265
644	3537	279	3258
645	3560	284	3276
646	3628	277	3351
647	3614	280	3334
648	3599	276	3323
649	3577	286	3291
650	3620	280	3340
651	3641	280	3361
652	3611	281	3330
653	3610	287	3323
654	3651	291	3360
655	3670	282	3388
656	3686	277	3409
657	3731	286	3445
658	3775	287	3488
659	3741	280	3461
660	3733	282	3451
661	3762	289	3473
662	3730	277	3453
663	3754	285	3469
664	3759	278	3481
665	3792	268	3524
666	3884	272	3612
667	3856	276	3580
668	3817	274	3543
669	3774	280	3494
670	3777	275	3502
671	3867	275	3592
672	3878	284	3594
673	3910	294	3616
674	3888	283	3605
675	3947	279	3668
676	3985	281	3704
677	3961	277	3684
678	3952	274	3678
679	3961	276	3685
680	3929	275	3654
681	3940	279	3661
682	3969	273	3696
683	3958	278	3680
684	4010	279	3731
685	4061	288	3773
686	4089	283	3806
687	4029	275	3754
688	4007	279	3728
689	4030	284	3746
690	4033	287	3746
691	4056	287	3769
692	4045	277	3768
693	4034	275	3759
694	4081	277	3804
695	4104	285	3819
696	4104	273	3831
697	4051	282	3769
698	4054	284	3770
699	4071	283	3788
700	4100	288	3812
701	4163	294	3869
702	4175	286	3889
703	4141	279	3862
704	4162	278	3884
705	4192	273	3919
706	4185	280	3905
707	4193	282	3911
708	4169	276	3893
709	4172	269	3903
710	4184	275	3909
711	4163	287	3876
712	4147	282	3865
713	4171	284	3887
714	4204	278	3926
715	4204	267	3937
716	4229	272	3957
717	4197	280	3917
718	4205	267	3938
719	4243	291	3952
720	4208	285	3923
721	4204	279	3925
722	4259	286	3973
723	4239	290	3949
724	4180	280	3900
725	4188	287	3901
726	4174	284	3890
727	4221	276	3945
728	4229	274	3955
729	4275	280	3995
730	4257	292	3965
731	4243	289	3954
732	4304	282	4022
733	4357	284	4073
734	4321	280	4041
735	4333	279	4054
736	4297	279	4018
737	4321	277	4044
738	4301	277	4024
739	4258	278	3980
740	4269	281	3988
741	4329	281	4048
742	4285	288	3997
743	4311	287	4024
744	4322	269	4053
745	4338	281	4057
746	4330	284	4046
747	4332	282	4050
748	4367	286	4081
749	4409	283	4126
750	4402	275	4127
751	4363	280	4083
752	4407	286	4121
753	4446	281	4165
754	4389	278	4111
755	4347	283	4064
756	4377	277	4100
757	4283	278	4005
758	4307	274	4033
759	4337	277	4060
760	4353	280	4073
761	4354	282	4072
762	4356	276	4080
763	4359	280	4079
764	4382	278	4104
765	4397	282	4115
766	4377	284	4093
767	4419	287	4132
768	4395	278	4117
769	4388	277	4111
770	4414	276	4138
771	4384	288	4096
772	4337	284	4053
773	4337	280	4057
774	4326	276	4050
775	4354	284	4070
776	4348	285	4063
777	4341	273	4068
778	4396	276	4120
779	4404	284	4120
780	4408	274	4134
781	4401	267	4134
782	4382	272	4110
783	4395	280	4115
784	4431	281	4150
785	4445	278	4167
786	4407	278	4129
787	4387	285	4102
788	4397	274	4123
789	4375	278	4097
790	4369	287	4082
791	4371	279	4092
792	4353	283	4070
793	4373	281	4092
794	4380	276	4104
795	4374	278	4096
796	4401	277	4124
797	4428	277	4151
798	4425	278	4147
799	4428	275	4153
800	4435	278	4157
801	4380	291	4089
802	4427	281	4146
803	4391	286	4105
804	4397	293	4104
805	4447	290	4157
806	4446	285	4161
807	4431	288	4143
808	4447	290	4157
809	4448	286	4162
810	4411	280	4131
811	4438	279	4159
812	4483	290	4193
813	4545	281	4264
814	4486	272	4214
815	4488	292	4196
816	4542	285	4257
817	4513	275	4238
818	4545	281	4264
819	4501	290	4211
820	4545	286	4259
821	4584	285	4299
822	4583	285	4298
823	4582	284	4298
824	4545	275	4270
825	4544	274	4270
826	4577	281	4296
827	4578	277	4301
828	4558	286	4272
829	4562	285	4277
830	4630	271	4359
831	4603	279	4324
832	4632	275	4357
833	4641	269	4372
834	4658	278	4380
835	4702	279	4423
836	4729	278	4451
837	4691	282	4409
838	4668	285	4383
839	4691	284	4407
840	4743	286	4457
841	4848	283	4565
842	4848	280	4568
843	4854	286	4568
844	4856	285	4571
845	4861	287	4574
846	4858	279	4579
847	4824	269	4555
848	4822	266	4556
849	4835	277	4558
850	4914	282	4632
851	4925	282	4643
852	4958	284	4674
853	4906	274	4632
854	4903	269	4634
855	4964	277	4687
856	4997	284	4713
857	4971	285	4686
858	4939	284	4655
859	4943	281	4662
860	4952	275	4677
861	4932	276	4656
862	4982	273	4709
863	5045	275	4770
864	5049	280	4769
865	5035	281	4754
866	5098	273	4825
867	5077	273	4804
868	5079	276	4803
869	5072	283	4789
870	5096	279	4817
871	5104	273	4831
872	5105	275	4830
873	5128	275	4853
874	5179	274	4905
875	5170	284	4886
876	5185	280	4905
877	5149	283	4866
878	5225	280	4945
879	5260	284	4976
880	5216	286	4930
881	5203	285	4918
882	5214	282	4932
883	5279	278	5001
884	5329	279	5050
885	5311	288	5023
886	5366	280	5086
887	5458	272	5186
888	5497	279	5218
889	5448	280	5168
890	5443	277	5166
891	5459	281	5178
892	5498	286	5212
893	5551	281	5270
894	5614	272	5342
895	5568	279	5289
896	5558	289	5269
897	5593	288	5305
898	5625	283	5342
899	5632	273	5359
900	5643	267	5376
901	5587	273	5314
902	5643	275	5368
903	5707	280	5427
904	5702	279	5423
905	5702	290	5412
906	5730	283	5447
907	5815	271	5544
908	5881	277	5604
909	5841	284	5557
910	5837	279	5558
911	5819	281	5538
912	5814	284	5530
913	5855	278	5577
914	5940	284	5656
915	5952	283	5669
916	5996	282	5714
917	5968	282	5686
918	5978	296	5682
919	5895	286	5609
920	5894	283	5611
921	5936	282	5654
922	5943	271	5672
923	6006	276	5730
924	5991	273	5718
925	6057	268	5789
926	6066	288	5778
927	6043	292	5751
928	5993	288	5705
929	6051	282	5769
930	6157	274	5883
931	6179	272	5907
932	6217	280	5937
933	6239	283	5956
934	6230	284	5946
935	6226	276	5950
936	6275	275	6000
937	6325	277	6048
938	6301	277	6024
939	6317	286	6031
940	6362	283	6079
941	6384	284	6100
942	6394	286	6108
943	6444	280	6164
944	6512	278	6234
945	6536	279	6257
946	6528	278	6250
947	6559	274	6285
948	6629	273	6356
949	6546	276	6270
950	6596	278	6318
951	6673	279	6394
952	6656	279	6377
953	6608	278	6330
954	6615	282	6333
955	6669	271	6398
956	6724	270	6454
957	6665	283	6382
958	6696	289	6407
959	6767	289	6478
960	6767	280	6487
961	6751	281	6470
962	6775	279	6496
963	6809	290	6519
964	6859	291	6568
965	6869	287	6582
966	6799	289	6510
967	6814	286	6528
968	6921	265	6656
969	6857	291	6566
970	6875	279	6596
971	6956	282	6674
972	6912	284	6628
973	6914	282	6632
974	6942	283	6659
975	6888	278	6610
976	6954	280	6674
977	6987	280	6707
978	6944	281	6663
979	6935	272	6663
980	6940	272	6668
981	6890	282	6608
982	6962	277	6685
983	6978	284	6694
984	6937	288	6649
985	6908	279	6629
986	6910	282	6628
987	6950	280	6670
988	6964	277	6687
989	6974	275	6699
990	6989	279	6710
991	7050	282	6768
992	7049	280	6769
993	7014	281	6733
994	7013	286	6727
995	6971	289	6682
996	6956	277	6679
997	6929	282	6647
998	6920	275	6645
999	6971	282	6689
1000	6916	274	6642
1001	6911	269	6642
1002	7062	282	6780
1003	7088	286	6802
1004	6997	271	6726
1005	6957	272	6685
1006	6985	283	6702
1007	7006	284	6722
1008	7042	283	6759
1009	7031	284	6747
1010	6989	285	6704
1011	6966	282	6684
1012	7045	281	6764
1013	7046	283	6763
1014	6998	284	6714
1015	6996	288	6708
1016	7013	289	6724
1017	6985	280	6705
1018	7037	274	6763
1019	7087	281	6806
1020	7009	275	6734
1021	6966	277	6689
1022	7047	276	6771
1023	6990	276	6714
1024	6984	280	6704
1025	6917	284	6633
1026	6948	277	6671
1027	6997	275	6722
1028	6972	272	6700
1029	6955	276	6679
1030	6915	285	6630
1031	6914	288	6626
1032	6898	285	6613
1033	6862	281	6581
1034	6914	282	6632
1035	6985	273	6712
1036	6936	277	6659
1037	6867	285	6582
1038	6918	276	6642
1039	6916	276	6640
1040	6905	277	6628
1041	6892	280	6612
1042	6842	284	6558
1043	6817	281	6536
1044	6840	278	6562
1045	6777	272	6505
1046	6767	266	6501
1047	6819	275	6544
1048	6888	282	6606
1049	6854	288	6566
1050	6759	277	6482
1051	6738	278	6460
1052	6764	286	6478
1053	6740	283	6457
1054	6770	285	6485
1055	6700	285	6415
1056	6680	278	6402
1057	6760	281	6479
1058	6798	277	6521
1059	6772	286	6486
1060	6694	284	6410
1061	6703	273	6430
1062	6730	278	6452
1063	6775	288	6487
1064	6704	279	6425
1065	6681	276	6405
1066	6707	276	6431
1067	6760	275	6485
1068	6711	272	6439
1069	6608	290	6318
1070	6624	288	6336
1071	6615	278	6337
1072	6651	287	6364
1073	6643	289	6354
1074	6641	284	6357
1075	6603	290	6313
1076	6586	284	6302
1077	6617	279	6338
1078	6647	278	6369
1079	6618	281	6337
1080	6662	286	6376
1081	6689	285	6404
1082	6635	274	6361
1083	6637	273	6364
1084	6583	274	6309
1085	6568	286	6282
1086	6533	288	6245
1087	6568	282	6286
1088	6585	282	6303
1089	6569	282	6287
1090	6519	280	6239
1091	6487	279	6208
1092	6570	274	6296
1093	6501	274	6227
1094	6482	276	6206
1095	6561	288	6273
1096	6543	290	6253
1097	6559	275	6284
1098	6546	280	6266
1099	6502	276	6226
1100	6577	273	6304
1101	6536	279	6257
1102	6517	282	6235
1103	6525	288	6237
1104	6500	294	6206
1105	6628	286	6342
1106	6665	283	6382
1107	6526	282	6244
1108	6476	284	6192
1109	6557	286	6271
1110	6612	288	6324
1111	6572	282	6290
1112	6522	288	6234
1113	6515	284	6231
1114	6539	282	6257
1115	6538	282	6256
1116	6614	276	6338
1117	6599	272	6327
1118	6502	271	6231
1119	6581	284	6297
1120	6572	285	6287
1121	6571	283	6288
1122	6612	288	6324
1123	6617	291	6326
1124	6558	271	6287
1125	6563	274	6289
1126	6666	280	6386
1127	6668	281	6387
1128	6631	271	6360
1129	6642	272	6370
1130	6616	273	6343
1131	6580	284	6296
1132	6567	284	6283
1133	6606	281	6325
1134	6718	277	6441
1135	6676	278	6398
1136	6672	279	6393
1137	6656	271	6385
1138	6625	275	6350
1139	6705	289	6416
1140	6712	285	6427
1141	6725	284	6441
1142	6763	277	6486
1143	6754	276	6478
1144	6714	285	6429
1145	6737	283	6454
1146	6706	274	6432
1147	6845	276	6569
1148	6794	276	6518
1149	6717	279	6438
1150	6763	274	6489
1151	6782	278	6504
1152	6842	287	6555
1153	6771	282	6489
1154	6805	281	6524
1155	6757	286	6471
1156	6761	280	6481
1157	6831	278	6553
1158	6852	278	6574
1159	6892	282	6610
1160	6883	298	6585
1161	6846	297	6549
1162	6925	283	6642
1163	6959	281	6678
1164	6963	277	6686
1165	6963	277	6686
1166	7013	270	6743
1167	7059	278	6781
1168	7046	281	6765
1169	7044	290	6754
1170	7064	285	6779
1171	7141	283	6858
1172	7098	283	6815
1173	7112	275	6837
1174	7137	281	6856
1175	7136	281	6855
1176	7241	277	6964
1177	7178	274	6904
1178	7201	279	6922
1179	7253	284	6969
1180	7312	275	7037
1181	7266	280	6986
1182	7237	272	6965
1183	7285	275	7010
1184	7330	278	7052
1185	7403	272	7131
1186	7444	266	7178
1187	7351	281	7070
1188	7333	280	7053
1189	7415	277	7138
1190	7464	284	7180
1191	7475	278	7197
1192	7469	276	7193
1193	7511	278	7233
1194	7496	285	7211
1195	7553	282	7271
1196	7666	275	7391
1197	7631	285	7346
1198	7663	275	7388
1199	7574	280	7294
1200	7567	288	7279
1201	7660	279	7381
1202	7725	277	7448
1203	7780	281	7499
1204	7863	280	7583
1205	7929	291	7638
1206	7890	284	7606
1207	7903	283	7620
1208	7887	279	7608
1209	7871	282	7589
1210	7897	279	7618
1211	7881	279	7602
1212	7928	272	7656
1213	7947	264	7683
1214	7975	268	7707
1215	8036	274	7762
1216	8036	274	7762
1217	8029	282	7747
1218	8069	266	7803
1219	8088	287	7801
1220	8109	269	7840
1221	8209	274	7935
1222	8290	275	8015
1223	8290	284	8006
1224	8267	279	7988
1225	8322	282	8040
1226	8299	285	8014
1227	8268	289	7979
1228	8328	282	8046
1229	8321	272	8049
1230	8280	270	8010
1231	8291	270	8021
1232	8346	262	8084
1233	8380	273	8107
1234	8456	280	8176
1235	8439	281	8158
1236	8460	275	8185
1237	8513	281	8232
1238	8490	285	8205
1239	8473	277	8196
1240	8511	271	8240
1241	8622	278	8344
1242	8697	279	8418
1243	8679	282	8397
1244	8651	292	8359
1245	8657	291	8366
1246	8666	275	8391
1247	8745	270	8475
1248	8801	274	8527
1249	8781	284	8497
1250	8820	287	8533
1251	8805	283	8522
1252	8823	274	8549
1253	8816	279	8537
1254	8797	282	8515
1255	8935	280	8655
1256	9013	283	8730
1257	8973	284	8689
1258	8931	279	8652
1259	8862	276	8586
1260	8923	280	8643
1261	9016	277	8739
1262	8959	283	8676
1263	9009	286	8723
1264	9073	284	8789
1265	9012	286	8726
1266	9011	279	8732
1267	9057	280	8777
1268	9015	286	8729
1269	9089	280	8809
1270	9138	281	8857
1271	9287	277	9010
1272	9214	272	8942
1273	9213	281	8932
1274	9158	283	8875
1275	9130	273	8857
1276	9234	272	8962
1277	9220	280	8940
1278	9153	283	8870
1279	9223	280	8943
1280	9146	276	8870
1281	9096	275	8821
1282	9081	275	8806
1283	9106	281	8825
1284	9238	286	8952
1285	9257	277	8980
1286	9229	269	8960
1287	9228	279	8949
1288	9264	273	8991
1289	9300	276	9024
1290	9321	279	9042
1291	9290	284	9006
1292	9236	273	8963
1293	9296	273	9023
1294	9400	283	9117
1295	9377	277	9100
1296	9403	272	9131
1297	9339	273	9066
1298	9293	268	9025
1299	9209	281	8928
1300	9200	287	8913
1301	9332	279	9053
1302	9381	277	9104
1303	9315	281	9034
1304	9276	278	8998
1305	9302	267	9035
1306	9312	270	9042
1307	9358	281	9077
1308	9370	279	9091
1309	9261	276	8985
1310	9284	280	9004
1311	9284	273	9011
1312	9346	281	9065
1313	9300	290	9010
1314	9324	276	9048
1315	9333	273	9060
1316	9344	277	9067
1317	9364	277	9087
1318	9274	274	9000
1319	9243	279	8964
1320	9295	274	9021
1321	9313	282	9031
1322	9360	278	9082
1323	9311	281	9030
1324	9285	280	9005
1325	9262	271	8991
1326	9259	273	8986
1327	9248	280	8968
1328	9177	273	8904
1329	9147	276	8871
1330	9166	278	8888
1331	9123	280	8843
1332	9094	280	8814
1333	9099	281	8818
1334	9117	278	8839
1335	9133	280	8853
1336	9083	272	8811
1337	9030	274	8756
1338	9116	271	8845
1339	9137	272	8865
1340	9011	283	8728
1341	8973	279	8694
1342	8971	268	8703
1343	8983	275	8708
1344	8955	275	8680
1345	8899	274	8625
1346	8911	272	8639
1347	8980	273	8707
1348	8906	270	8636
1349	8927	279	8648
1350	8866	275	8591
1351	8832	271	8561
1352	8896	271	8625
1353	8826	278	8548
1354	8790	273	8517
1355	8747	271	8476
1356	8752	273	8479
1357	8799	271	8528
1358	8772	276	8496
1359	8710	276	8434
1360	8675	275	8400
1361	8601	280	8321
1362	8550	273	8277
1363	8593	271	8322
1364	8605	284	8321
1365	8509	279	8230
1366	8458	269	8189
1367	8459	273	8186
1368	8387	278	8109
1369	8414	279	8135
1370	8426	270	8156
1371	8410	276	8134
1372	8415	280	8135
1373	8380	282	8098
1374	8369	285	8084
1375	8368	287	8081
1376	8238	287	7951
1377	8159	281	7878
1378	8300	276	8024
1379	8338	280	8058
1380	8278	286	7992
1381	8189	279	7910
1382	8216	281	7935
1383	8217	282	7935
1384	8177	272	7905
1385	8194	274	7920
1386	8122	273	7849
1387	7982	266	7716
1388	8098	278	7820
1389	8097	280	7817
1390	8064	268	7796
1391	8053	281	7772
1392	8093	276	7817
1393	8051	277	7774
1394	7967	284	7683
1395	7948	278	7670
1396	7958	278	7680
1397	7954	282	7672
1398	7844	283	7561
1399	7909	278	7631
1400	7920	272	7648
1401	7824	271	7553
1402	7863	268	7595
1403	7882	272	7610
1404	7861	277	7584
1405	7783	281	7502
1406	7783	269	7514
1407	7715	280	7435
1408	7625	282	7343
1409	7573	272	7301
1410	7591	265	7326
1411	7544	271	7273
1412	7549	271	7278
1413	7562	285	7277
1414	7598	293	7305
1415	7618	283	7335
1416	7516	269	7247
1417	7504	266	7238
1418	7558	266	7292
1419	7409	273	7136
1420	7464	276	7188
1421	7519	275	7244
1422	7528	272	7256
1423	7435	277	7158
1424	7315	274	7041
1425	7356	278	7078
1426	7366	286	7080
1427	7384	285	7099
1428	7436	280	7156
1429	7471	273	7198
1430	7388	275	7113
1431	7257	278	6979
1432	7252	273	6979
1433	7311	275	7036
1434	7339	270	7069
1435	7309	271	7038
1436	7279	276	7003
1437	7286	280	7006
1438	7300	276	7024
1439	7274	280	6994
1440	7262	276	6986
1441	7212	266	6946
1442	7214	270	6944
1443	7251	276	6975
1444	7340	280	7060
1445	7240	278	6962
1446	7132	270	6862
1447	7162	276	6886
1448	7145	276	6869
1449	7130	279	6851
1450	7161	282	6879
1451	7212	281	6931
1452	7175	281	6894
1453	7181	284	6897
1454	7173	285	6888
1455	7138	284	6854
1456	7142	286	6856
1457	7088	275	6813
1458	7141	272	6869
1459	7095	288	6807
1460	7007	277	6730
1461	6991	276	6715
1462	7050	286	6764
1463	7019	287	6732
1464	7034	276	6758
1465	6983	275	6708
1466	6971	283	6688
1467	7036	278	6758
1468	7040	262	6778
1469	6998	278	6720
1470	7016	272	6744
1471	7011	283	6728
1472	7110	272	6838
1473	7079	278	6801
1474	6983	280	6703
1475	6965	279	6686
1476	7001	282	6719
1477	6996	278	6718
1478	6911	276	6635
1479	6942	277	6665
1480	6912	276	6636
1481	6944	277	6667
1482	6989	290	6699
1483	6903	286	6617
1484	6952	281	6671
1485	6921	283	6638
1486	6890	283	6607
1487	6901	287	6614
1488	6985	274	6711
1489	7025	267	6758
1490	6907	267	6640
1491	7001	283	6718
1492	7039	282	6757
1493	7004	281	6723
1494	7008	286	6722
1495	7038	275	6763
1496	7027	270	6757
1497	6963	272	6691
1498	6995	286	6709
1499	6978	296	6682
1500	6927	278	6649
1501	6907	274	6633
1502	6963	272	6691
1503	7016	270	6746
1504	6988	279	6709
1505	6955	278	6677
1506	6944	265	6679
1507	6947	270	6677
1508	6954	282	6672
1509	6983	292	6691
1510	7047	288	6759
1511	6990	279	6711
1512	6998	278	6720
1513	7039	286	6753
1514	7000	288	6712
1515	7024	286	6738
1516	7007	284	6723
1517	7057	276	6781
1518	7086	282	6804
1519	7024	289	6735
1520	7041	283	6758
1521	7054	278	6776
1522	7102	273	6829
1523	7126	275	6851
1524	7175	278	6897
1525	7088	280	6808
1526	7063	280	6783
1527	7117	284	6833
1528	7149	287	6862
1529	7162	287	6875
1530	7164	283	6881
1531	7229	281	6948
1532	7207	275	6932
1533	7188	281	6907
1534	7165	282	6883
1535	7189	281	6908
1536	7256	278	6978
1537	7324	278	7046
1538	7284	280	7004
1539	7191	278	6913
1540	7228	278	6950
1541	7206	277	6929
1542	7226	276	6950
1543	7207	285	6922
1544	7234	291	6943
1545	7247	279	6968
1546	7218	274	6944
1547	7237	280	6957
1548	7283	272	7011
1549	7259	270	6989
1550	7294	267	7027
1551	7380	269	7111
1552	7370	270	7100
1553	7353	271	7082
1554	7341	270	7071
1555	7375	270	7105
1556	7384	272	7112
1557	7401	279	7122
1558	7365	277	7088
1559	7398	277	7121
1560	7442	275	7167
1561	7430	281	7149
1562	7408	280	7128
1563	7407	283	7124
1564	7438	282	7156
1565	7434	274	7160
1566	7445	276	7169
1567	7475	278	7197
1568	7501	279	7222
1569	7440	280	7160
1570	7471	288	7183
1571	7469	291	7178
1572	7435	288	7147
1573	7460	284	7176
1574	7480	285	7195
1575	7405	282	7123
1576	7369	282	7087
1577	7370	290	7080
1578	7447	293	7154
1579	7499	292	7207
1580	7487	280	7207
1581	7465	280	7185
1582	7472	288	7184
1583	7431	286	7145
1584	7476	275	7201
1585	7488	276	7212
1586	7462	275	7187
1587	7504	279	7225
1588	7484	282	7202
1589	7465	277	7188
1590	7542	273	7269
1591	7494	282	7212
1592	7571	285	7286
1593	7538	272	7266
1594	7463	270	7193
1595	7494	278	7216
1596	7504	280	7224
1597	7579	283	7296
1598	7535	273	7262
1599	7537	281	7256
1600	7630	282	7348
1601	7563	277	7286
1602	7518	284	7234
1603	7514	284	7230
1604	7537	276	7261
1605	7568	278	7290
1606	7515	284	7231
1607	7557	285	7272
1608	7527	280	7247
1609	7544	282	7262
1610	7594	277	7317
1611	7634	295	7339
1612	7547	291	7256
1613	7527	291	7236
1614	7567	288	7279
1615	7559	288	7271
1616	7566	278	7288
1617	7505	283	7222
1618	7480	291	7189
1619	7572	288	7284
1620	7546	280	7266
1621	7535	287	7248
1622	7528	285	7243
1623	7510	287	7223
1624	7508	290	7218
1625	7452	289	7163
1626	7498	280	7218
1627	7512	274	7238
1628	7487	277	7210
1629	7488	282	7206
1630	7534	280	7254
1631	7520	285	7235
1632	7547	283	7264
1633	7527	283	7244
1634	7570	282	7288
1635	7573	280	7293
1636	7525	276	7249
1637	7512	281	7231
1638	7513	286	7227
1639	7560	279	7281
1640	7539	277	7262
1641	7457	290	7167
1642	7528	282	7246
1643	7476	276	7200
1644	7559	277	7282
1645	7530	284	7246
1646	7449	289	7160
1647	7407	285	7122
1648	7492	287	7205
1649	7510	280	7230
1650	7481	276	7205
1651	7492	282	7210
1652	7425	285	7140
1653	7412	282	7130
1654	7477	279	7198
1655	7431	285	7146
1656	7425	278	7147
1657	7452	282	7170
1658	7404	281	7123
1659	7358	285	7073
1660	7353	291	7062
1661	7294	286	7008
1662	7215	282	6933
1663	7259	282	6977
1664	7312	273	7039
1665	7328	278	7050
1666	7273	282	6991
1667	7227	277	6950
1668	7262	279	6983
1669	7295	289	7006
1670	7196	280	6916
1671	7222	273	6949
1672	7275	282	6993
1673	7215	287	6928
1674	7216	279	6937
1675	7217	286	6931
1676	7204	280	6924
1677	7190	284	6906
1678	7208	279	6929
1679	7211	277	6934
1680	7189	281	6908
1681	7157	274	6883
1682	7100	267	6833
1683	7079	274	6805
1684	7083	286	6797
1685	7106	288	6818
1686	7112	283	6829
1687	7138	281	6857
1688	7060	294	6766
1689	6971	299	6672
1690	6994	294	6700
1691	6949	277	6672
1692	6981	274	6707
1693	7005	281	6724
1694	6927	272	6655
1695	6937	271	6666
1696	6956	278	6678
1697	6931	286	6645
1698	6927	278	6649
1699	6821	274	6547
1700	6794	274	6520
1701	6821	285	6536
1702	6853	283	6570
1703	6846	284	6562
1704	6851	283	6568
1705	6774	277	6497
1706	6718	281	6437
1707	6692	277	6415
1708	6627	282	6345
1709	6656	291	6365
1710	6695	284	6411
1711	6597	286	6311
1712	6511	282	6229
1713	6576	279	6297
1714	6531	284	6247
1715	6498	276	6222
1716	6497	275	6222
1717	6421	284	6137
1718	6476	268	6208
1719	6512	298	6214
1720	6556	286	6270
1721	6503	274	6229
1722	6435	281	6154
1723	6450	285	6165
1724	6392	286	6106
1725	6382	283	6099
1726	6366	274	6092
1727	6304	268	6036
1728	6358	277	6081
1729	6331	276	6055
1730	6323	277	6046
1731	6260	282	5978
1732	6212	279	5933
1733	6258	279	5979
1734	6237	287	5950
1735	6163	285	5878
1736	6181	272	5909
1737	6106	272	5834
1738	6073	280	5793
1739	5980	286	5694
1740	5952	281	5671
1741	5982	278	5704
1742	5927	277	5650
1743	5907	273	5634
1744	5918	272	5646
1745	5926	276	5650
1746	5850	274	5576
1747	5867	272	5595
1748	5826	274	5552
1749	5798	283	5515
1750	5854	281	5573
1751	5808	280	5528
1752	5784	277	5507
1753	5717	281	5436
1754	5732	279	5453
1755	5715	278	5437
1756	5690	281	5409
1757	5674	275	5399
1758	5647	276	5371
1759	5613	278	5335
1760	5593	284	5309
1761	5533	287	5246
1762	5500	282	5218
1763	5508	289	5219
1764	5449	284	5165
1765	5442	280	5162
1766	5433	281	5152
1767	5368	280	5088
1768	5349	272	5077
1769	5372	272	5100
1770	5345	281	5064
1771	5312	289	5023
1772	5303	285	5018
1773	5249	284	4965
1774	5200	285	4915
1775	5218	280	4938
1776	5228	278	4950
1777	5160	287	4873
1778	5109	286	4823
1779	5097	286	4811
1780	5125	285	4840
1781	5129	286	4843
1782	5082	280	4802
1783	5032	279	4753
1784	5000	276	4724
1785	4976	276	4700
1786	4956	285	4671
1787	4950	289	4661
1788	4932	284	4648
1789	4911	277	4634
1790	4840	278	4562
1791	4761	281	4480
1792	4803	279	4524
1793	4798	279	4519
1794	4716	287	4429
1795	4679	285	4394
1796	4738	278	4460
1797	4772	286	4486
1798	4740	284	4456
1799	4632	281	4351
1800	4570	266	4304
1801	4605	272	4333
1802	4565	277	4288
1803	4514	275	4239
1804	4566	274	4292
1805	4564	281	4283
1806	4430	278	4152
1807	4422	275	4147
1808	4469	267	4202
1809	4453	272	4181
1810	4421	278	4143
1811	4346	277	4069
1812	4353	282	4071
1813	4367	290	4077
1814	4326	293	4033
1815	4331	292	4039
1816	4337	282	4055
1817	4247	283	3964
1818	4258	285	3973
1819	4275	273	4002
1820	4205	273	3932
1821	4201	283	3918
1822	4262	278	3984
1823	4158	278	3880
1824	4132	286	3846
1825	4130	281	3849
1826	4127	276	3851
1827	4170	276	3894
1828	4115	282	3833
1829	4077	284	3793
1830	4097	277	3820
1831	4094	283	3811
1832	4056	283	3773
1833	4095	277	3818
1834	4052	270	3782
1835	3956	278	3678
1836	3955	285	3670
1837	3968	271	3697
1838	4010	269	3741
1839	3984	278	3706
1840	3967	285	3682
1841	3960	285	3675
1842	3936	277	3659
1843	3882	278	3604
1844	3869	275	3594
1845	3875	275	3600
1846	3902	276	3626
1847	3876	277	3599
1848	3892	270	3622
1849	3911	270	3641
1850	3894	272	3622
1851	3885	277	3608
1852	3825	286	3539
1853	3815	283	3532
1854	3768	276	3492
1855	3788	273	3515
1856	3816	269	3547
1857	3756	270	3486
1858	3770	282	3488
1859	3741	280	3461
1860	3739	272	3467
1861	3734	276	3458
1862	3726	282	3444
1863	3710	283	3427
1864	3690	276	3414
1865	3696	274	3422
1866	3721	274	3447
1867	3703	280	3423
1868	3647	280	3367
1869	3625	282	3343
1870	3661	277	3384
1871	3629	271	3358
1872	3596	277	3319
1873	3560	285	3275
1874	3590	282	3308
1875	3533	279	3254
1876	3488	275	3213
1877	3508	288	3220
1878	3583	288	3295
1879	3579	280	3299
1880	3543	275	3268
1881	3585	275	3310
1882	3591	279	3312
1883	3544	281	3263
1884	3504	280	3224
1885	3458	279	3179
1886	3478	284	3194
1887	3497	288	3209
1888	3533	283	3250
1889	3515	280	3235
1890	3451	274	3177
1891	3406	281	3125
1892	3448	286	3162
1893	3423	289	3134
1894	3409	287	3122
1895	3411	280	3131
1896	3451	271	3180
1897	3404	277	3127
1898	3389	273	3116
1899	3373	271	3102
1900	3341	272	3069
1901	3353	270	3083
1902	3339	282	3057
1903	3362	290	3072
1904	3351	280	3071
1905	3286	287	2999
1906	3322	290	3032
1907	3302	276	3026
1908	3255	281	2974
1909	3253	282	2971
1910	3228	283	2945
1911	3211	284	2927
1912	3226	283	2943
1913	3245	286	2959
1914	3280	280	3000
1915	3253	276	2977
1916	3179	278	2901
1917	3198	283	2915
1918	3220	286	2934
1919	3171	287	2884
1920	3224	280	2944
1921	3200	280	2920
1922	3156	274	2882
1923	3145	278	2867
1924	3147	283	2864
1925	3146	284	2862
1926	3115	284	2831
1927	3134	285	2849
1928	3139	278	2861
1929	3120	273	2847
1930	3072	282	2790
1931	3075	281	2794
1932	3120	277	2843
1933	3075	282	2793
1934	3029	287	2742
1935	2964	284	2680
1936	3036	279	2757
1937	3070	276	2794
1938	3072	287	2785
1939	3010	290	2720
1940	2960	277	2683
1941	2964	282	2682
1942	3001	294	2707
1943	3024	285	2739
1944	2954	275	2679
1945	2899	279	2620
1946	2889	276	2613
1947	2969	278	2691
1948	2943	279	2664
1949	2906	290	2616
1950	2933	285	2648
1951	2910	269	2641
1952	2848	266	2582
1953	2798	279	2519
1954	2869	289	2580
1955	2841	286	2555
1956	2842	277	2565
1957	2844	276	2568
1958	2819	279	2540
1959	2790	283	2507
1960	2746	279	2467
1961	2759	270	2489
1962	2797	274	2523
1963	2798	281	2517
1964	2767	283	2484
1965	2720	280	2440
1966	2698	280	2418
1967	2700	285	2415
1968	2709	271	2438
1969	2733	291	2442
1970	2718	274	2444
1971	2681	270	2411
1972	2618	272	2346
1973	2597	276	2321
1974	2653	278	2375
1975	2611	283	2328
1976	2609	285	2324
1977	2614	277	2337
1978	2628	282	2346
1979	2575	281	2294
1980	2562	284	2278
1981	2568	289	2279
1982	2555	286	2269
1983	2568	286	2282
1984	2557	280	2277
1985	2520	275	2245
1986	2538	278	2260
1987	2524	287	2237
1988	2507	279	2228
1989	2494	284	2210
1990	2506	291	2215
1991	2476	285	2191
1992	2459	276	2183
1993	2440	272	2168
1994	2438	274	2164
1995	2456	281	2175
1996	2448	282	2166
1997	2425	279	2146
1998	2397	280	2117
1999	2447	281	2166
2000	2404	282	2122
2001	2432	281	2151
2002	2397	280	2117
2003	2347	282	2065
2004	2375	281	2094
2005	2364	284	2080
2006	2325	283	2042
2007	2300	281	2019
2008	2287	279	2008
2009	2262	281	1981
2010	2229	274	1955
2011	2214	277	1937
2012	2221	281	1940
2013	2227	280	1947
2014	2227	278	1949
2015	2170	279	1891
2016	2171	284	1887
2017	2150	289	1861
2018	2160	281	1879
2019	2160	275	1885
2020	2077	280	1797
2021	2048	284	1764
2022	2063	280	1783
2023	1999	270	1729
2024	1948	267	1681
2025	1960	270	1690
2026	2005	270	1735
2027	1971	281	1690
2028	1973	288	1685
2029	1970	277	1693
2030	1939	272	1667
2031	1914	288	1626
2032	1902	289	1613
2033	1867	290	1577
2034	1896	279	1617
2035	1865	275	1590
2036	1877	285	1592
2037	1867	285	1582
2038	1853	279	1574
2039	1824	288	1536
2040	1811	288	1523
2041	1790	283	1507
2042	1767	280	1487
2043	1779	279	1500
2044	1751	280	1471
2045	1698	279	1419
2046	1707	276	1431
2047	1692	277	1415
2048	1706	278	1428
2049	1719	279	1440
2050	1701	280	1421
2051	1676	283	1393
2052	1664	283	1381
2053	1648	291	1357
2054	1643	280	1363
2055	1656	283	1373
2056	1632	280	1352
2057	1576	277	1299
2058	1591	278	1313
2059	1602	278	1324
2060	1548	274	1274
2061	1534	285	1249
2062	1506	285	1221
2063	1462	281	1181
2064	1492	272	1220
2065	1448	266	1182
2066	1431	274	1157
2067	1441	283	1158
2068	1433	290	1143
2069	1428	285	1143
2070	1442	280	1162
2071	1395	279	1116
2072	1398	284	1114
2073	1374	291	1083
2074	1362	286	1076
2075	1324	286	1038
2076	1319	288	1031
2077	1349	285	1064
2078	1348	284	1064
2079	1329	283	1046
2080	1301	271	1030
2081	1267	279	988
2082	1292	288	1004
2083	1271	283	988
2084	1252	275	977
2085	1246	284	962
2086	1243	285	958
2087	1226	278	948
2088	1242	265	977
2089	1209	277	932
2090	1219	281	938
2091	1208	277	931
2092	1200	269	931
2093	1153	276	877
2094	1165	282	883
2095	1175	284	891
2096	1174	285	889
2097	1170	280	890
2098	1158	278	880
2099	1126	285	841
2100	1102	285	817
2101	1107	278	829
2102	1089	276	813
2103	1075	278	797
2104	1107	274	833
2105	1102	284	818
2106	1046	281	765
2107	1014	278	736
2108	1035	274	761
2109	1033	269	764
2110	1004	272	732
2111	1031	274	757
2112	1071	283	788
2113	1021	279	742
2114	1020	278	742
2115	1036	274	762
2116	991	274	717
2117	992	276	716
2118	989	282	707
2119	995	278	717
2120	980	281	699
2121	969	281	688
2122	966	280	686
2123	954	291	663
2124	943	286	657
2125	957	272	685
2126	939	272	667
2127	912	280	632
2128	934	278	656
2129	913	276	637
2130	925	274	651
2131	918	280	638
2132	878	274	604
2133	871	279	592
2134	864	279	585
2135	849	278	571
2136	871	281	590
2137	871	283	588
2138	858	281	577
2139	845	279	566
2140	845	282	563
2141	839	275	564
2142	821	273	548
2143	836	277	559
2144	845	277	568
2145	800	280	520
2146	828	276	552
2147	845	278	567
2148	847	279	568
2149	836	282	554
2150	801	287	514
2151	793	284	509
2152	818	274	544
2153	794	274	520
2154	795	279	516
2155	773	288	485
2156	789	279	510
2157	758	278	480
2158	730	295	435
2159	764	281	483
2160	781	272	509
2161	781	277	504
2162	770	273	497
2163	751	278	473
2164	739	283	456
2165	728	287	441
2166	729	281	448
2167	736	277	459
2168	725	280	445
2169	722	277	445
2170	733	285	448
2171	721	282	439
2172	697	284	413
2173	682	277	405
2174	724	280	444
2175	710	281	429
2176	725	273	452
2177	727	272	455
2178	685	284	401
2179	701	280	421
2180	707	274	433
2181	702	276	426
2182	712	285	427
2183	718	289	429
2184	703	280	423
2185	683	280	403
2186	691	281	410
2187	694	278	416
2188	665	273	392
2189	645	278	367
2190	674	282	392
2191	694	285	409
2192	696	281	415
2193	654	277	377
2194	627	282	345
2195	644	281	363
2196	666	279	387
2197	666	281	385
2198	681	274	407
2199	677	270	407
2200	650	274	376
2201	641	285	356
2202	667	285	382
2203	657	284	373
2204	637	280	357
2205	650	277	373
2206	654	278	376
2207	619	278	341
2208	645	278	367
2209	630	277	353
2210	655	278	377
2211	665	286	379
2212	648	275	373
2213	625	274	351
2214	628	279	349
2215	618	278	340
2216	618	280	338
2217	596	280	316
2218	606	264	342
2219	638	288	350
2220	642	280	362
2221	647	281	366
2222	634	273	361
2223	616	279	337
2224	641	280	361
2225	608	271	337
2226	597	280	317
2227	598	283	315
2228	631	280	351
2229	635	276	359
2230	621	276	345
2231	625	276	349
2232	637	277	360
2233	634	273	361
2234	638	278	360
2235	636	287	349
2236	608	287	321
2237	617	292	325
2238	654	283	371
2239	643	280	363
2240	642	281	361
2241	597	290	307
2242	593	288	305
2243	614	276	338
2244	624	275	349
2245	625	277	348
2246	638	279	359
2247	638	280	358
2248	648	275	373
2249	640	283	357
2250	628	285	343
2251	614	274	340
2252	601	269	332
2253	588	275	313
2254	616	270	346
2255	616	269	347
2256	609	279	330
2257	625	281	344
2258	655	280	375
2259	650	276	374
2260	637	283	354
2261	618	277	341
2262	640	274	366
2263	606	292	314
2264	620	285	335
2265	657	283	374
2266	675	270	405
2267	648	274	374
2268	663	281	382
2269	658	273	385
2270	633	270	363
2271	631	273	358
2272	654	282	372
2273	645	285	360
2274	667	280	387
2275	679	283	396
2276	679	287	392
2277	638	287	351
2278	645	285	360
2279	652	272	380
2280	647	275	372
2281	653	275	378
2282	671	281	390
2283	653	285	368
2284	665	282	383
2285	694	287	407
2286	692	285	407
2287	696	279	417
2288	692	286	406
2289	686	282	404
2290	697	275	422
2291	713	274	439
2292	715	283	432
2293	713	285	428
2294	719	284	435
2295	702	296	406
2296	693	288	405
2297	710	280	430
2298	730	279	451
2299	741	286	455
2300	753	277	476
2301	732	275	457
2302	755	274	481
2303	739	283	456
2304	729	282	447
2305	733	278	455
2306	769	288	481
2307	759	289	470
2308	749	280	469
2309	758	279	479
2310	773	288	485
2311	783	280	503
2312	778	270	508
2313	767	275	492
2314	793	275	518
2315	795	281	514
2316	804	281	523
2317	800	286	514
2318	808	283	525
2319	814	286	528
2320	837	284	553
2321	869	278	591
2322	864	271	593
2323	853	276	577
2324	889	277	612
2325	869	278	591
2326	847	277	570
2327	840	267	573
2328	869	271	598
2329	890	281	609
2330	856	279	577
2331	854	279	575
2332	915	280	635
2333	929	275	654
2334	948	270	678
2335	973	275	698
2336	974	274	700
2337	968	272	696
2338	969	275	694
2339	985	276	709
2340	976	277	699
2341	997	281	716
2342	1011	287	724
2343	1021	278	743
2344	1034	277	757
2345	1026	279	747
2346	1024	271	753
2347	1038	277	761
2348	1066	276	790
2349	1091	281	810
2350	1109	279	830
2351	1112	279	833
2352	1109	283	826
2353	1151	281	870
2354	1155	269	886
2355	1143	271	872
2356	1165	281	884
2357	1187	283	904
2358	1175	283	892
2359	1203	280	923
2360	1226	271	955
2361	1212	270	942
2362	1197	268	929
2363	1233	271	962
2364	1244	271	973
2365	1255	280	975
2366	1272	283	989
2367	1270	269	1001
2368	1273	271	1002
2369	1291	279	1012
2370	1310	267	1043
2371	1310	270	1040
2372	1364	275	1089
2373	1400	282	1118
2374	1383	289	1094
2375	1370	274	1096
2376	1387	275	1112
2377	1425	287	1138
2378	1461	290	1171
2379	1464	285	1179
2380	1489	276	1213
2381	1497	282	1215
2382	1469	278	1191
2383	1496	275	1221
2384	1538	277	1261
2385	1567	282	1285
2386	1537	280	1257
2387	1526	275	1251
2388	1614	275	1339
2389	1617	276	1341
2390	1624	276	1348
2391	1620	280	1340
2392	1628	278	1350
2393	1626	272	1354
2394	1666	276	1390
2395	1676	288	1388
2396	1728	287	1441
2397	1728	287	1441
2398	1754	283	1471
2399	1785	272	1513
2400	1770	269	1501
2401	1763	275	1488
2402	1808	277	1531
2403	1859	282	1577
2404	1857	285	1572
2405	1849	290	1559
2406	1878	285	1593
2407	1875	272	1603
2408	1904	268	1636
2409	1985	279	1706
2410	1987	281	1706
2411	1935	276	1659
2412	1948	270	1678
2413	1977	276	1701
2414	2020	282	1738
2415	2009	284	1725
2416	2030	280	1750
2417	2028	278	1750
2418	2089	280	1809
2419	2094	283	1811
2420	2122	286	1836
2421	2111	286	1825
2422	2108	277	1831
2423	2175	272	1903
2424	2215	267	1948
2425	2216	274	1942
2426	2209	277	1932
2427	2225	285	1940
2428	2250	285	1965
2429	2300	280	2020
2430	2291	275	2016
2431	2243	268	1975
2432	2291	265	2026
2433	2334	272	2062
2434	2352	276	2076
2435	2346	273	2073
2436	2418	281	2137
2437	2463	272	2191
2438	2394	262	2132
2439	2419	266	2153
2440	2444	279	2165
2441	2453	271	2182
2442	2443	270	2173
2443	2483	280	2203
2444	2524	274	2250
2445	2524	273	2251
2446	2562	276	2286
2447	2558	280	2278
2448	2555	283	2272
2449	2586	282	2304
2450	2602	283	2319
2451	2582	286	2296
2452	2586	285	2301
2453	2632	285	2347
2454	2659	290	2369
2455	2678	288	2390
2456	2729	283	2446
2457	2696	291	2405
2458	2677	281	2396
2459	2751	274	2477
2460	2745	284	2461
2461	2773	284	2489
2462	2753	286	2467
2463	2706	288	2418
2464	2793	278	2515
2465	2836	281	2555
2466	2841	282	2559
2467	2895	282	2613
2468	2889	267	2622
2469	2901	290	2611
2470	2903	277	2626
2471	2914	283	2631
2472	2980	286	2694
2473	2998	285	2713
2474	2943	276	2667
2475	2928	278	2650
2476	2944	276	2668
2477	2982	280	2702
2478	3053	282	2771
2479	3005	283	2722
2480	2987	286	2701
2481	3037	290	2747
2482	3095	280	2815
2483	3097	274	2823
2484	3050	274	2776
2485	3062	276	2786
2486	3090	282	2808
2487	3112	279	2833
2488	3114	276	2838
2489	3128	278	2850
2490	3160	272	2888
2491	3164	279	2885
2492	3149	278	2871
2493	3185	282	2903
2494	3218	283	2935
2495	3225	282	2943
2496	3247	285	2962
2497	3269	288	2981
2498	3198	271	2927
2499	3188	275	2913
2500	3239	270	2969
2501	3279	278	3001
2502	3282	282	3000
2503	3316	279	3037
2504	3346	284	3062
2505	3343	281	3062
2506	3338	276	3062
2507	3356	267	3089
2508	3331	274	3057
2509	3330	286	3044
2510	3315	273	3042
2511	3345	269	3076
2512	3391	267	3124
2513	3367	276	3091
2514	3354	276	3078
2515	3406	279	3127
2516	3446	276	3170
2517	3451	280	3171
2518	3478	288	3190
2519	3457	286	3171
2520	3417	268	3149
2521	3460	269	3191
2522	3489	276	3213
2523	3475	283	3192
2524	3459	290	3169
2525	3452	286	3166
2526	3441	279	3162
2527	3493	274	3219
2528	3508	270	3238
2529	3528	282	3246
2530	3533	277	3256
2531	3509	274	3235
2532	3582	282	3300
2533	3531	289	3242
2534	3502	282	3220
2535	3475	282	3193
2536	3526	276	3250
2537	3521	269	3252
2538	3499	280	3219
2539	3586	289	3297
2540	3588	285	3303
2541	3555	274	3281
2542	3577	270	3307
2543	3578	276	3302
2544	3614	276	3338
2545	3634	281	3353
2546	3647	281	3366
2547	3638	284	3354
2548	3653	279	3374
2549	3663	271	3392
2550	3668	275	3393
2551	3689	279	3410
2552	3635	276	3359
2553	3608	277	3331
2554	3608	280	3328
2555	3603	279	3324
2556	3653	282	3371
2557	3690	278	3412
2558	3699	273	3426
2559	3712	273	3439
2560	3717	283	3434
2561	3665	290	3375
2562	3673	281	3392
2563	3645	282	3363
2564	3652	283	3369
2565	3675	283	3392
2566	3672	283	3389
2567	3707	292	3415
2568	3746	292	3454
2569	3679	288	3391
2570	3709	273	3436
2571	3763	271	3492
2572	3771	279	3492
2573	3793	284	3509
2574	3754	277	3477
2575	3749	279	3470
2576	3754	275	3479
2577	3745	281	3464
2578	3741	282	3459
2579	3734	276	3458
2580	3762	269	3493
2581	3792	273	3519
2582	3863	274	3589
2583	3861	279	3582
2584	3826	280	3546
2585	3797	274	3523
2586	3820	273	3547
2587	3767	281	3486
2588	3757	281	3476
2589	3783	284	3499
2590	3771	283	3488
2591	3773	280	3493
2592	3863	281	3582
2593	3880	284	3596
2594	3809	279	3530
2595	3773	282	3491
2596	3748	273	3475
2597	3769	277	3492
2598	3819	279	3540
2599	3802	282	3520
2600	3860	277	3583
2601	3815	268	3547
2602	3829	277	3552
2603	3810	278	3532
2604	3826	282	3544
2605	3840	288	3552
2606	3843	281	3562
2607	3853	275	3578
2608	3833	272	3561
2609	3844	278	3566
2610	3870	281	3589
2611	3865	280	3585
2612	3854	273	3581
2613	3851	275	3576
2614	3817	281	3536
2615	3831	277	3554
2616	3905	280	3625
2617	3925	281	3644
2618	3945	277	3668
2619	3973	279	3694
2620	3875	284	3591
2621	3880	282	3598
2622	3888	280	3608
2623	3893	276	3617
2624	3893	274	3619
2625	3886	268	3618
2626	3827	278	3549
2627	3844	286	3558
2628	3927	281	3646
2629	3934	283	3651
2630	3908	281	3627
2631	3934	286	3648
2632	3945	282	3663
2633	3950	279	3671
2634	3919	283	3636
2635	3927	280	3647
2636	3931	279	3652
2637	3879	280	3599
2638	3913	274	3639
2639	3881	273	3608
2640	3889	265	3624
2641	3933	267	3666
2642	3890	267	3623
2643	3864	278	3586
2644	3861	283	3578
2645	3960	287	3673
2646	3934	286	3648
2647	3892	279	3613
2648	3966	279	3687
2649	3952	289	3663
2650	3964	278	3686
2651	3959	270	3689
2652	3961	276	3685
2653	3958	279	3679
2654	3892	283	3609
2655	3938	278	3660
2656	3960	277	3683
2657	3986	279	3707
2658	3998	284	3714
2659	3941	288	3653
2660	3926	277	3649
2661	3936	277	3659
2662	3933	282	3651
2663	3926	293	3633
2664	3918	294	3624
2665	3932	285	3647
2666	3918	276	3642
2667	3896	277	3619
2668	3956	282	3674
2669	3987	277	3710
2670	3995	273	3722
2671	3978	281	3697
2672	3993	288	3705
2673	3962	282	3680
2674	3917	274	3643
2675	3948	278	3670
2676	3985	278	3707
2677	4022	277	3745
2678	3980	279	3701
2679	3989	281	3708
2680	4029	280	3749
2681	3983	285	3698
2682	3884	286	3598
2683	3948	283	3665
2684	3984	279	3705
2685	4003	285	3718
2686	4012	281	3731
2687	3988	279	3709
2688	4008	275	3733
2689	3961	277	3684
2690	3912	273	3639
2691	3972	277	3695
2692	3994	281	3713
2693	3983	279	3704
2694	4011	284	3727
2695	3954	288	3666
2696	3934	289	3645
2697	3957	280	3677
2698	3966	283	3683
2699	3954	274	3680
2700	4004	266	3738
2701	3993	275	3718
2702	3998	287	3711
2703	4006	285	3721
2704	3924	275	3649
2705	3934	283	3651
2706	3912	280	3632
2707	3889	285	3604
2708	3938	290	3648
2709	3953	285	3668
2710	3977	287	3690
2711	3995	288	3707
2712	3934	281	3653
2713	3915	288	3627
2714	3938	289	3649
2715	3945	283	3662
2716	3990	277	3713
2717	3989	277	3712
2718	3962	263	3699
2719	3978	279	3699
2720	3990	274	3716
2721	4040	274	3766
2722	3993	273	3720
2723	3988	283	3705
2724	4044	272	3772
2725	4042	273	3769
2726	4065	281	3784
2727	4018	280	3738
2728	3977	277	3700
2729	4002	278	3724
2730	4010	285	3725
2731	4037	290	3747
2732	4052	290	3762
2733	4001	288	3713
2734	3971	284	3687
2735	4019	283	3736
2736	4006	291	3715
2737	3991	283	3708
2738	4041	280	3761
2739	4043	280	3763
2740	4019	273	3746
2741	3998	276	3722
2742	4019	276	3743
2743	4033	278	3755
2744	4069	276	3793
2745	4029	275	3754
2746	4032	278	3754
2747	4033	276	3757
2748	4073	275	3798
2749	4028	275	3753
2750	3985	286	3699
2751	3982	298	3684
2752	4002	282	3720
2753	3953	285	3668
2754	3969	287	3682
2755	3971	285	3686
2756	3980	290	3690
2757	3968	289	3679
2758	4031	272	3759
2759	4029	274	3755
2760	4037	284	3753
2761	3969	277	3692
2762	4015	283	3732
2763	4002	284	3718
2764	3985	274	3711
2765	4050	273	3777
2766	4054	277	3777
2767	3951	278	3673
2768	3989	277	3712
2769	3997	279	3718
2770	3982	278	3704
2771	4002	283	3719
2772	3951	281	3670
2773	3943	279	3664
2774	3971	277	3694
2775	3994	283	3711
2776	4034	277	3757
2777	4014	283	3731
2778	4023	285	3738
2779	4047	283	3764
2780	3983	281	3702
2781	3969	281	3688
2782	3959	274	3685
2783	3972	282	3690
2784	4013	285	3728
2785	4005	280	3725
2786	3971	285	3686
2787	3923	286	3637
2788	3876	277	3599
2789	3963	282	3681
2790	4007	287	3720
2791	3887	277	3610
2792	3915	272	3643
2793	3944	276	3668
2794	3967	277	3690
2795	3927	282	3645
2796	3921	283	3638
2797	3926	281	3645
2798	3887	281	3606
2799	3907	279	3628
2800	3934	281	3653
2801	3921	278	3643
2802	3938	276	3662
2803	3912	281	3631
2804	3938	287	3651
2805	3954	283	3671
2806	3889	285	3604
2807	3868	288	3580
2808	3844	279	3565
2809	3839	283	3556
2810	3897	283	3614
2811	3868	278	3590
2812	3874	274	3600
2813	3933	282	3651
2814	3887	291	3596
2815	3870	284	3586
2816	3913	264	3649
2817	3922	267	3655
2818	3863	284	3579
2819	3873	279	3594
2820	3863	278	3585
2821	3798	286	3512
2822	3856	288	3568
2823	3926	283	3643
2824	3937	270	3667
2825	3884	275	3609
2826	3885	284	3601
2827	3810	290	3520
2828	3882	284	3598
2829	3895	279	3616
2830	3853	274	3579
2831	3794	274	3520
2832	3820	276	3544
2833	3800	286	3514
2834	3797	282	3515
2835	3863	287	3576
2836	3844	285	3559
2837	3792	291	3501
2838	3794	285	3509
2839	3756	287	3469
2840	3795	292	3503
2841	3780	281	3499
2842	3782	273	3509
2843	3827	273	3554
2844	3791	274	3517
2845	3765	276	3489
2846	3758	272	3486
2847	3778	270	3508
2848	3747	270	3477
2849	3733	276	3457
2850	3739	289	3450
2851	3741	286	3455
2852	3749	274	3475
2853	3748	281	3467
2854	3766	282	3484
2855	3727	278	3449
2856	3759	279	3480
2857	3733	282	3451
2858	3665	282	3383
2859	3686	276	3410
2860	3727	274	3453
2861	3716	277	3439
2862	3739	277	3462
2863	3717	285	3432
2864	3705	283	3422
2865	3705	280	3425
2866	3714	283	3431
2867	3698	286	3412
2868	3646	288	3358
2869	3637	292	3345
2870	3648	286	3362
2871	3681	286	3395
2872	3716	272	3444
2873	3657	273	3384
2874	3604	279	3325
2875	3581	288	3293
2876	3588	279	3309
2877	3623	283	3340
2878	3704	277	3427
2879	3658	262	3396
2880	3617	272	3345
2881	3618	280	3338
2882	3580	292	3288
2883	3571	277	3294
2884	3606	268	3338
2885	3574	278	3296
2886	3602	282	3320
2887	3625	278	3347
2888	3617	278	3339
2889	3594	281	3313
2890	3585	275	3310
2891	3588	287	3301
2892	3597	289	3308
2893	3629	282	3347
2894	3567	278	3289
2895	3532	286	3246
2896	3559	289	3270
2897	3481	286	3195
2898	3486	277	3209
2899	3488	282	3206
2900	3500	292	3208
2901	3485	282	3203
2902	3470	280	3190
2903	3445	280	3165
2904	3428	274	3154
2905	3432	273	3159
2906	3460	272	3188
2907	3438	275	3163
2908	3425	277	3148
2909	3483	280	3203
2910	3482	280	3202
2911	3404	277	3127
2912	3390	278	3112
2913	3360	275	3085
2914	3402	275	3127
2915	3377	277	3100
2916	3366	285	3081
2917	3411	286	3125
2918	3399	280	3119
2919	3422	278	3144
2920	3428	279	3149
2921	3432	287	3145
2922	3449	273	3176
2923	3360	275	3085
2924	3358	273	3085
2925	3322	276	3046
2926	3269	281	2988
2927	3292	285	3007
2928	3347	282	3065
2929	3294	282	3012
2930	3319	280	3039
2931	3357	288	3069
2932	3317	280	3037
2933	3257	274	2983
2934	3268	284	2984
2935	3269	283	2986
2936	3277	279	2998
2937	3277	284	2993
2938	3282	287	2995
2939	3250	275	2975
2940	3239	277	2962
2941	3259	281	2978
2942	3267	273	2994
2943	3272	271	3001
2944	3302	276	3026
2945	3257	280	2977
2946	3224	280	2944
2947	3218	280	2938
2948	3174	275	2899
2949	3169	278	2891
2950	3158	273	2885
2951	3181	270	2911
2952	3203	277	2926
2953	3161	275	2886
2954	3170	273	2897
2955	3134	272	2862
2956	3099	280	2819
2957	3104	279	2825
2958	3146	271	2875
2959	3126	270	2856
2960	3114	279	2835
2961	3100	284	2816
2962	3043	273	2770
2963	3026	280	2746
2964	3047	289	2758
2965	3038	281	2757
2966	3019	279	2740
2967	3023	288	2735
2968	3044	276	2768
2969	3053	283	2770
2970	3033	271	2762
2971	3036	281	2755
2972	3018	287	2731
2973	3039	280	2759
2974	3019	276	2743
2975	3015	271	2744
2976	2971	276	2695
2977	2951	281	2670
2978	2945	267	2678
2979	2925	278	2647
2980	2911	278	2633
2981	2942	283	2659
2982	2926	285	2641
2983	2913	282	2631
2984	2936	279	2657
2985	2888	282	2606
2986	2858	283	2575
2987	2906	276	2630
2988	2883	261	2622
2989	2853	270	2583
2990	2840	271	2569
2991	2836	286	2550
2992	2868	282	2586
2993	2801	271	2530
2994	2788	269	2519
2995	2805	275	2530
2996	2837	278	2559
2997	2845	278	2567
2998	2801	281	2520
2999	2780	294	2486
3000	2785	288	2497
3001	2788	284	2504
3002	2762	285	2477
3003	2758	278	2480
3004	2735	282	2453
3005	2730	279	2451
3006	2717	278	2439
3007	2716	277	2439
3008	2694	276	2418
3009	2731	290	2441
3010	2744	271	2473
3011	2689	277	2412
3012	2679	280	2399
3013	2660	277	2383
3014	2666	277	2389
3015	2667	272	2395
3016	2644	274	2370
3017	2624	279	2345
3018	2640	275	2365
3019	2658	275	2383
3020	2574	283	2291
3021	2551	279	2272
3022	2582	276	2306
3023	2586	284	2302
3024	2573	286	2287
3025	2546	285	2261
3026	2548	279	2269
3027	2526	283	2243
3028	2524	283	2241
3029	2514	276	2238
3030	2489	273	2216
3031	2517	280	2237
3032	2472	274	2198
3033	2468	281	2187
3034	2466	281	2185
3035	2467	279	2188
3036	2395	287	2108
3037	2402	287	2115
3038	2434	278	2156
3039	2379	280	2099
3040	2298	283	2015
3041	2296	285	2011
3042	2326	278	2048
3043	2322	277	2045
3044	2293	282	2011
3045	2289	291	1998
3046	2296	285	2011
3047	2293	282	2011
3048	2311	287	2024
3049	2329	287	2042
3050	2282	282	2000
3051	2191	282	1909
3052	2176	278	1898
3053	2196	273	1923
3054	2259	285	1974
3055	2276	287	1989
3056	2222	274	1948
3057	2193	270	1923
3058	2194	264	1930
3059	2166	264	1902
3060	2193	270	1923
3061	2161	281	1880
3062	2141	281	1860
3063	2162	278	1884
3064	2158	282	1876
3065	2139	287	1852
3066	2118	285	1833
3067	2077	284	1793
3068	2069	275	1794
3069	2042	275	1767
3070	2062	278	1784
3071	2021	278	1743
3072	2041	274	1767
3073	2027	282	1745
3074	2033	288	1745
3075	1994	277	1717
3076	1996	281	1715
3077	2046	283	1763
3078	2014	287	1727
3079	1991	292	1699
3080	1930	285	1645
3081	1862	281	1581
3082	1903	278	1625
3083	1899	283	1616
3084	1887	278	1609
3085	1900	270	1630
3086	1889	282	1607
3087	1853	297	1556
3088	1882	288	1594
3089	1846	290	1556
3090	1815	279	1536
3091	1810	276	1534
3092	1796	279	1517
3093	1772	288	1484
3094	1793	287	1506
3095	1767	285	1482
3096	1782	289	1493
3097	1779	287	1492
3098	1753	274	1479
3099	1729	280	1449
3100	1740	281	1459
3101	1729	279	1450
3102	1696	274	1422
3103	1665	275	1390
3104	1659	278	1381
3105	1611	285	1326
3106	1641	284	1357
3107	1652	281	1371
3108	1630	275	1355
3109	1608	282	1326
3110	1625	277	1348
3111	1600	281	1319
3112	1596	278	1318
3113	1586	274	1312
3114	1549	283	1266
3115	1551	288	1263
3116	1530	282	1248
3117	1488	281	1207
3118	1515	278	1237
3119	1508	280	1228
3120	1474	278	1196
3121	1491	283	1208
3122	1493	287	1206
3123	1452	285	1167
3124	1459	278	1181
3125	1435	278	1157
3126	1437	278	1159
3127	1412	280	1132
3128	1395	270	1125
3129	1371	268	1103
3130	1403	275	1128
3131	1380	285	1095
3132	1336	278	1058
3133	1326	274	1052
3134	1335	271	1064
3135	1318	272	1046
3136	1323	279	1044
3137	1336	285	1051
3138	1299	281	1018
3139	1263	280	983
3140	1293	291	1002
3141	1311	282	1029
3142	1311	275	1036
3143	1252	282	970
3144	1244	281	963
3145	1245	279	966
3146	1224	284	940
3147	1229	286	943
3148	1225	279	946
3149	1216	276	940
3150	1202	282	920
3151	1214	286	928
3152	1201	284	917
3153	1187	286	901
3154	1148	288	860
3155	1151	278	873
3156	1145	282	863
3157	1082	284	798
3158	1094	281	813
3159	1105	281	824
3160	1081	282	799
3161	1072	282	790
3162	1089	273	816
3163	1070	282	788
3164	1069	280	789
3165	1050	278	772
3166	1040	282	758
3167	1063	283	780
3168	1070	284	786
3169	1045	283	762
3170	1001	283	718
3171	991	281	710
3172	1015	284	731
3173	1026	278	748
3174	983	281	702
3175	999	286	713
3176	1020	286	734
3177	1024	286	738
3178	991	289	702
3179	932	282	650
3180	962	285	677
3181	983	291	692
3182	955	282	673
3183	930	278	652
3184	916	277	639
3185	905	279	626
3186	902	276	626
3187	893	274	619
3188	924	277	647
3189	901	279	622
3190	857	274	583
3191	880	273	607
3192	879	277	602
3193	849	283	566
3194	850	278	572
3195	851	284	567
3196	858	286	572
3197	841	287	554
3198	832	282	550
3199	848	274	574
3200	807	281	526
3201	783	289	494
3202	787	278	509
3203	786	284	502
3204	813	287	526
3205	786	287	499
3206	775	283	492
3207	780	284	496
3208	772	279	493
3209	762	284	478
3210	746	279	467
3211	747	281	466
3212	746	288	458
3213	743	280	463
3214	728	277	451
3215	724	288	436
3216	735	275	460
3217	736	279	457
3218	704	277	427
3219	688	303	385
3220	712	285	427
3221	707	287	420
3222	709	295	414
3223	711	293	418
3224	710	281	429
3225	692	277	415
3226	708	285	423
3227	705	288	417
3228	704	283	421
3229	688	286	402
3230	689	279	410
3231	698	281	417
3232	663	285	378
3233	638	279	359
3234	668	282	386
3235	696	288	408
3236	676	288	388
3237	654	274	380
3238	640	274	366
3239	642	274	368
3240	630	280	350
3241	625	284	341
3242	627	281	346
3243	654	277	377
3244	646	278	368
3245	635	286	349
3246	647	283	364
3247	668	279	389
3248	663	282	381
3249	632	279	353
3250	627	278	349
3251	573	291	282
3252	583	292	291
3253	608	285	323
3254	582	284	298
3255	591	273	318
3256	593	282	311
3257	595	284	311
3258	588	278	310
3259	559	280	279
3260	586	273	313
3261	602	278	324
3262	598	287	311
3263	603	278	325
3264	589	273	316
3265	561	279	282
3266	552	279	273
3267	566	283	283
3268	541	281	260
3269	541	288	253
3270	576	278	298
3271	577	277	300
3272	563	285	278
3273	555	286	269
3274	557	281	276
3275	560	288	272
3276	549	288	261
3277	541	284	257
3278	556	276	280
3279	546	277	269
3280	529	277	252
3281	534	276	258
3282	521	267	254
3283	518	272	246
3284	505	274	231
3285	526	273	253
3286	545	272	273
3287	527	283	244
3288	538	284	254
3289	535	285	250
3290	525	284	241
3291	513	285	228
3292	521	285	236
3293	519	282	237
3294	494	277	217
3295	479	282	197
3296	514	279	235
3297	531	287	244
3298	535	278	257
3299	511	279	232
3300	486	285	201
3301	483	283	200
3302	512	282	230
3303	506	278	228
3304	506	276	230
3305	483	283	200
3306	476	277	199
3307	475	281	194
3308	468	273	195
3309	462	262	200
3310	477	268	209
3311	509	275	234
3312	529	277	252
3313	493	278	215
3314	458	275	183
3315	470	279	191
3316	488	279	209
3317	466	286	180
3318	496	283	213
3319	498	280	218
3320	479	278	201
3321	478	281	197
3322	491	283	208
3323	467	279	188
3324	473	284	189
3325	459	283	176
3326	454	281	173
3327	466	277	189
3328	448	282	166
3329	433	288	145
3330	422	281	141
3331	431	285	146
3332	434	277	157
3333	441	282	159
3334	455	282	173
3335	440	279	161
3336	446	287	159
3337	445	282	163
3338	437	278	159
3339	431	280	151
3340	429	282	147
3341	414	285	129
3342	425	280	145
3343	418	286	132
3344	414	285	129
3345	409	291	118
3346	414	287	127
3347	414	279	135
3348	424	273	151
3349	415	279	136
3350	426	286	140
3351	429	282	147
3352	409	286	123
3353	397	285	112
3354	413	282	131
3355	408	281	127
3356	397	283	114
3357	398	294	104
3358	406	287	119
3359	414	288	126
3360	390	286	104
3361	393	286	107
3362	410	282	128
3363	381	284	97
3364	384	283	101
3365	377	288	89
3366	389	285	104
3367	398	279	119
3368	384	289	95
3369	389	290	99
3370	406	283	123
3371	409	286	123
3372	410	278	132
3373	404	287	117
3374	398	285	113
3375	387	282	105
3376	391	280	111
3377	405	279	126
3378	393	285	108
3379	395	291	104
3380	406	289	117
3381	381	290	91
3382	377	288	89
3383	403	281	122
3384	397	274	123
3385	373	284	89
3386	375	282	93
3387	392	287	105
3388	395	286	109
3389	387	280	107
3390	391	284	107
3391	386	283	103
3392	374	279	95
3393	384	283	101
3394	410	287	123
3395	396	282	114
3396	395	276	119
3397	397	273	124
3398	397	280	117
3399	382	295	87
3400	385	288	97
3401	389	275	114
3402	392	270	122
3403	375	280	95
3404	386	276	110
3405	389	281	108
3406	392	286	106
3407	379	283	96
3408	380	276	104
3409	388	277	111
3410	383	289	94
3411	371	290	81
3412	365	281	84
3413	370	277	93
3414	408	274	134
3415	382	275	107
3416	346	270	76
3417	358	265	93
3418	373	260	113
3419	370	263	107
3420	378	271	107
3421	368	281	87
3422	374	282	92
3423	394	275	119
3424	395	279	116
3425	377	272	105
3426	393	274	119
3427	370	281	89
3428	366	279	87
3429	397	276	121
3430	378	275	103
3431	384	275	109
3432	403	277	126
3433	375	280	95
3434	378	288	90
3435	387	288	99
3436	389	279	110
3437	394	283	111
3438	382	285	97
3439	369	280	89
3440	378	282	96
3441	386	273	113
3442	383	274	109
3443	347	273	74
3444	358	277	81
3445	398	276	122
3446	405	284	121
3447	373	290	83
3448	369	275	94
3449	377	275	102
3450	388	281	107
3451	382	281	101
3452	376	286	90
3453	358	285	73
3454	350	281	69
3455	367	286	81
3456	377	279	98
3457	388	281	107
3458	395	282	113
3459	395	289	106
3460	390	289	101
3461	361	289	72
3462	362	277	85
3463	388	283	105
3464	359	294	65
3465	348	289	59
3466	372	279	93
3467	360	286	74
3468	385	272	113
3469	390	290	100
3470	380	277	103
3471	380	275	105
3472	374	287	87
3473	362	285	77
3474	376	279	97
3475	369	281	88
3476	385	285	100
3477	373	287	86
3478	377	282	95
3479	379	284	95
3480	394	275	119
3481	393	280	113
3482	380	280	100
3483	373	271	102
3484	352	275	77
3485	357	281	76
3486	344	283	61
3487	335	280	55
3488	355	281	74
3489	345	273	72
3490	361	270	91
3491	362	282	80
3492	364	277	87
3493	360	278	82
3494	362	279	83
3495	384	277	107
3496	383	270	113
3497	345	269	76
3498	332	280	52
3499	358	286	72
3500	387	276	111
3501	374	274	100
3502	354	276	78
3503	356	272	84
3504	385	274	111
3505	374	281	93
3506	370	282	88
3507	352	284	68
3508	338	279	59
3509	366	276	90
3510	375	276	99
3511	353	272	81
3512	357	271	86
3513	364	279	85
3514	375	272	103
3515	372	274	98
3516	385	290	95
3517	360	291	69
3518	335	280	55
3519	363	284	79
3520	371	275	96
3521	347	273	74
3522	369	279	90
3523	367	278	89
3524	360	282	78
3525	370	293	77
3526	370	284	86
3527	352	283	69
3528	330	282	48
3529	316	283	33
3530	342	280	62
3531	341	281	60
3532	335	282	53
3533	334	270	64
3534	359	273	86
3535	358	278	80
3536	351	280	71
3537	325	284	41
3538	342	277	65
3539	371	282	89
3540	367	287	80
3541	363	285	78
3542	369	279	90
3543	361	273	88
3544	359	273	86
3545	344	282	62
3546	334	282	52
3547	344	286	58
3548	377	274	103
3549	365	269	96
3550	344	269	75
3551	337	278	59
3552	351	277	74
3553	339	285	54
3554	362	289	73
3555	362	282	80
3556	380	283	97
3557	373	281	92
3558	351	280	71
3559	361	278	83
3560	343	285	58
3561	348	286	62
3562	349	271	78
3563	341	279	62
3564	355	283	72
3565	367	285	82
3566	355	277	78
3567	333	281	52
3568	355	280	75
3569	353	280	73
3570	346	282	64
3571	341	280	61
3572	363	273	90
3573	353	279	74
3574	352	281	71
3575	348	281	67
3576	335	289	46
3577	340	288	52
3578	339	280	59
3579	351	285	66
3580	356	285	71
3581	368	287	81
3582	367	290	77
3583	324	280	44
3584	329	283	46
3585	337	281	56
3586	335	272	63
3587	352	279	73
3588	338	284	54
3589	329	288	41
3590	345	280	65
3591	336	289	47
3592	331	288	43
3593	316	280	36
3594	333	276	57
3595	342	284	58
3596	327	297	30
3597	326	289	37
3598	351	275	76
3599	339	282	57
3600	321	277	44
3601	323	276	47
3602	328	282	46
3603	338	283	55
3604	328	284	44
3605	337	286	51
3606	358	297	61
3607	329	299	30
3608	318	280	38
3609	338	276	62
3610	354	283	71
3611	348	288	60
3612	346	277	69
3613	329	274	55
3614	351	279	72
3615	346	280	66
3616	352	286	66
3617	348	287	61
3618	335	291	44
3619	347	288	59
3620	368	281	87
3621	343	286	57
3622	325	278	47
3623	348	281	67
3624	360	280	80
3625	352	279	73
3626	351	288	63
3627	357	293	64
3628	364	288	76
3629	357	281	76
3630	379	278	101
3631	376	279	97
3632	349	275	74
3633	328	276	52
3634	332	274	58
3635	327	275	52
3636	340	268	72
3637	339	279	60
3638	348	288	60
3639	327	291	36
3640	338	281	57
3641	339	277	62
3642	352	281	71
3643	350	275	75
3644	334	277	57
3645	336	290	46
3646	343	285	58
3647	336	278	58
3648	346	272	74
