index	original	background	difference
-----------------------------------------------------
1	600	249	351
2	602	238	364
3	586	236	350
4	557	240	317
5	571	244	327
6	595	252	343
7	604	249	355
8	598	247	351
9	593	254	339
10	586	256	330
11	613	257	356
12	612	245	367
13	603	250	353
14	597	252	345
15	617	255	362
16	632	261	371
17	645	261	384
18	592	258	334
19	596	253	343
20	604	260	344
21	624	253	371
22	644	250	394
23	637	259	378
24	622	261	361
25	658	257	401
26	653	261	392
27	631	266	365
28	640	254	386
29	667	264	403
30	637	265	372
31	648	257	391
32	658	255	403
33	668	267	401
34	647	261	386
35	656	264	392
36	646	271	375
37	658	272	386
38	667	272	395
39	681	263	418
40	672	266	406
41	662	264	398
42	639	270	369
43	626	269	357
44	652	265	387
45	658	269	389
46	645	274	371
47	670	273	397
48	674	267	407
49	687	267	420
50	668	267	401
51	668	269	399
52	690	264	426
53	712	259	453
54	713	267	446
55	691	267	424
56	673	281	392
57	693	278	415
58	700	272	428
59	697	275	422
60	666	269	397
61	672	266	406
62	710	265	445
63	726	275	451
64	719	273	446
65	756	270	486
66	740	270	470
67	721	277	444
68	700	273	427
69	722	280	442
70	728	289	439
71	718	278	440
72	711	280	431
73	727	281	446
74	737	271	466
75	737	268	469
76	736	268	468
77	743	271	472
78	733	274	459
79	717	279	438
80	721	280	441
81	749	274	475
82	753	270	483
83	738	277	461
84	719	273	446
85	727	277	450
86	732	287	445
87	744	283	461
88	763	275	488
89	759	274	485
90	766	268	498
91	753	272	481
92	758	273	485
93	788	261	527
94	794	274	520
95	789	277	512
96	777	274	503
97	778	277	501
98	783	272	511
99	804	271	533
100	812	278	534
101	808	281	527
102	781	272	509
103	796	275	521
104	799	276	523
105	806	277	529
106	798	286	512
107	824	279	545
108	831	272	559
109	803	284	519
110	801	274	527
111	852	276	576
112	875	287	588
113	883	274	609
114	861	272	589
115	871	280	591
116	863	277	586
117	833	276	557
118	834	293	541
119	850	288	562
120	858	269	589
121	856	272	584
122	877	274	603
123	906	287	619
124	893	294	599
125	884	281	603
126	877	281	596
127	916	290	626
128	897	281	616
129	882	279	603
130	905	275	630
131	923	277	646
132	904	279	625
133	913	276	637
134	896	282	614
135	911	279	632
136	907	287	620
137	917	283	634
138	913	278	635
139	921	278	643
140	928	278	650
141	924	280	644
142	945	276	669
143	936	291	645
144	926	288	638
145	960	279	681
146	948	274	674
147	943	277	666
148	933	276	657
149	967	282	685
150	964	278	686
151	963	278	685
152	971	279	692
153	988	287	701
154	966	278	688
155	954	271	683
156	947	269	678
157	981	274	707
158	979	279	700
159	974	280	694
160	983	284	699
161	1001	277	724
162	1023	279	744
163	1012	279	733
164	1028	276	752
165	1049	279	770
166	1037	283	754
167	1049	286	763
168	1065	287	778
169	1042	292	750
170	1021	283	738
171	1042	288	754
172	1031	275	756
173	1046	269	777
174	1035	277	758
175	1040	288	752
176	1056	281	775
177	1089	282	807
178	1085	285	800
179	1105	281	824
180	1087	280	807
181	1052	280	772
182	1053	279	774
183	1064	285	779
184	1053	285	768
185	1074	279	795
186	1111	282	829
187	1107	286	821
188	1065	280	785
189	1099	283	816
190	1112	279	833
191	1121	281	840
192	1132	280	852
193	1137	279	858
194	1122	284	838
195	1108	283	825
196	1115	284	831
197	1109	277	832
198	1123	281	842
199	1141	283	858
200	1135	287	848
201	1148	288	860
202	1120	276	844
203	1123	282	841
204	1117	289	828
205	1152	286	866
206	1144	281	863
207	1127	282	845
208	1141	279	862
209	1176	279	897
210	1184	281	903
211	1156	283	873
212	1135	278	857
213	1155	276	879
214	1170	274	896
215	1158	268	890
216	1172	275	897
217	1185	284	901
218	1149	267	882
219	1150	290	860
220	1177	274	903
221	1176	272	904
222	1179	276	903
223	1200	281	919
224	1213	285	928
225	1184	280	904
226	1167	280	887
227	1208	284	924
228	1215	281	934
229	1198	274	924
230	1226	285	941
231	1209	275	934
232	1201	274	927
233	1240	285	955
234	1227	286	941
235	1267	286	981
236	1270	278	992
237	1230	277	953
238	1225	270	955
239	1217	275	942
240	1218	276	942
241	1206	280	926
242	1195	287	908
243	1236	288	948
244	1239	280	959
245	1255	273	982
246	1251	276	975
247	1264	287	977
248	1253	283	970
249	1242	280	962
250	1259	281	978
251	1247	279	968
252	1260	276	984
253	1291	283	1008
254	1277	280	997
255	1285	278	1007
256	1302	279	1023
257	1297	280	1017
258	1272	282	990
259	1296	276	1020
260	1292	276	1016
261	1322	279	1043
262	1318	275	1043
263	1313	279	1034
264	1345	276	1069
265	1348	269	1079
266	1323	274	1049
267	1297	280	1017
268	1315	277	1038
269	1317	272	1045
270	1349	272	1077
271	1350	272	1078
272	1364	275	1089
273	1326	279	1047
274	1286	282	1004
275	1355	282	1073
276	1362	283	1079
277	1375	287	1088
278	1375	273	1102
279	1393	276	1117
280	1355	273	1082
281	1313	278	1035
282	1367	280	1087
283	1398	282	1116
284	1418	282	1136
285	1416	288	1128
286	1405	282	1123
287	1401	292	1109
288	1425	293	1132
289	1426	286	1140
290	1406	280	1126
291	1399	274	1125
292	1365	273	1092
293	1356	277	1079
294	1388	276	1112
295	1410	280	1130
296	1400	279	1121
297	1429	277	1152
298	1426	279	1147
299	1433	279	1154
300	1433	280	1153
301	1458	285	1173
302	1430	273	1157
303	1460	274	1186
304	1468	275	1193
305	1464	283	1181
306	1464	285	1179
307	1463	290	1173
308	1444	297	1147
309	1523	280	1243
310	1533	279	1254
311	1477	279	1198
312	1505	282	1223
313	1510	272	1238
314	1508	269	1239
315	1502	276	1226
316	1499	283	1216
317	1526	278	1248
318	1527	280	1247
319	1544	284	1260
320	1569	277	1292
321	1557	281	1276
322	1524	271	1253
323	1521	268	1253
324	1557	269	1288
325	1572	278	1294
326	1534	276	1258
327	1526	275	1251
328	1552	283	1269
329	1560	278	1282
330	1553	280	1273
331	1543	277	1266
332	1541	275	1266
333	1591	284	1307
334	1605	274	1331
335	1562	276	1286
336	1557	283	1274
337	1614	281	1333
338	1627	283	1344
339	1557	284	1273
340	1551	279	1272
341	1610	283	1327
342	1584	279	1305
343	1615	276	1339
344	1659	270	1389
345	1633	268	1365
346	1630	267	1363
347	1634	272	1362
348	1641	271	1370
349	1627	286	1341
350	1610	273	1337
351	1634	270	1364
352	1618	274	1344
353	1608	281	1327
354	1640	277	1363
355	1669	275	1394
356	1669	271	1398
357	1659	273	1386
358	1656	278	1378
359	1689	271	1418
360	1694	264	1430
361	1696	274	1422
362	1689	267	1422
363	1701	268	1433
364	1708	271	1437
365	1708	278	1430
366	1697	281	1416
367	1746	288	1458
368	1772	290	1482
369	1727	290	1437
370	1738	284	1454
371	1753	274	1479
372	1758	273	1485
373	1779	277	1502
374	1779	282	1497
375	1777	281	1496
376	1789	274	1515
377	1767	274	1493
378	1743	279	1464
379	1751	282	1469
380	1741	271	1470
381	1759	288	1471
382	1757	285	1472
383	1724	270	1454
384	1780	264	1516
385	1803	274	1529
386	1793	280	1513
387	1811	280	1531
388	1831	273	1558
389	1827	280	1547
390	1824	286	1538
391	1837	279	1558
392	1848	282	1566
393	1868	279	1589
394	1882	273	1609
395	1897	282	1615
396	1905	278	1627
397	1867	278	1589
398	1869	274	1595
399	1895	286	1609
400	1900	284	1616
401	1883	276	1607
402	1873	278	1595
403	1881	284	1597
404	1879	275	1604
405	1880	273	1607
406	1880	273	1607
407	1910	276	1634
408	1913	273	1640
409	1901	265	1636
410	1937	272	1665
411	1975	281	1694
412	1961	287	1674
413	1978	281	1697
414	1962	279	1683
415	1959	271	1688
416	1958	278	1680
417	1960	282	1678
418	1986	279	1707
419	1951	273	1678
420	1938	271	1667
421	1967	269	1698
422	1954	278	1676
423	1968	286	1682
424	1985	283	1702
425	2013	284	1729
426	2005	287	1718
427	2035	288	1747
428	1995	285	1710
429	1969	283	1686
430	2037	275	1762
431	2069	276	1793
432	2050	281	1769
433	2002	276	1726
434	2007	274	1733
435	2072	281	1791
436	2077	276	1801
437	2051	276	1775
438	2073	282	1791
439	2045	284	1761
440	2058	280	1778
441	2120	286	1834
442	2112	289	1823
443	2074	284	1790
444	2058	277	1781
445	2100	286	1814
446	2068	279	1789
447	2093	283	1810
448	2121	284	1837
449	2155	281	1874
450	2119	282	1837
451	2116	281	1835
452	2154	267	1887
453	2189	278	1911
454	2188	284	1904
455	2165	287	1878
456	2203	282	1921
457	2243	277	1966
458	2152	273	1879
459	2149	277	1872
460	2146	284	1862
461	2207	281	1926
462	2211	279	1932
463	2214	279	1935
464	2166	277	1889
465	2169	281	1888
466	2164	279	1885
467	2185	276	1909
468	2216	263	1953
469	2171	299	1872
470	2201	281	1920
471	2214	281	1933
472	2196	283	1913
473	2225	280	1945
474	2221	279	1942
475	2244	280	1964
476	2251	277	1974
477	2248	274	1974
478	2244	268	1976
479	2236	272	1964
480	2252	278	1974
481	2232	278	1954
482	2222	279	1943
483	2263	284	1979
484	2284	281	2003
485	2319	273	2046
486	2332	271	2061
487	2305	280	2025
488	2272	287	1985
489	2280	289	1991
490	2349	291	2058
491	2354	290	2064
492	2349	283	2066
493	2341	275	2066
494	2330	282	2048
495	2304	288	2016
496	2276	283	1993
497	2328	275	2053
498	2387	272	2115
499	2386	278	2108
500	2322	279	2043
501	2349	279	2070
502	2367	276	2091
503	2381	282	2099
504	2413	282	2131
505	2399	284	2115
506	2355	279	2076
507	2359	285	2074
508	2367	281	2086
509	2367	276	2091
510	2333	275	2058
511	2402	276	2126
512	2407	277	2130
513	2435	280	2155
514	2392	277	2115
515	2385	276	2109
516	2405	277	2128
517	2414	281	2133
518	2410	284	2126
519	2422	287	2135
520	2447	288	2159
521	2407	285	2122
522	2408	283	2125
523	2442	290	2152
524	2411	282	2129
525	2398	273	2125
526	2404	278	2126
527	2408	276	2132
528	2417	278	2139
529	2420	285	2135
530	2437	280	2157
531	2480	280	2200
532	2493	289	2204
533	2454	282	2172
534	2422	270	2152
535	2481	272	2209
536	2514	274	2240
537	2461	290	2171
538	2458	285	2173
539	2454	281	2173
540	2411	281	2130
541	2474	281	2193
542	2464	287	2177
543	2509	283	2226
544	2494	277	2217
545	2448	285	2163
546	2492	276	2216
547	2497	285	2212
548	2443	293	2150
549	2486	285	2201
550	2519	284	2235
551	2516	285	2231
552	2526	285	2241
553	2515	276	2239
554	2546	278	2268
555	2582	282	2300
556	2498	269	2229
557	2546	287	2259
558	2565	284	2281
559	2579	287	2292
560	2554	287	2267
561	2604	283	2321
562	2639	280	2359
563	2578	277	2301
564	2567	282	2285
565	2590	293	2297
566	2586	285	2301
567	2651	280	2371
568	2621	272	2349
569	2576	276	2300
570	2591	282	2309
571	2641	295	2346
572	2637	293	2344
573	2622	289	2333
574	2638	285	2353
575	2684	281	2403
576	2697	282	2415
577	2666	272	2394
578	2649	276	2373
579	2659	267	2392
580	2709	272	2437
581	2727	272	2455
582	2663	274	2389
583	2705	285	2420
584	2682	273	2409
585	2658	274	2384
586	2719	280	2439
587	2743	287	2456
588	2759	279	2480
589	2708	278	2430
590	2751	283	2468
591	2791	283	2508
592	2726	280	2446
593	2793	277	2516
594	2824	278	2546
595	2817	281	2536
596	2797	279	2518
597	2850	281	2569
598	2866	276	2590
599	2812	282	2530
600	2857	284	2573
601	2826	285	2541
602	2836	283	2553
603	2874	281	2593
604	2864	268	2596
605	2879	272	2607
606	2931	270	2661
607	2942	274	2668
608	2883	276	2607
609	2866	281	2585
610	2890	276	2614
611	2923	280	2643
612	2926	284	2642
613	2928	286	2642
614	2928	282	2646
615	3029	275	2754
616	3019	277	2742
617	3010	271	2739
618	3040	267	2773
619	3041	283	2758
620	3027	277	2750
621	3060	284	2776
622	3091	282	2809
623	3111	279	2832
624	3127	286	2841
625	3096	289	2807
626	3064	280	2784
627	3118	281	2837
628	3141	272	2869
629	3127	270	2857
630	3135	272	2863
631	3189	278	2911
632	3150	273	2877
633	3099	277	2822
634	3118	281	2837
635	3162	279	2883
636	3132	274	2858
637	3152	278	2874
638	3208	283	2925
639	3244	292	2952
640	3189	283	2906
641	3244	276	2968
642	3295	272	3023
643	3244	281	2963
644	3241	279	2962
645	3285	284	3001
646	3249	277	2972
647	3296	280	3016
648	3320	276	3044
649	3277	286	2991
650	3300	280	3020
651	3320	280	3040
652	3329	281	3048
653	3325	287	3038
654	3374	291	3083
655	3402	282	3120
656	3384	277	3107
657	3396	286	3110
658	3418	287	3131
659	3437	280	3157
660	3431	282	3149
661	3398	289	3109
662	3420	277	3143
663	3431	285	3146
664	3454	278	3176
665	3432	268	3164
666	3452	272	3180
667	3499	276	3223
668	3533	274	3259
669	3528	280	3248
670	3530	275	3255
671	3541	275	3266
672	3587	284	3303
673	3573	294	3279
674	3564	283	3281
675	3634	279	3355
676	3677	281	3396
677	3627	277	3350
678	3599	274	3325
679	3606	276	3330
680	3640	275	3365
681	3644	279	3365
682	3604	273	3331
683	3601	278	3323
684	3646	279	3367
685	3650	288	3362
686	3692	283	3409
687	3667	275	3392
688	3646	279	3367
689	3615	284	3331
690	3628	287	3341
691	3713	287	3426
692	3728	277	3451
693	3793	275	3518
694	3728	277	3451
695	3712	285	3427
696	3763	273	3490
697	3810	282	3528
698	3779	284	3495
699	3757	283	3474
700	3721	288	3433
701	3693	294	3399
702	3744	286	3458
703	3785	279	3506
704	3790	278	3512
705	3778	273	3505
706	3820	280	3540
707	3810	282	3528
708	3794	276	3518
709	3801	269	3532
710	3783	275	3508
711	3843	287	3556
712	3878	282	3596
713	3878	284	3594
714	3883	278	3605
715	3845	267	3578
716	3832	272	3560
717	3848	280	3568
718	3835	267	3568
719	3837	291	3546
720	3820	285	3535
721	3837	279	3558
722	3851	286	3565
723	3877	290	3587
724	3871	280	3591
725	3917	287	3630
726	3882	284	3598
727	3909	276	3633
728	3859	274	3585
729	3865	280	3585
730	3907	292	3615
731	3903	289	3614
732	3897	282	3615
733	3920	284	3636
734	3926	280	3646
735	3934	279	3655
736	3885	279	3606
737	3909	277	3632
738	3947	277	3670
739	3982	278	3704
740	3930	281	3649
741	3941	281	3660
742	3927	288	3639
743	3913	287	3626
744	3930	269	3661
745	3904	281	3623
746	3934	284	3650
747	4005	282	3723
748	4009	286	3723
749	3936	283	3653
750	3950	275	3675
751	4047	280	3767
752	4017	286	3731
753	3983	281	3702
754	3986	278	3708
755	3985	283	3702
756	3979	277	3702
757	4002	278	3724
758	3976	274	3702
759	3992	277	3715
760	3962	280	3682
761	4008	282	3726
762	4058	276	3782
763	4018	280	3738
764	4009	278	3731
765	4035	282	3753
766	3988	284	3704
767	3985	287	3698
768	4003	278	3725
769	4005	277	3728
770	4032	276	3756
771	3961	288	3673
772	3992	284	3708
773	4059	280	3779
774	4044	276	3768
775	4034	284	3750
776	4057	285	3772
777	4050	273	3777
778	3980	276	3704
779	4019	284	3735
780	4015	274	3741
781	3970	267	3703
782	4036	272	3764
783	4107	280	3827
784	4048	281	3767
785	4019	278	3741
786	4017	278	3739
787	3978	285	3693
788	3999	274	3725
789	4020	278	3742
790	4013	287	3726
791	4000	279	3721
792	3947	283	3664
793	4010	281	3729
794	4043	276	3767
795	4042	278	3764
796	4056	277	3779
797	4081	277	3804
798	4092	278	3814
799	4078	275	3803
800	4124	278	3846
801	4085	291	3794
802	4033	281	3752
803	4011	286	3725
804	4052	293	3759
805	4035	290	3745
806	4033	285	3748
807	4042	288	3754
808	4022	290	3732
809	4071	286	3785
810	4127	280	3847
811	4121	279	3842
812	4104	290	3814
813	4130	281	3849
814	4131	272	3859
815	4097	292	3805
816	4110	285	3825
817	4088	275	3813
818	4082	281	3801
819	4156	290	3866
820	4129	286	3843
821	4106	285	3821
822	4142	285	3857
823	4131	284	3847
824	4172	275	3897
825	4155	274	3881
826	4171	281	3890
827	4197	277	3920
828	4237	286	3951
829	4225	285	3940
830	4247	271	3976
831	4254	279	3975
832	4273	275	3998
833	4253	269	3984
834	4203	278	3925
835	4225	279	3946
836	4264	278	3986
837	4266	282	3984
838	4319	285	4034
839	4314	284	4030
840	4375	286	4089
841	4416	283	4133
842	4374	280	4094
843	4369	286	4083
844	4369	285	4084
845	4418	287	4131
846	4411	279	4132
847	4405	269	4136
848	4416	266	4150
849	4434	277	4157
850	4463	282	4181
851	4484	282	4202
852	4501	284	4217
853	4506	274	4232
854	4469	269	4200
855	4528	277	4251
856	4612	284	4328
857	4591	285	4306
858	4493	284	4209
859	4475	281	4194
860	4540	275	4265
861	4606	276	4330
862	4578	273	4305
863	4596	275	4321
864	4620	280	4340
865	4622	281	4341
866	4642	273	4369
867	4705	273	4432
868	4659	276	4383
869	4705	283	4422
870	4647	279	4368
871	4626	273	4353
872	4660	275	4385
873	4653	275	4378
874	4739	274	4465
875	4719	284	4435
876	4676	280	4396
877	4700	283	4417
878	4762	280	4482
879	4758	284	4474
880	4776	286	4490
881	4773	285	4488
882	4788	282	4506
883	4832	278	4554
884	4887	279	4608
885	4949	288	4661
886	4908	280	4628
887	4885	272	4613
888	4893	279	4614
889	4910	280	4630
890	4904	277	4627
891	4960	281	4679
892	4955	286	4669
893	4954	281	4673
894	4975	272	4703
895	5040	279	4761
896	5098	289	4809
897	5107	288	4819
898	5072	283	4789
899	5110	273	4837
900	5170	267	4903
901	5166	273	4893
902	5123	275	4848
903	5137	280	4857
904	5143	279	4864
905	5172	290	4882
906	5216	283	4933
907	5277	271	5006
908	5292	277	5015
909	5256	284	4972
910	5231	279	4952
911	5305	281	5024
912	5305	284	5021
913	5333	278	5055
914	5312	284	5028
915	5320	283	5037
916	5394	282	5112
917	5421	282	5139
918	5381	296	5085
919	5379	286	5093
920	5464	283	5181
921	5463	282	5181
922	5474	271	5203
923	5509	276	5233
924	5496	273	5223
925	5504	268	5236
926	5528	288	5240
927	5538	292	5246
928	5489	288	5201
929	5556	282	5274
930	5556	274	5282
931	5634	272	5362
932	5646	280	5366
933	5614	283	5331
934	5600	284	5316
935	5652	276	5376
936	5707	275	5432
937	5738	277	5461
938	5798	277	5521
939	5794	286	5508
940	5811	283	5528
941	5831	284	5547
942	5883	286	5597
943	5865	280	5585
944	5774	278	5496
945	5781	279	5502
946	5876	278	5598
947	5948	274	5674
948	5913	273	5640
949	5940	276	5664
950	5963	278	5685
951	5884	279	5605
952	5925	279	5646
953	6019	278	5741
954	6094	282	5812
955	6089	271	5818
956	5986	270	5716
957	5975	283	5692
958	6043	289	5754
959	6039	289	5750
960	6081	280	5801
961	6127	281	5846
962	6103	279	5824
963	6098	290	5808
964	6075	291	5784
965	6083	287	5796
966	6059	289	5770
967	6141	286	5855
968	6189	265	5924
969	6170	291	5879
970	6225	279	5946
971	6192	282	5910
972	6215	284	5931
973	6156	282	5874
974	6227	283	5944
975	6227	278	5949
976	6157	280	5877
977	6211	280	5931
978	6223	281	5942
979	6199	272	5927
980	6199	272	5927
981	6278	282	5996
982	6304	277	6027
983	6302	284	6018
984	6331	288	6043
985	6306	279	6027
986	6300	282	6018
987	6305	280	6025
988	6318	277	6041
989	6368	275	6093
990	6238	279	5959
991	6227	282	5945
992	6247	280	5967
993	6217	281	5936
994	6206	286	5920
995	6267	289	5978
996	6282	277	6005
997	6323	282	6041
998	6349	275	6074
999	6351	282	6069
1000	6425	274	6151
1001	6397	269	6128
1002	6266	282	5984
1003	6244	286	5958
1004	6268	271	5997
1005	6249	272	5977
1006	6237	283	5954
1007	6314	284	6030
1008	6301	283	6018
1009	6289	284	6005
1010	6323	285	6038
1011	6318	282	6036
1012	6327	281	6046
1013	6364	283	6081
1014	6324	284	6040
1015	6278	288	5990
1016	6326	289	6037
1017	6295	280	6015
1018	6274	274	6000
1019	6344	281	6063
1020	6331	275	6056
1021	6287	277	6010
1022	6246	276	5970
1023	6257	276	5981
1024	6324	280	6044
1025	6339	284	6055
1026	6319	277	6042
1027	6177	275	5902
1028	6193	272	5921
1029	6144	276	5868
1030	6193	285	5908
1031	6238	288	5950
1032	6228	285	5943
1033	6310	281	6029
1034	6293	282	6011
1035	6181	273	5908
1036	6181	277	5904
1037	6233	285	5948
1038	6192	276	5916
1039	6127	276	5851
1040	6199	277	5922
1041	6210	280	5930
1042	6114	284	5830
1043	6154	281	5873
1044	6186	278	5908
1045	6173	272	5901
1046	6167	266	5901
1047	6153	275	5878
1048	6137	282	5855
1049	6057	288	5769
1050	6050	277	5773
1051	6145	278	5867
1052	6125	286	5839
1053	6140	283	5857
1054	6066	285	5781
1055	6074	285	5789
1056	6076	278	5798
1057	6121	281	5840
1058	6089	277	5812
1059	6013	286	5727
1060	5990	284	5706
1061	6009	273	5736
1062	6004	278	5726
1063	5951	288	5663
1064	5946	279	5667
1065	5946	276	5670
1066	5978	276	5702
1067	6077	275	5802
1068	6027	272	5755
1069	5947	290	5657
1070	5965	288	5677
1071	5946	278	5668
1072	5899	287	5612
1073	5905	289	5616
1074	5983	284	5699
1075	6041	290	5751
1076	5990	284	5706
1077	5957	279	5678
1078	5984	278	5706
1079	5969	281	5688
1080	5888	286	5602
1081	5876	285	5591
1082	5864	274	5590
1083	5926	273	5653
1084	5894	274	5620
1085	5878	286	5592
1086	5837	288	5549
1087	5891	282	5609
1088	5901	282	5619
1089	5836	282	5554
1090	5880	280	5600
1091	5931	279	5652
1092	5876	274	5602
1093	5785	274	5511
1094	5816	276	5540
1095	5840	288	5552
1096	5779	290	5489
1097	5878	275	5603
1098	5857	280	5577
1099	5861	276	5585
1100	5836	273	5563
1101	5793	279	5514
1102	5839	282	5557
1103	5865	288	5577
1104	5773	294	5479
1105	5782	286	5496
1106	5783	283	5500
1107	5796	282	5514
1108	5768	284	5484
1109	5737	286	5451
1110	5765	288	5477
1111	5861	282	5579
1112	5906	288	5618
1113	5879	284	5595
1114	5789	282	5507
1115	5760	282	5478
1116	5814	276	5538
1117	5784	272	5512
1118	5779	271	5508
1119	5792	284	5508
1120	5789	285	5504
1121	5820	283	5537
1122	5854	288	5566
1123	5759	291	5468
1124	5751	271	5480
1125	5815	274	5541
1126	5730	280	5450
1127	5838	281	5557
1128	5914	271	5643
1129	5889	272	5617
1130	5875	273	5602
1131	5908	284	5624
1132	5892	284	5608
1133	5975	281	5694
1134	5931	277	5654
1135	5905	278	5627
1136	5923	279	5644
1137	5941	271	5670
1138	5968	275	5693
1139	5933	289	5644
1140	5963	285	5678
1141	5964	284	5680
1142	5961	277	5684
1143	5928	276	5652
1144	5970	285	5685
1145	5943	283	5660
1146	5900	274	5626
1147	5946	276	5670
1148	6016	276	5740
1149	6032	279	5753
1150	5945	274	5671
1151	6041	278	5763
1152	6136	287	5849
1153	6081	282	5799
1154	6083	281	5802
1155	6108	286	5822
1156	6061	280	5781
1157	6123	278	5845
1158	6137	278	5859
1159	6106	282	5824
1160	6077	298	5779
1161	6192	297	5895
1162	6208	283	5925
1163	6122	281	5841
1164	6137	277	5860
1165	6159	277	5882
1166	6213	270	5943
1167	6205	278	5927
1168	6236	281	5955
1169	6147	290	5857
1170	6191	285	5906
1171	6225	283	5942
1172	6274	283	5991
1173	6297	275	6022
1174	6236	281	5955
1175	6214	281	5933
1176	6280	277	6003
1177	6267	274	5993
1178	6354	279	6075
1179	6356	284	6072
1180	6361	275	6086
1181	6354	280	6074
1182	6364	272	6092
1183	6433	275	6158
1184	6474	278	6196
1185	6426	272	6154
1186	6412	266	6146
1187	6484	281	6203
1188	6469	280	6189
1189	6484	277	6207
1190	6503	284	6219
1191	6534	278	6256
1192	6513	276	6237
1193	6568	278	6290
1194	6613	285	6328
1195	6581	282	6299
1196	6622	275	6347
1197	6672	285	6387
1198	6741	275	6466
1199	6717	280	6437
1200	6728	288	6440
1201	6762	279	6483
1202	6821	277	6544
1203	6844	281	6563
1204	6821	280	6541
1205	6742	291	6451
1206	6774	284	6490
1207	6826	283	6543
1208	6859	279	6580
1209	6911	282	6629
1210	6949	279	6670
1211	6915	279	6636
1212	6924	272	6652
1213	6914	264	6650
1214	6895	268	6627
1215	6930	274	6656
1216	6916	274	6642
1217	7004	282	6722
1218	7014	266	6748
1219	7057	287	6770
1220	7073	269	6804
1221	7084	274	6810
1222	7050	275	6775
1223	7002	284	6718
1224	7099	279	6820
1225	7175	282	6893
1226	7084	285	6799
1227	7149	289	6860
1228	7188	282	6906
1229	7181	272	6909
1230	7256	270	6986
1231	7341	270	7071
1232	7291	262	7029
1233	7222	273	6949
1234	7279	280	6999
1235	7286	281	7005
1236	7289	275	7014
1237	7371	281	7090
1238	7409	285	7124
1239	7398	277	7121
1240	7387	271	7116
1241	7354	278	7076
1242	7454	279	7175
1243	7429	282	7147
1244	7350	292	7058
1245	7417	291	7126
1246	7529	275	7254
1247	7509	270	7239
1248	7446	274	7172
1249	7497	284	7213
1250	7502	287	7215
1251	7484	283	7201
1252	7527	274	7253
1253	7578	279	7299
1254	7583	282	7301
1255	7600	280	7320
1256	7555	283	7272
1257	7608	284	7324
1258	7573	279	7294
1259	7580	276	7304
1260	7535	280	7255
1261	7532	277	7255
1262	7651	283	7368
1263	7683	286	7397
1264	7652	284	7368
1265	7753	286	7467
1266	7773	279	7494
1267	7711	280	7431
1268	7729	286	7443
1269	7708	280	7428
1270	7701	281	7420
1271	7778	277	7501
1272	7730	272	7458
1273	7672	281	7391
1274	7710	283	7427
1275	7728	273	7455
1276	7668	272	7396
1277	7805	280	7525
1278	7787	283	7504
1279	7752	280	7472
1280	7806	276	7530
1281	7827	275	7552
1282	7737	275	7462
1283	7737	281	7456
1284	7714	286	7428
1285	7762	277	7485
1286	7794	269	7525
1287	7913	279	7634
1288	7893	273	7620
1289	7800	276	7524
1290	7719	279	7440
1291	7780	284	7496
1292	7749	273	7476
1293	7723	273	7450
1294	7765	283	7482
1295	7855	277	7578
1296	7877	272	7605
1297	7829	273	7556
1298	7766	268	7498
1299	7744	281	7463
1300	7700	287	7413
1301	7718	279	7439
1302	7726	277	7449
1303	7679	281	7398
1304	7727	278	7449
1305	7792	267	7525
1306	7803	270	7533
1307	7723	281	7442
1308	7645	279	7366
1309	7743	276	7467
1310	7736	280	7456
1311	7746	273	7473
1312	7706	281	7425
1313	7693	290	7403
1314	7738	276	7462
1315	7779	273	7506
1316	7613	277	7336
1317	7635	277	7358
1318	7671	274	7397
1319	7653	279	7374
1320	7565	274	7291
1321	7617	282	7335
1322	7557	278	7279
1323	7559	281	7278
1324	7630	280	7350
1325	7573	271	7302
1326	7577	273	7304
1327	7589	280	7309
1328	7543	273	7270
1329	7479	276	7203
1330	7458	278	7180
1331	7479	280	7199
1332	7412	280	7132
1333	7415	281	7134
1334	7451	278	7173
1335	7425	280	7145
1336	7402	272	7130
1337	7474	274	7200
1338	7443	271	7172
1339	7368	272	7096
1340	7287	283	7004
1341	7308	279	7029
1342	7296	268	7028
1343	7256	275	6981
1344	7234	275	6959
1345	7229	274	6955
1346	7176	272	6904
1347	7143	273	6870
1348	7261	270	6991
1349	7266	279	6987
1350	7178	275	6903
1351	7181	271	6910
1352	7124	271	6853
1353	7039	278	6761
1354	7026	273	6753
1355	7055	271	6784
1356	6983	273	6710
1357	6935	271	6664
1358	6993	276	6717
1359	6949	276	6673
1360	6858	275	6583
1361	6880	280	6600
1362	6847	273	6574
1363	6810	271	6539
1364	6807	284	6523
1365	6794	279	6515
1366	6806	269	6537
1367	6800	273	6527
1368	6756	278	6478
1369	6746	279	6467
1370	6674	270	6404
1371	6671	276	6395
1372	6663	280	6383
1373	6587	282	6305
1374	6558	285	6273
1375	6610	287	6323
1376	6568	287	6281
1377	6529	281	6248
1378	6512	276	6236
1379	6435	280	6155
1380	6400	286	6114
1381	6469	279	6190
1382	6464	281	6183
1383	6437	282	6155
1384	6367	272	6095
1385	6359	274	6085
1386	6425	273	6152
1387	6425	266	6159
1388	6344	278	6066
1389	6272	280	5992
1390	6288	268	6020
1391	6332	281	6051
1392	6263	276	5987
1393	6205	277	5928
1394	6232	284	5948
1395	6234	278	5956
1396	6283	278	6005
1397	6223	282	5941
1398	6154	283	5871
1399	6154	278	5876
1400	6138	272	5866
1401	6116	271	5845
1402	6069	268	5801
1403	6110	272	5838
1404	6096	277	5819
1405	6011	281	5730
1406	5936	269	5667
1407	6009	280	5729
1408	5906	282	5624
1409	5904	272	5632
1410	5942	265	5677
1411	5878	271	5607
1412	5829	271	5558
1413	5853	285	5568
1414	5833	293	5540
1415	5811	283	5528
1416	5765	269	5496
1417	5741	266	5475
1418	5708	266	5442
1419	5728	273	5455
1420	5720	276	5444
1421	5688	275	5413
1422	5615	272	5343
1423	5626	277	5349
1424	5673	274	5399
1425	5700	278	5422
1426	5652	286	5366
1427	5631	285	5346
1428	5596	280	5316
1429	5561	273	5288
1430	5578	275	5303
1431	5643	278	5365
1432	5619	273	5346
1433	5625	275	5350
1434	5580	270	5310
1435	5557	271	5286
1436	5489	276	5213
1437	5523	280	5243
1438	5506	276	5230
1439	5488	280	5208
1440	5493	276	5217
1441	5454	266	5188
1442	5441	270	5171
1443	5434	276	5158
1444	5420	280	5140
1445	5417	278	5139
1446	5349	270	5079
1447	5366	276	5090
1448	5386	276	5110
1449	5299	279	5020
1450	5324	282	5042
1451	5363	281	5082
1452	5283	281	5002
1453	5314	284	5030
1454	5347	285	5062
1455	5327	284	5043
1456	5279	286	4993
1457	5243	275	4968
1458	5196	272	4924
1459	5205	288	4917
1460	5231	277	4954
1461	5248	276	4972
1462	5236	286	4950
1463	5198	287	4911
1464	5140	276	4864
1465	5220	275	4945
1466	5164	283	4881
1467	5155	278	4877
1468	5233	262	4971
1469	5259	278	4981
1470	5189	272	4917
1471	5157	283	4874
1472	5157	272	4885
1473	5104	278	4826
1474	5043	280	4763
1475	5098	279	4819
1476	5138	282	4856
1477	5117	278	4839
1478	5109	276	4833
1479	5116	277	4839
1480	5090	276	4814
1481	5098	277	4821
1482	5050	290	4760
1483	5012	286	4726
1484	5079	281	4798
1485	5073	283	4790
1486	5042	283	4759
1487	4987	287	4700
1488	4981	274	4707
1489	5060	267	4793
1490	4994	267	4727
1491	4981	283	4698
1492	4994	282	4712
1493	4990	281	4709
1494	4982	286	4696
1495	5002	275	4727
1496	4965	270	4695
1497	4951	272	4679
1498	5003	286	4717
1499	5019	296	4723
1500	5020	278	4742
1501	5051	274	4777
1502	5000	272	4728
1503	4968	270	4698
1504	4991	279	4712
1505	5020	278	4742
1506	4970	265	4705
1507	4922	270	4652
1508	4946	282	4664
1509	5025	292	4733
1510	5053	288	4765
1511	5018	279	4739
1512	4915	278	4637
1513	4942	286	4656
1514	5029	288	4741
1515	4988	286	4702
1516	4918	284	4634
1517	4934	276	4658
1518	4949	282	4667
1519	4980	289	4691
1520	4984	283	4701
1521	4984	278	4706
1522	4987	273	4714
1523	4964	275	4689
1524	5003	278	4725
1525	5033	280	4753
1526	4995	280	4715
1527	4973	284	4689
1528	4993	287	4706
1529	5024	287	4737
1530	4948	283	4665
1531	4994	281	4713
1532	5024	275	4749
1533	4992	281	4711
1534	4952	282	4670
1535	5010	281	4729
1536	4996	278	4718
1537	4909	278	4631
1538	4878	280	4598
1539	4963	278	4685
1540	4959	278	4681
1541	4975	277	4698
1542	4945	276	4669
1543	5007	285	4722
1544	4989	291	4698
1545	4912	279	4633
1546	4946	274	4672
1547	5002	280	4722
1548	4997	272	4725
1549	4944	270	4674
1550	4931	267	4664
1551	4990	269	4721
1552	4963	270	4693
1553	4900	271	4629
1554	4931	270	4661
1555	4996	270	4726
1556	4932	272	4660
1557	4969	279	4690
1558	5025	277	4748
1559	4968	277	4691
1560	4916	275	4641
1561	4932	281	4651
1562	4926	280	4646
1563	4874	283	4591
1564	4877	282	4595
1565	4929	274	4655
1566	4971	276	4695
1567	4923	278	4645
1568	4965	279	4686
1569	4941	280	4661
1570	4912	288	4624
1571	4881	291	4590
1572	4827	288	4539
1573	4846	284	4562
1574	4889	285	4604
1575	4863	282	4581
1576	4812	282	4530
1577	4800	290	4510
1578	4851	293	4558
1579	4923	292	4631
1580	4858	280	4578
1581	4804	280	4524
1582	4808	288	4520
1583	4779	286	4493
1584	4769	275	4494
1585	4775	276	4499
1586	4772	275	4497
1587	4801	279	4522
1588	4834	282	4552
1589	4856	277	4579
1590	4767	273	4494
1591	4752	282	4470
1592	4775	285	4490
1593	4744	272	4472
1594	4765	270	4495
1595	4751	278	4473
1596	4697	280	4417
1597	4710	283	4427
1598	4680	273	4407
1599	4694	281	4413
1600	4709	282	4427
1601	4696	277	4419
1602	4695	284	4411
1603	4680	284	4396
1604	4700	276	4424
1605	4640	278	4362
1606	4610	284	4326
1607	4611	285	4326
1608	4663	280	4383
1609	4671	282	4389
1610	4583	277	4306
1611	4605	295	4310
1612	4602	291	4311
1613	4547	291	4256
1614	4520	288	4232
1615	4546	288	4258
1616	4531	278	4253
1617	4482	283	4199
1618	4489	291	4198
1619	4494	288	4206
1620	4501	280	4221
1621	4433	287	4146
1622	4408	285	4123
1623	4447	287	4160
1624	4425	290	4135
1625	4413	289	4124
1626	4470	280	4190
1627	4496	274	4222
1628	4382	277	4105
1629	4400	282	4118
1630	4350	280	4070
1631	4359	285	4074
1632	4314	283	4031
1633	4331	283	4048
1634	4366	282	4084
1635	4337	280	4057
1636	4263	276	3987
1637	4280	281	3999
1638	4270	286	3984
1639	4159	279	3880
1640	4156	277	3879
1641	4253	290	3963
1642	4210	282	3928
1643	4149	276	3873
1644	4135	277	3858
1645	4085	284	3801
1646	4161	289	3872
1647	4170	285	3885
1648	4178	287	3891
1649	4135	280	3855
1650	4027	276	3751
1651	4001	282	3719
1652	4055	285	3770
1653	4022	282	3740
1654	4035	279	3756
1655	4028	285	3743
1656	3952	278	3674
1657	3939	282	3657
1658	3965	281	3684
1659	3943	285	3658
1660	3880	291	3589
1661	3897	286	3611
1662	3891	282	3609
1663	3869	282	3587
1664	3857	273	3584
1665	3840	278	3562
1666	3810	282	3528
1667	3781	277	3504
1668	3745	279	3466
1669	3766	289	3477
1670	3810	280	3530
1671	3729	273	3456
1672	3638	282	3356
1673	3631	287	3344
1674	3687	279	3408
1675	3661	286	3375
1676	3608	280	3328
1677	3600	284	3316
1678	3586	279	3307
1679	3572	277	3295
1680	3568	281	3287
1681	3551	274	3277
1682	3561	267	3294
1683	3534	274	3260
1684	3495	286	3209
1685	3460	288	3172
1686	3414	283	3131
1687	3452	281	3171
1688	3503	294	3209
1689	3446	299	3147
1690	3370	294	3076
1691	3348	277	3071
1692	3337	274	3063
1693	3340	281	3059
1694	3348	272	3076
1695	3281	271	3010
1696	3214	278	2936
1697	3263	286	2977
1698	3277	278	2999
1699	3259	274	2985
1700	3194	274	2920
1701	3155	285	2870
1702	3168	283	2885
1703	3156	284	2872
1704	3155	283	2872
1705	3096	277	2819
1706	3019	281	2738
1707	3005	277	2728
1708	3014	282	2732
1709	3028	291	2737
1710	3034	284	2750
1711	2999	286	2713
1712	2957	282	2675
1713	2974	279	2695
1714	2934	284	2650
1715	2909	276	2633
1716	2897	275	2622
1717	2912	284	2628
1718	2854	268	2586
1719	2820	298	2522
1720	2778	286	2492
1721	2807	274	2533
1722	2782	281	2501
1723	2696	285	2411
1724	2732	286	2446
1725	2728	283	2445
1726	2656	274	2382
1727	2650	268	2382
1728	2657	277	2380
1729	2665	276	2389
1730	2637	277	2360
1731	2655	282	2373
1732	2666	279	2387
1733	2617	279	2338
1734	2600	287	2313
1735	2600	285	2315
1736	2576	272	2304
1737	2552	272	2280
1738	2537	280	2257
1739	2555	286	2269
1740	2512	281	2231
1741	2463	278	2185
1742	2443	277	2166
1743	2445	273	2172
1744	2431	272	2159
1745	2423	276	2147
1746	2338	274	2064
1747	2329	272	2057
1748	2355	274	2081
1749	2343	283	2060
1750	2337	281	2056
1751	2273	280	1993
1752	2277	277	2000
1753	2289	281	2008
1754	2219	279	1940
1755	2213	278	1935
1756	2236	281	1955
1757	2197	275	1922
1758	2178	276	1902
1759	2190	278	1912
1760	2164	284	1880
1761	2135	287	1848
1762	2114	282	1832
1763	2097	289	1808
1764	2099	284	1815
1765	2055	280	1775
1766	2110	281	1829
1767	2103	280	1823
1768	2068	272	1796
1769	2005	272	1733
1770	2025	281	1744
1771	2003	289	1714
1772	1980	285	1695
1773	2006	284	1722
1774	1974	285	1689
1775	1971	280	1691
1776	1970	278	1692
1777	1940	287	1653
1778	1938	286	1652
1779	1915	286	1629
1780	1907	285	1622
1781	1872	286	1586
1782	1862	280	1582
1783	1844	279	1565
1784	1844	276	1568
1785	1807	276	1531
1786	1795	285	1510
1787	1802	289	1513
1788	1784	284	1500
1789	1797	277	1520
1790	1761	278	1483
1791	1759	281	1478
1792	1740	279	1461
1793	1725	279	1446
1794	1699	287	1412
1795	1729	285	1444
1796	1736	278	1458
1797	1726	286	1440
1798	1716	284	1432
1799	1697	281	1416
1800	1662	266	1396
1801	1660	272	1388
1802	1640	277	1363
1803	1624	275	1349
1804	1602	274	1328
1805	1621	281	1340
1806	1616	278	1338
1807	1616	275	1341
1808	1595	267	1328
1809	1596	272	1324
1810	1568	278	1290
1811	1554	277	1277
1812	1520	282	1238
1813	1502	290	1212
1814	1491	293	1198
1815	1503	292	1211
1816	1490	282	1208
1817	1455	283	1172
1818	1458	285	1173
1819	1466	273	1193
1820	1464	273	1191
1821	1525	283	1242
1822	1536	278	1258
1823	1509	278	1231
1824	1471	286	1185
1825	1468	281	1187
1826	1457	276	1181
1827	1438	276	1162
1828	1431	282	1149
1829	1433	284	1149
1830	1397	277	1120
1831	1422	283	1139
1832	1413	283	1130
1833	1396	277	1119
1834	1407	270	1137
1835	1392	278	1114
1836	1418	285	1133
1837	1410	271	1139
1838	1341	269	1072
1839	1342	278	1064
1840	1371	285	1086
1841	1358	285	1073
1842	1374	277	1097
1843	1316	278	1038
1844	1264	275	989
1845	1293	275	1018
1846	1281	276	1005
1847	1276	277	999
1848	1297	270	1027
1849	1291	270	1021
1850	1300	272	1028
1851	1332	277	1055
1852	1309	286	1023
1853	1285	283	1002
1854	1261	276	985
1855	1254	273	981
1856	1287	269	1018
1857	1282	270	1012
1858	1269	282	987
1859	1248	280	968
1860	1270	272	998
1861	1271	276	995
1862	1247	282	965
1863	1270	283	987
1864	1264	276	988
1865	1233	274	959
1866	1233	274	959
1867	1230	280	950
1868	1221	280	941
1869	1259	282	977
1870	1260	277	983
1871	1244	271	973
1872	1244	277	967
1873	1229	285	944
1874	1185	282	903
1875	1201	279	922
1876	1277	275	1002
1877	1219	288	931
1878	1175	288	887
1879	1190	280	910
1880	1175	275	900
1881	1179	275	904
1882	1197	279	918
1883	1163	281	882
1884	1153	280	873
1885	1136	279	857
1886	1133	284	849
1887	1144	288	856
1888	1164	283	881
1889	1181	280	901
1890	1154	274	880
1891	1162	281	881
1892	1167	286	881
1893	1145	289	856
1894	1150	287	863
1895	1154	280	874
1896	1146	271	875
1897	1108	277	831
1898	1124	273	851
1899	1129	271	858
1900	1120	272	848
1901	1133	270	863
1902	1130	282	848
1903	1124	290	834
1904	1122	280	842
1905	1105	287	818
1906	1123	290	833
1907	1101	276	825
1908	1083	281	802
1909	1078	282	796
1910	1090	283	807
1911	1103	284	819
1912	1076	283	793
1913	1061	286	775
1914	1053	280	773
1915	1059	276	783
1916	1043	278	765
1917	1049	283	766
1918	1059	286	773
1919	1063	287	776
1920	1052	280	772
1921	1050	280	770
1922	1034	274	760
1923	1032	278	754
1924	1040	283	757
1925	1030	284	746
1926	1025	284	741
1927	1032	285	747
1928	1025	278	747
1929	1034	273	761
1930	1022	282	740
1931	1006	281	725
1932	997	277	720
1933	998	282	716
1934	989	287	702
1935	1001	284	717
1936	1031	279	752
1937	1005	276	729
1938	987	287	700
1939	990	290	700
1940	969	277	692
1941	952	282	670
1942	953	294	659
1943	949	285	664
1944	948	275	673
1945	960	279	681
1946	968	276	692
1947	965	278	687
1948	917	279	638
1949	929	290	639
1950	940	285	655
1951	932	269	663
1952	923	266	657
1953	906	279	627
1954	886	289	597
1955	903	286	617
1956	906	277	629
1957	891	276	615
1958	888	279	609
1959	894	283	611
1960	902	279	623
1961	921	270	651
1962	876	274	602
1963	860	281	579
1964	864	283	581
1965	864	280	584
1966	858	280	578
1967	855	285	570
1968	850	271	579
1969	840	291	549
1970	819	274	545
1971	818	270	548
1972	844	272	572
1973	841	276	565
1974	842	278	564
1975	841	283	558
1976	830	285	545
1977	814	277	537
1978	803	282	521
1979	801	281	520
1980	827	284	543
1981	811	289	522
1982	779	286	493
1983	773	286	487
1984	790	280	510
1985	810	275	535
1986	767	278	489
1987	785	287	498
1988	786	279	507
1989	771	284	487
1990	764	291	473
1991	746	285	461
1992	744	276	468
1993	737	272	465
1994	732	274	458
1995	707	281	426
1996	722	282	440
1997	720	279	441
1998	723	280	443
1999	748	281	467
2000	730	282	448
2001	731	281	450
2002	713	280	433
2003	719	282	437
2004	709	281	428
2005	701	284	417
2006	708	283	425
2007	690	281	409
2008	645	279	366
2009	642	281	361
2010	651	274	377
2011	668	277	391
2012	663	281	382
2013	675	280	395
2014	682	278	404
2015	686	279	407
2016	680	284	396
2017	665	289	376
2018	629	281	348
2019	637	275	362
2020	627	280	347
2021	629	284	345
2022	647	280	367
2023	633	270	363
2024	613	267	346
2025	600	270	330
2026	621	270	351
2027	607	281	326
2028	582	288	294
2029	602	277	325
2030	601	272	329
2031	600	288	312
2032	587	289	298
2033	578	290	288
2034	586	279	307
2035	598	275	323
2036	560	285	275
2037	559	285	274
2038	563	279	284
2039	555	288	267
2040	578	288	290
2041	566	283	283
2042	538	280	258
2043	534	279	255
2044	555	280	275
2045	573	279	294
2046	561	276	285
2047	557	277	280
2048	529	278	251
2049	507	279	228
2050	520	280	240
2051	524	283	241
2052	536	283	253
2053	542	291	251
2054	521	280	241
2055	524	283	241
2056	519	280	239
2057	525	277	248
2058	517	278	239
2059	530	278	252
2060	509	274	235
2061	494	285	209
2062	506	285	221
2063	509	281	228
2064	517	272	245
2065	524	266	258
2066	509	274	235
2067	501	283	218
2068	504	290	214
2069	509	285	224
2070	489	280	209
2071	512	279	233
2072	494	284	210
2073	478	291	187
2074	491	286	205
2075	498	286	212
2076	471	288	183
2077	458	285	173
2078	459	284	175
2079	440	283	157
2080	422	271	151
2081	453	279	174
2082	468	288	180
2083	459	283	176
2084	459	275	184
2085	476	284	192
2086	463	285	178
2087	439	278	161
2088	454	265	189
2089	448	277	171
2090	456	281	175
2091	461	277	184
2092	446	269	177
2093	481	276	205
2094	480	282	198
2095	452	284	168
2096	435	285	150
2097	432	280	152
2098	422	278	144
2099	421	285	136
2100	442	285	157
2101	436	278	158
2102	427	276	151
2103	449	278	171
2104	428	274	154
2105	440	284	156
2106	443	281	162
2107	438	278	160
2108	403	274	129
2109	399	269	130
2110	414	272	142
2111	434	274	160
2112	444	283	161
2113	420	279	141
2114	417	278	139
2115	423	274	149
2116	407	274	133
2117	410	276	134
2118	409	282	127
2119	395	278	117
2120	413	281	132
2121	425	281	144
2122	434	280	154
2123	430	291	139
2124	418	286	132
2125	425	272	153
2126	424	272	152
2127	430	280	150
2128	441	278	163
2129	443	276	167
2130	413	274	139
2131	406	280	126
2132	429	274	155
2133	455	279	176
2134	439	279	160
2135	422	278	144
2136	433	281	152
2137	432	283	149
2138	409	281	128
2139	409	279	130
2140	420	282	138
2141	418	275	143
2142	405	273	132
2143	430	277	153
2144	422	277	145
2145	404	280	124
2146	409	276	133
2147	409	278	131
2148	400	279	121
2149	422	282	140
2150	412	287	125
2151	403	284	119
2152	394	274	120
2153	412	274	138
2154	417	279	138
2155	393	288	105
2156	399	279	120
2157	412	278	134
2158	394	295	99
2159	396	281	115
2160	388	272	116
2161	402	277	125
2162	420	273	147
2163	410	278	132
2164	393	283	110
2165	386	287	99
2166	389	281	108
2167	376	277	99
2168	394	280	114
2169	410	277	133
2170	416	285	131
2171	415	282	133
2172	400	284	116
2173	407	277	130
2174	408	280	128
2175	392	281	111
2176	390	273	117
2177	400	272	128
2178	412	284	128
2179	399	280	119
2180	387	274	113
2181	391	276	115
2182	386	285	101
2183	404	289	115
2184	407	280	127
2185	411	280	131
2186	409	281	128
2187	396	278	118
2188	409	273	136
2189	403	278	125
2190	385	282	103
2191	399	285	114
2192	395	281	114
2193	376	277	99
2194	395	282	113
2195	396	281	115
2196	409	279	130
2197	419	281	138
2198	397	274	123
2199	374	270	104
2200	374	274	100
2201	412	285	127
2202	398	285	113
2203	401	284	117
2204	406	280	126
2205	415	277	138
2206	413	278	135
2207	385	278	107
2208	386	278	108
2209	419	277	142
2210	404	278	126
2211	387	286	101
2212	398	275	123
2213	394	274	120
2214	390	279	111
2215	409	278	131
2216	384	280	104
2217	378	280	98
2218	375	264	111
2219	387	288	99
2220	371	280	91
2221	389	281	108
2222	386	273	113
2223	399	279	120
2224	398	280	118
2225	390	271	119
2226	401	280	121
2227	399	283	116
2228	354	280	74
2229	363	276	87
2230	386	276	110
2231	396	276	120
2232	386	277	109
2233	364	273	91
2234	393	278	115
2235	415	287	128
2236	381	287	94
2237	388	292	96
2238	388	283	105
2239	381	280	101
2240	380	281	99
2241	395	290	105
2242	376	288	88
2243	380	276	104
2244	364	275	89
2245	377	277	100
2246	385	279	106
2247	369	280	89
2248	384	275	109
2249	386	283	103
2250	372	285	87
2251	381	274	107
2252	389	269	120
2253	380	275	105
2254	374	270	104
2255	377	269	108
2256	374	279	95
2257	386	281	105
2258	383	280	103
2259	361	276	85
2260	372	283	89
2261	384	277	107
2262	370	274	96
2263	397	292	105
2264	389	285	104
2265	377	283	94
2266	380	270	110
2267	386	274	112
2268	357	281	76
2269	359	273	86
2270	369	270	99
2271	373	273	100
2272	378	282	96
2273	393	285	108
2274	369	280	89
2275	384	283	101
2276	377	287	90
2277	372	287	85
2278	384	285	99
2279	383	272	111
2280	367	275	92
2281	374	275	99
2282	399	281	118
2283	400	285	115
2284	370	282	88
2285	377	287	90
2286	370	285	85
2287	376	279	97
2288	398	286	112
2289	392	282	110
2290	395	275	120
2291	392	274	118
2292	377	283	94
2293	397	285	112
2294	410	284	126
2295	401	296	105
2296	392	288	104
2297	388	280	108
2298	389	279	110
2299	379	286	93
2300	365	277	88
2301	364	275	89
2302	378	274	104
2303	403	283	120
2304	416	282	134
2305	400	278	122
2306	371	288	83
2307	382	289	93
2308	374	280	94
2309	377	279	98
2310	380	288	92
2311	389	280	109
2312	383	270	113
2313	400	275	125
2314	402	275	127
2315	411	281	130
2316	416	281	135
2317	404	286	118
2318	413	283	130
2319	419	286	133
2320	415	284	131
2321	400	278	122
2322	387	271	116
2323	417	276	141
2324	402	277	125
2325	388	278	110
2326	398	277	121
2327	421	267	154
2328	409	271	138
2329	392	281	111
2330	385	279	106
2331	394	279	115
2332	388	280	108
2333	405	275	130
2334	424	270	154
2335	439	275	164
2336	407	274	133
2337	411	272	139
2338	408	275	133
2339	426	276	150
2340	416	277	139
2341	419	281	138
2342	445	287	158
2343	425	278	147
2344	417	277	140
2345	428	279	149
2346	437	271	166
2347	443	277	166
2348	453	276	177
2349	451	281	170
2350	443	279	164
2351	470	279	191
2352	467	283	184
2353	464	281	183
2354	461	269	192
2355	450	271	179
2356	450	281	169
2357	469	283	186
2358	477	283	194
2359	477	280	197
2360	464	271	193
2361	515	270	245
2362	510	268	242
2363	487	271	216
2364	503	271	232
2365	512	280	232
2366	519	283	236
2367	501	269	232
2368	503	271	232
2369	517	279	238
2370	505	267	238
2371	538	270	268
2372	569	275	294
2373	549	282	267
2374	558	289	269
2375	573	274	299
2376	540	275	265
2377	543	287	256
2378	568	290	278
2379	595	285	310
2380	595	276	319
2381	609	282	327
2382	601	278	323
2383	616	275	341
2384	593	277	316
2385	603	282	321
2386	613	280	333
2387	663	275	388
2388	687	275	412
2389	674	276	398
2390	663	276	387
2391	711	280	431
2392	707	278	429
2393	704	272	432
2394	712	276	436
2395	744	288	456
2396	757	287	470
2397	759	287	472
2398	737	283	454
2399	758	272	486
2400	798	269	529
2401	805	275	530
2402	790	277	513
2403	810	282	528
2404	879	285	594
2405	856	290	566
2406	839	285	554
2407	878	272	606
2408	901	268	633
2409	925	279	646
2410	925	281	644
2411	924	276	648
2412	923	270	653
2413	935	276	659
2414	915	282	633
2415	930	284	646
2416	975	280	695
2417	1006	278	728
2418	999	280	719
2419	1033	283	750
2420	1046	286	760
2421	1050	286	764
2422	1045	277	768
2423	1052	272	780
2424	1054	267	787
2425	1108	274	834
2426	1109	277	832
2427	1153	285	868
2428	1172	285	887
2429	1167	280	887
2430	1187	275	912
2431	1221	268	953
2432	1246	265	981
2433	1248	272	976
2434	1216	276	940
2435	1238	273	965
2436	1259	281	978
2437	1307	272	1035
2438	1369	262	1107
2439	1364	266	1098
2440	1341	279	1062
2441	1361	271	1090
2442	1383	270	1113
2443	1443	280	1163
2444	1462	274	1188
2445	1457	273	1184
2446	1490	276	1214
2447	1522	280	1242
2448	1497	283	1214
2449	1484	282	1202
2450	1507	283	1224
2451	1549	286	1263
2452	1583	285	1298
2453	1584	285	1299
2454	1621	290	1331
2455	1661	288	1373
2456	1697	283	1414
2457	1719	291	1428
2458	1722	281	1441
2459	1740	274	1466
2460	1744	284	1460
2461	1789	284	1505
2462	1805	286	1519
2463	1831	288	1543
2464	1824	278	1546
2465	1845	281	1564
2466	1915	282	1633
2467	1913	282	1631
2468	1913	267	1646
2469	2011	290	1721
2470	1982	277	1705
2471	1924	283	1641
2472	1949	286	1663
2473	1976	285	1691
2474	1991	276	1715
2475	2026	278	1748
2476	2058	276	1782
2477	2090	280	1810
2478	2107	282	1825
2479	2147	283	1864
2480	2171	286	1885
2481	2184	290	1894
2482	2179	280	1899
2483	2228	274	1954
2484	2229	274	1955
2485	2215	276	1939
2486	2259	282	1977
2487	2298	279	2019
2488	2300	276	2024
2489	2349	278	2071
2490	2386	272	2114
2491	2382	279	2103
2492	2376	278	2098
2493	2403	282	2121
2494	2442	283	2159
2495	2483	282	2201
2496	2465	285	2180
2497	2515	288	2227
2498	2534	271	2263
2499	2547	275	2272
2500	2528	270	2258
2501	2549	278	2271
2502	2596	282	2314
2503	2618	279	2339
2504	2597	284	2313
2505	2613	281	2332
2506	2677	276	2401
2507	2704	267	2437
2508	2665	274	2391
2509	2753	286	2467
2510	2726	273	2453
2511	2726	269	2457
2512	2747	267	2480
2513	2759	276	2483
2514	2822	276	2546
2515	2804	279	2525
2516	2841	276	2565
2517	2869	280	2589
2518	2880	288	2592
2519	2886	286	2600
2520	2938	268	2670
2521	2950	269	2681
2522	2922	276	2646
2523	2945	283	2662
2524	2962	290	2672
2525	3010	286	2724
2526	3026	279	2747
2527	3011	274	2737
2528	3000	270	2730
2529	3015	282	2733
2530	3089	277	2812
2531	3060	274	2786
2532	3039	282	2757
2533	3075	289	2786
2534	3128	282	2846
2535	3185	282	2903
2536	3173	276	2897
2537	3204	269	2935
2538	3280	280	3000
2539	3265	289	2976
2540	3278	285	2993
2541	3293	274	3019
2542	3260	270	2990
2543	3276	276	3000
2544	3311	276	3035
2545	3320	281	3039
2546	3339	281	3058
2547	3371	284	3087
2548	3327	279	3048
2549	3271	271	3000
2550	3351	275	3076
2551	3388	279	3109
2552	3384	276	3108
2553	3375	277	3098
2554	3333	280	3053
2555	3390	279	3111
2556	3419	282	3137
2557	3398	278	3120
2558	3445	273	3172
2559	3415	273	3142
2560	3393	283	3110
2561	3429	290	3139
2562	3440	281	3159
2563	3486	282	3204
2564	3483	283	3200
2565	3480	283	3197
2566	3523	283	3240
2567	3581	292	3289
2568	3576	292	3284
2569	3590	288	3302
2570	3625	273	3352
2571	3627	271	3356
2572	3624	279	3345
2573	3638	284	3354
2574	3621	277	3344
2575	3613	279	3334
2576	3632	275	3357
2577	3588	281	3307
2578	3623	282	3341
2579	3639	276	3363
2580	3608	269	3339
2581	3669	273	3396
2582	3697	274	3423
2583	3693	279	3414
2584	3709	280	3429
2585	3756	274	3482
2586	3789	273	3516
2587	3761	281	3480
2588	3780	281	3499
2589	3817	284	3533
2590	3791	283	3508
2591	3734	280	3454
2592	3715	281	3434
2593	3728	284	3444
2594	3745	279	3466
2595	3727	282	3445
2596	3728	273	3455
2597	3777	277	3500
2598	3787	279	3508
2599	3836	282	3554
2600	3862	277	3585
2601	3859	268	3591
2602	3847	277	3570
2603	3852	278	3574
2604	3908	282	3626
2605	3895	288	3607
2606	3830	281	3549
2607	3870	275	3595
2608	3879	272	3607
2609	3845	278	3567
2610	3853	281	3572
2611	3861	280	3581
2612	3866	273	3593
2613	3910	275	3635
2614	3901	281	3620
2615	3917	277	3640
2616	3945	280	3665
2617	3883	281	3602
2618	3894	277	3617
2619	3996	279	3717
2620	3981	284	3697
2621	3900	282	3618
2622	3963	280	3683
2623	3982	276	3706
2624	3886	274	3612
2625	3882	268	3614
2626	3897	278	3619
2627	3945	286	3659
2628	4015	281	3734
2629	4003	283	3720
2630	3997	281	3716
2631	3968	286	3682
2632	3902	282	3620
2633	3902	279	3623
2634	4011	283	3728
2635	4097	280	3817
2636	4099	279	3820
2637	4057	280	3777
2638	4029	274	3755
2639	4008	273	3735
2640	4045	265	3780
2641	4055	267	3788
2642	3946	267	3679
2643	3988	278	3710
2644	4022	283	3739
2645	4077	287	3790
2646	4121	286	3835
2647	4070	279	3791
2648	4053	279	3774
2649	4064	289	3775
2650	4065	278	3787
2651	4070	270	3800
2652	4075	276	3799
2653	4079	279	3800
2654	4041	283	3758
2655	4123	278	3845
2656	4164	277	3887
2657	4202	279	3923
2658	4148	284	3864
2659	4066	288	3778
2660	4118	277	3841
2661	4109	277	3832
2662	4082	282	3800
2663	4094	293	3801
2664	4105	294	3811
2665	4140	285	3855
2666	4232	276	3956
2667	4244	277	3967
2668	4181	282	3899
2669	4176	277	3899
2670	4147	273	3874
2671	4157	281	3876
2672	4188	288	3900
2673	4239	282	3957
2674	4272	274	3998
2675	4232	278	3954
2676	4157	278	3879
2677	4162	277	3885
2678	4195	279	3916
2679	4216	281	3935
2680	4244	280	3964
2681	4261	285	3976
2682	4261	286	3975
2683	4238	283	3955
2684	4201	279	3922
2685	4206	285	3921
2686	4248	281	3967
2687	4220	279	3941
2688	4281	275	4006
2689	4288	277	4011
2690	4292	273	4019
2691	4288	277	4011
2692	4308	281	4027
2693	4285	279	4006
2694	4250	284	3966
2695	4283	288	3995
2696	4260	289	3971
2697	4287	280	4007
2698	4330	283	4047
2699	4354	274	4080
2700	4297	266	4031
2701	4251	275	3976
2702	4271	287	3984
2703	4308	285	4023
2704	4282	275	4007
2705	4285	283	4002
2706	4307	280	4027
2707	4351	285	4066
2708	4381	290	4091
2709	4337	285	4052
2710	4277	287	3990
2711	4328	288	4040
2712	4378	281	4097
2713	4360	288	4072
2714	4353	289	4064
2715	4356	283	4073
2716	4301	277	4024
2717	4368	277	4091
2718	4420	263	4157
2719	4392	279	4113
2720	4454	274	4180
2721	4416	274	4142
2722	4342	273	4069
2723	4366	283	4083
2724	4382	272	4110
2725	4458	273	4185
2726	4469	281	4188
2727	4382	280	4102
2728	4351	277	4074
2729	4392	278	4114
2730	4396	285	4111
2731	4392	290	4102
2732	4399	290	4109
2733	4452	288	4164
2734	4443	284	4159
2735	4429	283	4146
2736	4407	291	4116
2737	4360	283	4077
2738	4325	280	4045
2739	4376	280	4096
2740	4416	273	4143
2741	4445	276	4169
2742	4444	276	4168
2743	4491	278	4213
2744	4470	276	4194
2745	4425	275	4150
2746	4440	278	4162
2747	4394	276	4118
2748	4431	275	4156
2749	4466	275	4191
2750	4469	286	4183
2751	4491	298	4193
2752	4417	282	4135
2753	4418	285	4133
2754	4432	287	4145
2755	4456	285	4171
2756	4453	290	4163
2757	4448	289	4159
2758	4461	272	4189
2759	4386	274	4112
2760	4401	284	4117
2761	4419	277	4142
2762	4429	283	4146
2763	4414	284	4130
2764	4360	274	4086
2765	4452	273	4179
2766	4466	277	4189
2767	4426	278	4148
2768	4452	277	4175
2769	4507	279	4228
2770	4492	278	4214
2771	4412	283	4129
2772	4400	281	4119
2773	4410	279	4131
2774	4400	277	4123
2775	4405	283	4122
2776	4415	277	4138
2777	4410	283	4127
2778	4432	285	4147
2779	4447	283	4164
2780	4451	281	4170
2781	4435	281	4154
2782	4370	274	4096
2783	4354	282	4072
2784	4414	285	4129
2785	4429	280	4149
2786	4352	285	4067
2787	4364	286	4078
2788	4370	277	4093
2789	4399	282	4117
2790	4381	287	4094
2791	4362	277	4085
2792	4419	272	4147
2793	4422	276	4146
2794	4442	277	4165
2795	4394	282	4112
2796	4365	283	4082
2797	4392	281	4111
2798	4384	281	4103
2799	4386	279	4107
2800	4423	281	4142
2801	4475	278	4197
2802	4453	276	4177
2803	4457	281	4176
2804	4379	287	4092
2805	4365	283	4082
2806	4366	285	4081
2807	4387	288	4099
2808	4412	279	4133
2809	4371	283	4088
2810	4398	283	4115
2811	4415	278	4137
2812	4336	274	4062
2813	4326	282	4044
2814	4360	291	4069
2815	4405	284	4121
2816	4363	264	4099
2817	4371	267	4104
2818	4406	284	4122
2819	4378	279	4099
2820	4368	278	4090
2821	4393	286	4107
2822	4361	288	4073
2823	4390	283	4107
2824	4361	270	4091
2825	4342	275	4067
2826	4322	284	4038
2827	4345	290	4055
2828	4364	284	4080
2829	4367	279	4088
2830	4355	274	4081
2831	4353	274	4079
2832	4347	276	4071
2833	4325	286	4039
2834	4291	282	4009
2835	4329	287	4042
2836	4268	285	3983
2837	4278	291	3987
2838	4303	285	4018
2839	4307	287	4020
2840	4308	292	4016
2841	4276	281	3995
2842	4324	273	4051
2843	4320	273	4047
2844	4282	274	4008
2845	4260	276	3984
2846	4298	272	4026
2847	4319	270	4049
2848	4302	270	4032
2849	4284	276	4008
2850	4292	289	4003
2851	4298	286	4012
2852	4271	274	3997
2853	4230	281	3949
2854	4276	282	3994
2855	4279	278	4001
2856	4315	279	4036
2857	4284	282	4002
2858	4267	282	3985
2859	4225	276	3949
2860	4239	274	3965
2861	4220	277	3943
2862	4244	277	3967
2863	4272	285	3987
2864	4184	283	3901
2865	4145	280	3865
2866	4191	283	3908
2867	4155	286	3869
2868	4142	288	3854
2869	4153	292	3861
2870	4170	286	3884
2871	4190	286	3904
2872	4163	272	3891
2873	4142	273	3869
2874	4165	279	3886
2875	4185	288	3897
2876	4162	279	3883
2877	4121	283	3838
2878	4150	277	3873
2879	4114	262	3852
2880	4170	272	3898
2881	4182	280	3902
2882	4125	292	3833
2883	4084	277	3807
2884	4133	268	3865
2885	4109	278	3831
2886	4082	282	3800
2887	4105	278	3827
2888	4096	278	3818
2889	4035	281	3754
2890	4058	275	3783
2891	4042	287	3755
2892	4084	289	3795
2893	4086	282	3804
2894	4029	278	3751
2895	4033	286	3747
2896	4010	289	3721
2897	3933	286	3647
2898	3885	277	3608
2899	3931	282	3649
2900	3927	292	3635
2901	3886	282	3604
2902	3905	280	3625
2903	3910	280	3630
2904	3960	274	3686
2905	3933	273	3660
2906	3853	272	3581
2907	3833	275	3558
2908	3848	277	3571
2909	3862	280	3582
2910	3868	280	3588
2911	3824	277	3547
2912	3786	278	3508
2913	3734	275	3459
2914	3798	275	3523
2915	3785	277	3508
2916	3765	285	3480
2917	3795	286	3509
2918	3765	280	3485
2919	3717	278	3439
2920	3700	279	3421
2921	3738	287	3451
2922	3720	273	3447
2923	3653	275	3378
2924	3705	273	3432
2925	3708	276	3432
2926	3675	281	3394
2927	3612	285	3327
2928	3584	282	3302
2929	3577	282	3295
2930	3555	280	3275
2931	3601	288	3313
2932	3605	280	3325
2933	3575	274	3301
2934	3570	284	3286
2935	3493	283	3210
2936	3525	279	3246
2937	3548	284	3264
2938	3469	287	3182
2939	3452	275	3177
2940	3401	277	3124
2941	3409	281	3128
2942	3442	273	3169
2943	3406	271	3135
2944	3348	276	3072
2945	3336	280	3056
2946	3348	280	3068
2947	3369	280	3089
2948	3338	275	3063
2949	3333	278	3055
2950	3309	273	3036
2951	3309	270	3039
2952	3247	277	2970
2953	3222	275	2947
2954	3239	273	2966
2955	3215	272	2943
2956	3189	280	2909
2957	3202	279	2923
2958	3190	271	2919
2959	3202	270	2932
2960	3140	279	2861
2961	3121	284	2837
2962	3097	273	2824
2963	3091	280	2811
2964	3071	289	2782
2965	3085	281	2804
2966	3099	279	2820
2967	3050	288	2762
2968	3050	276	2774
2969	3032	283	2749
2970	3012	271	2741
2971	2987	281	2706
2972	2941	287	2654
2973	2905	280	2625
2974	2918	276	2642
2975	2983	271	2712
2976	2964	276	2688
2977	2920	281	2639
2978	2883	267	2616
2979	2944	278	2666
2980	2895	278	2617
2981	2822	283	2539
2982	2866	285	2581
2983	2871	282	2589
2984	2795	279	2516
2985	2756	282	2474
2986	2751	283	2468
2987	2782	276	2506
2988	2818	261	2557
2989	2788	270	2518
2990	2695	271	2424
2991	2655	286	2369
2992	2662	282	2380
2993	2683	271	2412
2994	2714	269	2445
2995	2712	275	2437
2996	2688	278	2410
2997	2664	278	2386
2998	2589	281	2308
2999	2621	294	2327
3000	2641	288	2353
3001	2586	284	2302
3002	2609	285	2324
3003	2612	278	2334
3004	2588	282	2306
3005	2586	279	2307
3006	2588	278	2310
3007	2591	277	2314
3008	2601	276	2325
3009	2536	290	2246
3010	2558	271	2287
3011	2520	277	2243
3012	2468	280	2188
3013	2479	277	2202
3014	2494	277	2217
3015	2472	272	2200
3016	2451	274	2177
3017	2459	279	2180
3018	2490	275	2215
3019	2454	275	2179
3020	2406	283	2123
3021	2372	279	2093
3022	2360	276	2084
3023	2398	284	2114
3024	2410	286	2124
3025	2373	285	2088
3026	2368	279	2089
3027	2365	283	2082
3028	2328	283	2045
3029	2315	276	2039
3030	2321	273	2048
3031	2336	280	2056
3032	2313	274	2039
3033	2306	281	2025
3034	2311	281	2030
3035	2294	279	2015
3036	2245	287	1958
3037	2265	287	1978
3038	2272	278	1994
3039	2270	280	1990
3040	2201	283	1918
3041	2211	285	1926
3042	2241	278	1963
3043	2205	277	1928
3044	2162	282	1880
3045	2169	291	1878
3046	2185	285	1900
3047	2162	282	1880
3048	2168	287	1881
3049	2141	287	1854
3050	2118	282	1836
3051	2090	282	1808
3052	2088	278	1810
3053	2121	273	1848
3054	2121	285	1836
3055	2092	287	1805
3056	2089	274	1815
3057	2093	270	1823
3058	2022	264	1758
3059	2017	264	1753
3060	2046	270	1776
3061	2051	281	1770
3062	2026	281	1745
3063	2057	278	1779
3064	2033	282	1751
3065	2025	287	1738
3066	1985	285	1700
3067	1984	284	1700
3068	2030	275	1755
3069	2041	275	1766
3070	1998	278	1720
3071	1992	278	1714
3072	1971	274	1697
3073	1940	282	1658
3074	1926	288	1638
3075	1959	277	1682
3076	1945	281	1664
3077	1921	283	1638
3078	1934	287	1647
3079	1927	292	1635
3080	1867	285	1582
3081	1879	281	1598
3082	1906	278	1628
3083	1891	283	1608
3084	1897	278	1619
3085	1893	270	1623
3086	1804	282	1522
3087	1805	297	1508
3088	1785	288	1497
3089	1760	290	1470
3090	1767	279	1488
3091	1824	276	1548
3092	1826	279	1547
3093	1780	288	1492
3094	1775	287	1488
3095	1812	285	1527
3096	1804	289	1515
3097	1751	287	1464
3098	1723	274	1449
3099	1733	280	1453
3100	1694	281	1413
3101	1699	279	1420
3102	1714	274	1440
3103	1672	275	1397
3104	1684	278	1406
3105	1670	285	1385
3106	1687	284	1403
3107	1708	281	1427
3108	1618	275	1343
3109	1617	282	1335
3110	1655	277	1378
3111	1646	281	1365
3112	1634	278	1356
3113	1635	274	1361
3114	1601	283	1318
3115	1592	288	1304
3116	1554	282	1272
3117	1566	281	1285
3118	1557	278	1279
3119	1540	280	1260
3120	1558	278	1280
3121	1564	283	1281
3122	1533	287	1246
3123	1489	285	1204
3124	1512	278	1234
3125	1526	278	1248
3126	1495	278	1217
3127	1504	280	1224
3128	1524	270	1254
3129	1505	268	1237
3130	1479	275	1204
3131	1458	285	1173
3132	1438	278	1160
3133	1421	274	1147
3134	1410	271	1139
3135	1452	272	1180
3136	1415	279	1136
3137	1407	285	1122
3138	1398	281	1117
3139	1392	280	1112
3140	1338	291	1047
3141	1313	282	1031
3142	1326	275	1051
3143	1332	282	1050
3144	1316	281	1035
3145	1344	279	1065
3146	1325	284	1041
3147	1326	286	1040
3148	1306	279	1027
3149	1302	276	1026
3150	1307	282	1025
3151	1288	286	1002
3152	1269	284	985
3153	1243	286	957
3154	1248	288	960
3155	1278	278	1000
3156	1272	282	990
3157	1243	284	959
3158	1222	281	941
3159	1227	281	946
3160	1163	282	881
3161	1152	282	870
3162	1161	273	888
3163	1156	282	874
3164	1131	280	851
3165	1131	278	853
3166	1131	282	849
3167	1146	283	863
3168	1100	284	816
3169	1078	283	795
3170	1082	283	799
3171	1101	281	820
3172	1071	284	787
3173	1065	278	787
3174	1093	281	812
3175	1093	286	807
3176	1059	286	773
3177	1051	286	765
3178	1046	289	757
3179	1032	282	750
3180	995	285	710
3181	1011	291	720
3182	1011	282	729
3183	994	278	716
3184	979	277	702
3185	979	279	700
3186	965	276	689
3187	981	274	707
3188	954	277	677
3189	934	279	655
3190	932	274	658
3191	931	273	658
3192	910	277	633
3193	918	283	635
3194	918	278	640
3195	914	284	630
3196	893	286	607
3197	888	287	601
3198	905	282	623
3199	900	274	626
3200	882	281	601
3201	880	289	591
3202	879	278	601
3203	857	284	573
3204	832	287	545
3205	834	287	547
3206	822	283	539
3207	843	284	559
3208	808	279	529
3209	801	284	517
3210	767	279	488
3211	759	281	478
3212	752	288	464
3213	777	280	497
3214	813	277	536
3215	778	288	490
3216	766	275	491
3217	775	279	496
3218	768	277	491
3219	756	303	453
3220	756	285	471
3221	751	287	464
3222	732	295	437
3223	754	293	461
3224	761	281	480
3225	775	277	498
3226	737	285	452
3227	714	288	426
3228	706	283	423
3229	721	286	435
3230	712	279	433
3231	696	281	415
3232	677	285	392
3233	691	279	412
3234	696	282	414
3235	687	288	399
3236	695	288	407
3237	692	274	418
3238	653	274	379
3239	654	274	380
3240	670	280	390
3241	675	284	391
3242	648	281	367
3243	662	277	385
3244	656	278	378
3245	642	286	356
3246	624	283	341
3247	632	279	353
3248	640	282	358
3249	645	279	366
3250	614	278	336
3251	592	291	301
3252	608	292	316
3253	603	285	318
3254	596	284	312
3255	607	273	334
3256	602	282	320
3257	600	284	316
3258	608	278	330
3259	623	280	343
3260	609	273	336
3261	602	278	324
3262	592	287	305
3263	594	278	316
3264	581	273	308
3265	609	279	330
3266	590	279	311
3267	581	283	298
3268	586	281	305
3269	584	288	296
3270	565	278	287
3271	565	277	288
3272	569	285	284
3273	569	286	283
3274	590	281	309
3275	565	288	277
3276	545	288	257
3277	573	284	289
3278	560	276	284
3279	557	277	280
3280	520	277	243
3281	514	276	238
3282	519	267	252
3283	532	272	260
3284	544	274	270
3285	553	273	280
3286	523	272	251
3287	523	283	240
3288	523	284	239
3289	496	285	211
3290	487	284	203
3291	506	285	221
3292	498	285	213
3293	502	282	220
3294	505	277	228
3295	500	282	218
3296	503	279	224
3297	521	287	234
3298	501	278	223
3299	504	279	225
3300	488	285	203
3301	479	283	196
3302	489	282	207
3303	497	278	219
3304	488	276	212
3305	483	283	200
3306	479	277	202
3307	473	281	192
3308	454	273	181
3309	469	262	207
3310	465	268	197
3311	470	275	195
3312	459	277	182
3313	467	278	189
3314	468	275	193
3315	473	279	194
3316	443	279	164
3317	426	286	140
3318	421	283	138
3319	424	280	144
3320	430	278	152
3321	442	281	161
3322	458	283	175
3323	449	279	170
3324	423	284	139
3325	440	283	157
3326	439	281	158
3327	426	277	149
3328	437	282	155
3329	453	288	165
3330	449	281	168
3331	416	285	131
3332	421	277	144
3333	402	282	120
3334	404	282	122
3335	396	279	117
3336	387	287	100
3337	427	282	145
3338	423	278	145
3339	414	280	134
3340	428	282	146
3341	426	285	141
3342	423	280	143
3343	426	286	140
3344	396	285	111
3345	442	291	151
3346	429	287	142
3347	397	279	118
3348	385	273	112
3349	390	279	111
3350	394	286	108
3351	404	282	122
3352	402	286	116
3353	406	285	121
3354	406	282	124
3355	393	281	112
3356	389	283	106
3357	393	294	99
3358	374	287	87
3359	391	288	103
3360	391	286	105
3361	383	286	97
3362	393	282	111
3363	391	284	107
3364	375	283	92
3365	407	288	119
3366	405	285	120
3367	393	279	114
3368	391	289	102
3369	371	290	81
3370	359	283	76
3371	374	286	88
3372	370	278	92
3373	386	287	99
3374	399	285	114
3375	394	282	112
3376	384	280	104
3377	391	279	112
3378	381	285	96
3379	374	291	83
3380	385	289	96
3381	388	290	98
3382	372	288	84
3383	372	281	91
3384	377	274	103
3385	385	284	101
3386	385	282	103
3387	393	287	106
3388	400	286	114
3389	405	280	125
3390	402	284	118
3391	373	283	90
3392	376	279	97
3393	389	283	106
3394	366	287	79
3395	388	282	106
3396	376	276	100
3397	359	273	86
3398	348	280	68
3399	384	295	89
3400	401	288	113
3401	391	275	116
3402	381	270	111
3403	382	280	102
3404	364	276	88
3405	354	281	73
3406	370	286	84
3407	388	283	105
3408	369	276	93
3409	373	277	96
3410	375	289	86
3411	391	290	101
3412	362	281	81
3413	375	277	98
3414	386	274	112
3415	366	275	91
3416	352	270	82
3417	368	265	103
3418	360	260	100
3419	360	263	97
3420	365	271	94
3421	368	281	87
3422	361	282	79
3423	358	275	83
3424	353	279	74
3425	351	272	79
3426	362	274	88
3427	371	281	90
3428	380	279	101
3429	396	276	120
3430	382	275	107
3431	372	275	97
3432	357	277	80
3433	349	280	69
3434	336	288	48
3435	365	288	77
3436	372	279	93
3437	367	283	84
3438	363	285	78
3439	365	280	85
3440	362	282	80
3441	358	273	85
3442	349	274	75
3443	383	273	110
3444	369	277	92
3445	345	276	69
3446	359	284	75
3447	391	290	101
3448	362	275	87
3449	374	275	99
3450	388	281	107
3451	381	281	100
3452	367	286	81
3453	385	285	100
3454	359	281	78
3455	355	286	69
3456	386	279	107
3457	406	281	125
3458	371	282	89
3459	348	289	59
3460	350	289	61
3461	368	289	79
3462	370	277	93
3463	371	283	88
3464	368	294	74
3465	366	289	77
3466	376	279	97
3467	359	286	73
3468	351	272	79
3469	373	290	83
3470	355	277	78
3471	358	275	83
3472	343	287	56
3473	360	285	75
3474	361	279	82
3475	348	281	67
3476	349	285	64
3477	360	287	73
3478	350	282	68
3479	344	284	60
3480	336	275	61
3481	347	280	67
3482	350	280	70
3483	373	271	102
3484	361	275	86
3485	370	281	89
3486	357	283	74
3487	328	280	48
3488	342	281	61
3489	352	273	79
3490	347	270	77
3491	330	282	48
3492	318	277	41
3493	313	278	35
3494	345	279	66
3495	356	277	79
3496	322	270	52
3497	316	269	47
3498	337	280	57
3499	343	286	57
3500	321	276	45
3501	330	274	56
3502	329	276	53
3503	329	272	57
3504	337	274	63
3505	366	281	85
3506	353	282	71
3507	336	284	52
3508	355	279	76
3509	370	276	94
3510	369	276	93
3511	370	272	98
3512	356	271	85
3513	364	279	85
3514	359	272	87
3515	349	274	75
3516	354	290	64
3517	357	291	66
3518	330	280	50
3519	349	284	65
3520	360	275	85
3521	342	273	69
3522	333	279	54
3523	337	278	59
3524	327	282	45
3525	355	293	62
3526	357	284	73
3527	337	283	54
3528	324	282	42
3529	329	283	46
3530	303	280	23
3531	317	281	36
3532	350	282	68
3533	359	270	89
3534	348	273	75
3535	343	278	65
3536	317	280	37
3537	352	284	68
3538	334	277	57
3539	337	282	55
3540	353	287	66
3541	342	285	57
3542	321	279	42
3543	333	273	60
3544	358	273	85
3545	339	282	57
3546	353	282	71
3547	334	286	48
3548	335	274	61
3549	358	269	89
3550	368	269	99
3551	362	278	84
3552	351	277	74
3553	341	285	56
3554	352	289	63
3555	338	282	56
3556	326	283	43
3557	325	281	44
3558	310	280	30
3559	327	278	49
3560	322	285	37
3561	343	286	57
3562	353	271	82
3563	344	279	65
3564	332	283	49
3565	335	285	50
3566	327	277	50
3567	336	281	55
3568	330	280	50
3569	334	280	54
3570	333	282	51
3571	331	280	51
3572	327	273	54
3573	308	279	29
3574	319	281	38
3575	336	281	55
3576	322	289	33
3577	336	288	48
3578	350	280	70
3579	341	285	56
3580	326	285	41
3581	322	287	35
3582	330	290	40
3583	361	280	81
3584	351	283	68
3585	334	281	53
3586	336	272	64
3587	312	279	33
3588	323	284	39
3589	325	288	37
3590	311	280	31
3591	337	289	48
3592	341	288	53
3593	337	280	57
3594	333	276	57
3595	331	284	47
3596	327	297	30
3597	339	289	50
3598	339	275	64
3599	324	282	42
3600	316	277	39
3601	342	276	66
3602	341	282	59
3603	322	283	39
3604	325	284	41
3605	343	286	57
3606	321	297	24
3607	324	299	25
3608	351	280	71
3609	352	276	76
3610	333	283	50
3611	358	288	70
3612	345	277	68
3613	332	274	58
3614	339	279	60
3615	359	280	79
3616	332	286	46
3617	340	287	53
3618	319	291	28
3619	316	288	28
3620	340	281	59
3621	347	286	61
3622	319	278	41
3623	314	281	33
3624	309	280	29
3625	322	279	43
3626	347	288	59
3627	357	293	64
3628	326	288	38
3629	326	281	45
3630	342	278	64
3631	344	279	65
3632	345	275	70
3633	330	276	54
3634	317	274	43
3635	313	275	38
3636	308	268	40
3637	335	279	56
3638	336	288	48
3639	321	291	30
3640	344	281	63
3641	354	277	77
3642	326	281	45
3643	324	275	49
3644	354	277	77
3645	327	290	37
3646	313	285	28
3647	341	278	63
3648	340	272	68
