index	original	background	difference
-----------------------------------------------------
1	537	249	288
2	532	238	294
3	537	236	301
4	572	240	332
5	580	244	336
6	554	252	302
7	584	249	335
8	614	247	367
9	622	254	368
10	594	256	338
11	556	257	299
12	568	245	323
13	592	250	342
14	587	252	335
15	602	255	347
16	584	261	323
17	607	261	346
18	591	258	333
19	570	253	317
20	572	260	312
21	576	253	323
22	589	250	339
23	595	259	336
24	597	261	336
25	615	257	358
26	617	261	356
27	596	266	330
28	601	254	347
29	593	264	329
30	601	265	336
31	608	257	351
32	602	255	347
33	594	267	327
34	619	261	358
35	636	264	372
36	626	271	355
37	654	272	382
38	646	272	374
39	619	263	356
40	611	266	345
41	603	264	339
42	606	270	336
43	623	269	354
44	649	265	384
45	630	269	361
46	603	274	329
47	626	273	353
48	662	267	395
49	658	267	391
50	654	267	387
51	647	269	378
52	642	264	378
53	670	259	411
54	645	267	378
55	656	267	389
56	647	281	366
57	671	278	393
58	672	272	400
59	692	275	417
60	694	269	425
61	663	266	397
62	652	265	387
63	655	275	380
64	675	273	402
65	679	270	409
66	695	270	425
67	670	277	393
68	659	273	386
69	682	280	402
70	681	289	392
71	702	278	424
72	719	280	439
73	696	281	415
74	671	271	400
75	663	268	395
76	705	268	437
77	708	271	437
78	710	274	436
79	726	279	447
80	727	280	447
81	712	274	438
82	713	270	443
83	709	277	432
84	713	273	440
85	729	277	452
86	715	287	428
87	690	283	407
88	698	275	423
89	733	274	459
90	747	268	479
91	756	272	484
92	756	273	483
93	747	261	486
94	720	274	446
95	729	277	452
96	749	274	475
97	772	277	495
98	798	272	526
99	765	271	494
100	748	278	470
101	801	281	520
102	785	272	513
103	782	275	507
104	800	276	524
105	799	277	522
106	822	286	536
107	825	279	546
108	826	272	554
109	819	284	535
110	800	274	526
111	818	276	542
112	811	287	524
113	814	274	540
114	816	272	544
115	835	280	555
116	841	277	564
117	860	276	584
118	840	293	547
119	835	288	547
120	842	269	573
121	840	272	568
122	847	274	573
123	868	287	581
124	866	294	572
125	861	281	580
126	862	281	581
127	849	290	559
128	844	281	563
129	871	279	592
130	886	275	611
131	891	277	614
132	871	279	592
133	876	276	600
134	898	282	616
135	901	279	622
136	905	287	618
137	946	283	663
138	925	278	647
139	917	278	639
140	909	278	631
141	913	280	633
142	927	276	651
143	947	291	656
144	936	288	648
145	935	279	656
146	927	274	653
147	947	277	670
148	955	276	679
149	952	282	670
150	935	278	657
151	976	278	698
152	984	279	705
153	952	287	665
154	979	278	701
155	986	271	715
156	1005	269	736
157	1013	274	739
158	973	279	694
159	979	280	699
160	992	284	708
161	984	277	707
162	1005	279	726
163	1037	279	758
164	1031	276	755
165	1035	279	756
166	1032	283	749
167	1060	286	774
168	1077	287	790
169	1065	292	773
170	1049	283	766
171	1012	288	724
172	1008	275	733
173	1037	269	768
174	1033	277	756
175	1043	288	755
176	1059	281	778
177	1077	282	795
178	1073	285	788
179	1072	281	791
180	1080	280	800
181	1080	280	800
182	1092	279	813
183	1084	285	799
184	1102	285	817
185	1079	279	800
186	1077	282	795
187	1091	286	805
188	1101	280	821
189	1111	283	828
190	1100	279	821
191	1140	281	859
192	1135	280	855
193	1110	279	831
194	1102	284	818
195	1126	283	843
196	1112	284	828
197	1132	277	855
198	1118	281	837
199	1124	283	841
200	1158	287	871
201	1159	288	871
202	1140	276	864
203	1183	282	901
204	1166	289	877
205	1172	286	886
206	1180	281	899
207	1181	282	899
208	1158	279	879
209	1134	279	855
210	1154	281	873
211	1159	283	876
212	1143	278	865
213	1155	276	879
214	1166	274	892
215	1191	268	923
216	1180	275	905
217	1174	284	890
218	1201	267	934
219	1223	290	933
220	1216	274	942
221	1235	272	963
222	1206	276	930
223	1203	281	922
224	1218	285	933
225	1226	280	946
226	1214	280	934
227	1232	284	948
228	1197	281	916
229	1210	274	936
230	1253	285	968
231	1264	275	989
232	1232	274	958
233	1221	285	936
234	1220	286	934
235	1241	286	955
236	1245	278	967
237	1242	277	965
238	1242	270	972
239	1249	275	974
240	1260	276	984
241	1328	280	1048
242	1278	287	991
243	1242	288	954
244	1279	280	999
245	1284	273	1011
246	1292	276	1016
247	1260	287	973
248	1255	283	972
249	1257	280	977
250	1274	281	993
251	1316	279	1037
252	1274	276	998
253	1303	283	1020
254	1347	280	1067
255	1376	278	1098
256	1351	279	1072
257	1321	280	1041
258	1319	282	1037
259	1349	276	1073
260	1338	276	1062
261	1354	279	1075
262	1338	275	1063
263	1336	279	1057
264	1303	276	1027
265	1348	269	1079
266	1353	274	1079
267	1377	280	1097
268	1369	277	1092
269	1383	272	1111
270	1343	272	1071
271	1366	272	1094
272	1355	275	1080
273	1347	279	1068
274	1366	282	1084
275	1369	282	1087
276	1373	283	1090
277	1377	287	1090
278	1381	273	1108
279	1400	276	1124
280	1401	273	1128
281	1409	278	1131
282	1384	280	1104
283	1435	282	1153
284	1486	282	1204
285	1463	288	1175
286	1415	282	1133
287	1436	292	1144
288	1450	293	1157
289	1401	286	1115
290	1408	280	1128
291	1405	274	1131
292	1412	273	1139
293	1451	277	1174
294	1472	276	1196
295	1468	280	1188
296	1427	279	1148
297	1449	277	1172
298	1494	279	1215
299	1524	279	1245
300	1515	280	1235
301	1507	285	1222
302	1523	273	1250
303	1553	274	1279
304	1508	275	1233
305	1475	283	1192
306	1510	285	1225
307	1497	290	1207
308	1516	297	1219
309	1563	280	1283
310	1540	279	1261
311	1522	279	1243
312	1534	282	1252
313	1565	272	1293
314	1531	269	1262
315	1501	276	1225
316	1496	283	1213
317	1517	278	1239
318	1545	280	1265
319	1566	284	1282
320	1537	277	1260
321	1531	281	1250
322	1540	271	1269
323	1566	268	1298
324	1536	269	1267
325	1590	278	1312
326	1599	276	1323
327	1573	275	1298
328	1599	283	1316
329	1627	278	1349
330	1578	280	1298
331	1564	277	1287
332	1579	275	1304
333	1573	284	1289
334	1598	274	1324
335	1590	276	1314
336	1551	283	1268
337	1579	281	1298
338	1607	283	1324
339	1569	284	1285
340	1563	279	1284
341	1640	283	1357
342	1657	279	1378
343	1655	276	1379
344	1638	270	1368
345	1635	268	1367
346	1645	267	1378
347	1700	272	1428
348	1651	271	1380
349	1637	286	1351
350	1645	273	1372
351	1660	270	1390
352	1662	274	1388
353	1677	281	1396
354	1685	277	1408
355	1670	275	1395
356	1669	271	1398
357	1681	273	1408
358	1653	278	1375
359	1638	271	1367
360	1695	264	1431
361	1762	274	1488
362	1783	267	1516
363	1743	268	1475
364	1731	271	1460
365	1764	278	1486
366	1754	281	1473
367	1746	288	1458
368	1742	290	1452
369	1759	290	1469
370	1772	284	1488
371	1757	274	1483
372	1765	273	1492
373	1755	277	1478
374	1761	282	1479
375	1790	281	1509
376	1779	274	1505
377	1837	274	1563
378	1853	279	1574
379	1827	282	1545
380	1823	271	1552
381	1812	288	1524
382	1835	285	1550
383	1828	270	1558
384	1831	264	1567
385	1874	274	1600
386	1874	280	1594
387	1885	280	1605
388	1896	273	1623
389	1902	280	1622
390	1850	286	1564
391	1845	279	1566
392	1876	282	1594
393	1907	279	1628
394	1888	273	1615
395	1909	282	1627
396	1902	278	1624
397	1925	278	1647
398	1930	274	1656
399	1963	286	1677
400	1939	284	1655
401	1959	276	1683
402	1955	278	1677
403	1930	284	1646
404	1934	275	1659
405	1989	273	1716
406	1964	273	1691
407	1984	276	1708
408	2001	273	1728
409	2015	265	1750
410	1993	272	1721
411	2022	281	1741
412	2054	287	1767
413	2020	281	1739
414	2004	279	1725
415	2019	271	1748
416	2024	278	1746
417	2066	282	1784
418	2029	279	1750
419	2033	273	1760
420	2038	271	1767
421	2082	269	1813
422	2070	278	1792
423	2086	286	1800
424	2051	283	1768
425	2098	284	1814
426	2090	287	1803
427	2067	288	1779
428	2077	285	1792
429	2100	283	1817
430	2082	275	1807
431	2094	276	1818
432	2098	281	1817
433	2051	276	1775
434	2093	274	1819
435	2109	281	1828
436	2116	276	1840
437	2119	276	1843
438	2122	282	1840
439	2158	284	1874
440	2158	280	1878
441	2156	286	1870
442	2156	289	1867
443	2176	284	1892
444	2162	277	1885
445	2143	286	1857
446	2116	279	1837
447	2137	283	1854
448	2182	284	1898
449	2179	281	1898
450	2166	282	1884
451	2195	281	1914
452	2194	267	1927
453	2195	278	1917
454	2200	284	1916
455	2202	287	1915
456	2176	282	1894
457	2200	277	1923
458	2222	273	1949
459	2221	277	1944
460	2209	284	1925
461	2195	281	1914
462	2222	279	1943
463	2282	279	2003
464	2286	277	2009
465	2298	281	2017
466	2284	279	2005
467	2326	276	2050
468	2267	263	2004
469	2293	299	1994
470	2294	281	2013
471	2281	281	2000
472	2294	283	2011
473	2277	280	1997
474	2262	279	1983
475	2314	280	2034
476	2263	277	1986
477	2305	274	2031
478	2326	268	2058
479	2356	272	2084
480	2341	278	2063
481	2321	278	2043
482	2324	279	2045
483	2322	284	2038
484	2301	281	2020
485	2306	273	2033
486	2349	271	2078
487	2336	280	2056
488	2321	287	2034
489	2349	289	2060
490	2349	291	2058
491	2347	290	2057
492	2332	283	2049
493	2393	275	2118
494	2416	282	2134
495	2368	288	2080
496	2385	283	2102
497	2372	275	2097
498	2367	272	2095
499	2405	278	2127
500	2394	279	2115
501	2391	279	2112
502	2440	276	2164
503	2420	282	2138
504	2379	282	2097
505	2434	284	2150
506	2452	279	2173
507	2427	285	2142
508	2418	281	2137
509	2427	276	2151
510	2427	275	2152
511	2448	276	2172
512	2444	277	2167
513	2400	280	2120
514	2406	277	2129
515	2420	276	2144
516	2449	277	2172
517	2457	281	2176
518	2480	284	2196
519	2494	287	2207
520	2481	288	2193
521	2485	285	2200
522	2461	283	2178
523	2471	290	2181
524	2462	282	2180
525	2475	273	2202
526	2508	278	2230
527	2512	276	2236
528	2455	278	2177
529	2495	285	2210
530	2504	280	2224
531	2461	280	2181
532	2486	289	2197
533	2494	282	2212
534	2487	270	2217
535	2479	272	2207
536	2479	274	2205
537	2557	290	2267
538	2569	285	2284
539	2500	281	2219
540	2490	281	2209
541	2535	281	2254
542	2560	287	2273
543	2531	283	2248
544	2537	277	2260
545	2572	285	2287
546	2556	276	2280
547	2559	285	2274
548	2562	293	2269
549	2601	285	2316
550	2601	284	2317
551	2555	285	2270
552	2587	285	2302
553	2642	276	2366
554	2617	278	2339
555	2581	282	2299
556	2578	269	2309
557	2602	287	2315
558	2631	284	2347
559	2651	287	2364
560	2634	287	2347
561	2640	283	2357
562	2612	280	2332
563	2657	277	2380
564	2693	282	2411
565	2657	293	2364
566	2656	285	2371
567	2680	280	2400
568	2748	272	2476
569	2689	276	2413
570	2668	282	2386
571	2731	295	2436
572	2741	293	2448
573	2722	289	2433
574	2764	285	2479
575	2751	281	2470
576	2736	282	2454
577	2721	272	2449
578	2745	276	2469
579	2752	267	2485
580	2753	272	2481
581	2766	272	2494
582	2765	274	2491
583	2805	285	2520
584	2841	273	2568
585	2817	274	2543
586	2820	280	2540
587	2856	287	2569
588	2815	279	2536
589	2832	278	2554
590	2871	283	2588
591	2847	283	2564
592	2831	280	2551
593	2865	277	2588
594	2870	278	2592
595	2891	281	2610
596	2953	279	2674
597	2914	281	2633
598	2936	276	2660
599	2914	282	2632
600	2946	284	2662
601	2990	285	2705
602	2990	283	2707
603	2996	281	2715
604	2972	268	2704
605	2962	272	2690
606	3026	270	2756
607	3073	274	2799
608	3061	276	2785
609	3045	281	2764
610	3016	276	2740
611	3037	280	2757
612	3093	284	2809
613	3077	286	2791
614	3060	282	2778
615	3113	275	2838
616	3156	277	2879
617	3142	271	2871
618	3130	267	2863
619	3116	283	2833
620	3129	277	2852
621	3145	284	2861
622	3114	282	2832
623	3151	279	2872
624	3231	286	2945
625	3274	289	2985
626	3253	280	2973
627	3241	281	2960
628	3239	272	2967
629	3266	270	2996
630	3324	272	3052
631	3310	278	3032
632	3350	273	3077
633	3329	277	3052
634	3309	281	3028
635	3349	279	3070
636	3327	274	3053
637	3343	278	3065
638	3356	283	3073
639	3384	292	3092
640	3408	283	3125
641	3428	276	3152
642	3460	272	3188
643	3421	281	3140
644	3483	279	3204
645	3452	284	3168
646	3461	277	3184
647	3497	280	3217
648	3493	276	3217
649	3517	286	3231
650	3525	280	3245
651	3536	280	3256
652	3523	281	3242
653	3496	287	3209
654	3530	291	3239
655	3558	282	3276
656	3517	277	3240
657	3588	286	3302
658	3656	287	3369
659	3666	280	3386
660	3628	282	3346
661	3623	289	3334
662	3644	277	3367
663	3632	285	3347
664	3644	278	3366
665	3717	268	3449
666	3745	272	3473
667	3738	276	3462
668	3669	274	3395
669	3635	280	3355
670	3729	275	3454
671	3746	275	3471
672	3752	284	3468
673	3759	294	3465
674	3745	283	3462
675	3787	279	3508
676	3794	281	3513
677	3809	277	3532
678	3825	274	3551
679	3831	276	3555
680	3844	275	3569
681	3811	279	3532
682	3797	273	3524
683	3809	278	3531
684	3807	279	3528
685	3872	288	3584
686	3917	283	3634
687	3926	275	3651
688	3935	279	3656
689	3891	284	3607
690	3904	287	3617
691	3890	287	3603
692	3865	277	3588
693	3840	275	3565
694	3902	277	3625
695	3953	285	3668
696	3928	273	3655
697	3909	282	3627
698	3927	284	3643
699	3930	283	3647
700	3962	288	3674
701	3976	294	3682
702	4006	286	3720
703	4003	279	3724
704	4031	278	3753
705	4027	273	3754
706	4007	280	3727
707	4057	282	3775
708	4017	276	3741
709	4006	269	3737
710	4011	275	3736
711	4037	287	3750
712	4088	282	3806
713	4110	284	3826
714	4096	278	3818
715	4049	267	3782
716	4053	272	3781
717	4054	280	3774
718	4095	267	3828
719	4081	291	3790
720	4062	285	3777
721	4106	279	3827
722	4142	286	3856
723	4100	290	3810
724	4090	280	3810
725	4189	287	3902
726	4117	284	3833
727	4103	276	3827
728	4165	274	3891
729	4127	280	3847
730	4171	292	3879
731	4176	289	3887
732	4145	282	3863
733	4106	284	3822
734	4129	280	3849
735	4153	279	3874
736	4138	279	3859
737	4147	277	3870
738	4157	277	3880
739	4153	278	3875
740	4146	281	3865
741	4126	281	3845
742	4209	288	3921
743	4203	287	3916
744	4134	269	3865
745	4113	281	3832
746	4161	284	3877
747	4242	282	3960
748	4238	286	3952
749	4195	283	3912
750	4162	275	3887
751	4220	280	3940
752	4249	286	3963
753	4249	281	3968
754	4240	278	3962
755	4232	283	3949
756	4288	277	4011
757	4266	278	3988
758	4223	274	3949
759	4275	277	3998
760	4291	280	4011
761	4304	282	4022
762	4244	276	3968
763	4209	280	3929
764	4258	278	3980
765	4271	282	3989
766	4223	284	3939
767	4229	287	3942
768	4274	278	3996
769	4296	277	4019
770	4311	276	4035
771	4338	288	4050
772	4285	284	4001
773	4221	280	3941
774	4251	276	3975
775	4252	284	3968
776	4209	285	3924
777	4212	273	3939
778	4213	276	3937
779	4252	284	3968
780	4352	274	4078
781	4325	267	4058
782	4314	272	4042
783	4342	280	4062
784	4273	281	3992
785	4268	278	3990
786	4293	278	4015
787	4251	285	3966
788	4210	274	3936
789	4249	278	3971
790	4286	287	3999
791	4310	279	4031
792	4358	283	4075
793	4302	281	4021
794	4283	276	4007
795	4283	278	4005
796	4271	277	3994
797	4308	277	4031
798	4305	278	4027
799	4261	275	3986
800	4311	278	4033
801	4363	291	4072
802	4287	281	4006
803	4303	286	4017
804	4298	293	4005
805	4289	290	3999
806	4256	285	3971
807	4290	288	4002
808	4348	290	4058
809	4363	286	4077
810	4355	280	4075
811	4355	279	4076
812	4369	290	4079
813	4334	281	4053
814	4359	272	4087
815	4390	292	4098
816	4417	285	4132
817	4385	275	4110
818	4466	281	4185
819	4451	290	4161
820	4376	286	4090
821	4385	285	4100
822	4423	285	4138
823	4468	284	4184
824	4483	275	4208
825	4510	274	4236
826	4500	281	4219
827	4417	277	4140
828	4521	286	4235
829	4517	285	4232
830	4441	271	4170
831	4488	279	4209
832	4486	275	4211
833	4497	269	4228
834	4499	278	4221
835	4561	279	4282
836	4600	278	4322
837	4588	282	4306
838	4582	285	4297
839	4665	284	4381
840	4649	286	4363
841	4661	283	4378
842	4647	280	4367
843	4655	286	4369
844	4699	285	4414
845	4736	287	4449
846	4722	279	4443
847	4736	269	4467
848	4711	266	4445
849	4784	277	4507
850	4766	282	4484
851	4745	282	4463
852	4814	284	4530
853	4773	274	4499
854	4784	269	4515
855	4816	277	4539
856	4792	284	4508
857	4751	285	4466
858	4761	284	4477
859	4837	281	4556
860	4870	275	4595
861	4818	276	4542
862	4785	273	4512
863	4880	275	4605
864	4909	280	4629
865	4910	281	4629
866	4893	273	4620
867	4856	273	4583
868	4869	276	4593
869	4920	283	4637
870	4987	279	4708
871	4993	273	4720
872	5034	275	4759
873	5033	275	4758
874	5031	274	4757
875	5098	284	4814
876	5034	280	4754
877	5063	283	4780
878	5072	280	4792
879	5096	284	4812
880	5123	286	4837
881	5173	285	4888
882	5174	282	4892
883	5161	278	4883
884	5152	279	4873
885	5190	288	4902
886	5235	280	4955
887	5304	272	5032
888	5339	279	5060
889	5336	280	5056
890	5260	277	4983
891	5299	281	5018
892	5366	286	5080
893	5323	281	5042
894	5386	272	5114
895	5376	279	5097
896	5380	289	5091
897	5410	288	5122
898	5429	283	5146
899	5373	273	5100
900	5381	267	5114
901	5412	273	5139
902	5499	275	5224
903	5493	280	5213
904	5551	279	5272
905	5533	290	5243
906	5564	283	5281
907	5578	271	5307
908	5599	277	5322
909	5637	284	5353
910	5625	279	5346
911	5646	281	5365
912	5737	284	5453
913	5780	278	5502
914	5741	284	5457
915	5692	283	5409
916	5708	282	5426
917	5714	282	5432
918	5768	296	5472
919	5754	286	5468
920	5776	283	5493
921	5744	282	5462
922	5706	271	5435
923	5794	276	5518
924	5839	273	5566
925	5839	268	5571
926	5826	288	5538
927	5870	292	5578
928	5956	288	5668
929	6061	282	5779
930	6024	274	5750
931	6053	272	5781
932	6073	280	5793
933	6057	283	5774
934	6058	284	5774
935	6116	276	5840
936	6131	275	5856
937	6200	277	5923
938	6209	277	5932
939	6162	286	5876
940	6236	283	5953
941	6287	284	6003
942	6314	286	6028
943	6318	280	6038
944	6227	278	5949
945	6230	279	5951
946	6298	278	6020
947	6306	274	6032
948	6322	273	6049
949	6293	276	6017
950	6312	278	6034
951	6342	279	6063
952	6366	279	6087
953	6426	278	6148
954	6439	282	6157
955	6486	271	6215
956	6468	270	6198
957	6466	283	6183
958	6462	289	6173
959	6399	289	6110
960	6390	280	6110
961	6522	281	6241
962	6649	279	6370
963	6534	290	6244
964	6499	291	6208
965	6488	287	6201
966	6505	289	6216
967	6534	286	6248
968	6541	265	6276
969	6585	291	6294
970	6582	279	6303
971	6687	282	6405
972	6684	284	6400
973	6594	282	6312
974	6613	283	6330
975	6609	278	6331
976	6640	280	6360
977	6617	280	6337
978	6622	281	6341
979	6709	272	6437
980	6682	272	6410
981	6718	282	6436
982	6744	277	6467
983	6706	284	6422
984	6668	288	6380
985	6598	279	6319
986	6645	282	6363
987	6689	280	6409
988	6681	277	6404
989	6675	275	6400
990	6739	279	6460
991	6778	282	6496
992	6680	280	6400
993	6632	281	6351
994	6700	286	6414
995	6670	289	6381
996	6623	277	6346
997	6642	282	6360
998	6591	275	6316
999	6599	282	6317
1000	6637	274	6363
1001	6546	269	6277
1002	6633	282	6351
1003	6629	286	6343
1004	6592	271	6321
1005	6661	272	6389
1006	6662	283	6379
1007	6684	284	6400
1008	6713	283	6430
1009	6689	284	6405
1010	6662	285	6377
1011	6654	282	6372
1012	6666	281	6385
1013	6607	283	6324
1014	6617	284	6333
1015	6697	288	6409
1016	6690	289	6401
1017	6645	280	6365
1018	6640	274	6366
1019	6659	281	6378
1020	6603	275	6328
1021	6583	277	6306
1022	6658	276	6382
1023	6681	276	6405
1024	6658	280	6378
1025	6613	284	6329
1026	6571	277	6294
1027	6521	275	6246
1028	6562	272	6290
1029	6644	276	6368
1030	6584	285	6299
1031	6583	288	6295
1032	6513	285	6228
1033	6531	281	6250
1034	6562	282	6280
1035	6527	273	6254
1036	6518	277	6241
1037	6512	285	6227
1038	6525	276	6249
1039	6505	276	6229
1040	6503	277	6226
1041	6525	280	6245
1042	6434	284	6150
1043	6372	281	6091
1044	6362	278	6084
1045	6367	272	6095
1046	6364	266	6098
1047	6352	275	6077
1048	6368	282	6086
1049	6407	288	6119
1050	6369	277	6092
1051	6341	278	6063
1052	6343	286	6057
1053	6382	283	6099
1054	6371	285	6086
1055	6338	285	6053
1056	6267	278	5989
1057	6215	281	5934
1058	6223	277	5946
1059	6233	286	5947
1060	6231	284	5947
1061	6311	273	6038
1062	6309	278	6031
1063	6250	288	5962
1064	6241	279	5962
1065	6231	276	5955
1066	6209	276	5933
1067	6204	275	5929
1068	6141	272	5869
1069	6146	290	5856
1070	6176	288	5888
1071	6144	278	5866
1072	6137	287	5850
1073	6174	289	5885
1074	6188	284	5904
1075	6164	290	5874
1076	6118	284	5834
1077	6117	279	5838
1078	6077	278	5799
1079	6104	281	5823
1080	6096	286	5810
1081	6121	285	5836
1082	6099	274	5825
1083	6106	273	5833
1084	6089	274	5815
1085	6027	286	5741
1086	5985	288	5697
1087	6007	282	5725
1088	5961	282	5679
1089	5985	282	5703
1090	6058	280	5778
1091	6024	279	5745
1092	6006	274	5732
1093	6039	274	5765
1094	6009	276	5733
1095	6007	288	5719
1096	5936	290	5646
1097	5992	275	5717
1098	5977	280	5697
1099	5959	276	5683
1100	5972	273	5699
1101	5940	279	5661
1102	6002	282	5720
1103	5992	288	5704
1104	5957	294	5663
1105	6044	286	5758
1106	6016	283	5733
1107	5993	282	5711
1108	5964	284	5680
1109	5968	286	5682
1110	5996	288	5708
1111	5906	282	5624
1112	5847	288	5559
1113	5913	284	5629
1114	5895	282	5613
1115	5873	282	5591
1116	5935	276	5659
1117	5978	272	5706
1118	5920	271	5649
1119	5942	284	5658
1120	5864	285	5579
1121	5830	283	5547
1122	5813	288	5525
1123	5862	291	5571
1124	5898	271	5627
1125	5943	274	5669
1126	5902	280	5622
1127	5852	281	5571
1128	5901	271	5630
1129	5947	272	5675
1130	5922	273	5649
1131	5930	284	5646
1132	5943	284	5659
1133	5927	281	5646
1134	5875	277	5598
1135	5976	278	5698
1136	5941	279	5662
1137	5954	271	5683
1138	5945	275	5670
1139	5940	289	5651
1140	5939	285	5654
1141	5899	284	5615
1142	5919	277	5642
1143	5930	276	5654
1144	5933	285	5648
1145	5993	283	5710
1146	5936	274	5662
1147	6001	276	5725
1148	6027	276	5751
1149	5991	279	5712
1150	6001	274	5727
1151	5956	278	5678
1152	6031	287	5744
1153	6043	282	5761
1154	6002	281	5721
1155	5976	286	5690
1156	5968	280	5688
1157	5959	278	5681
1158	5934	278	5656
1159	6052	282	5770
1160	6026	298	5728
1161	6047	297	5750
1162	6043	283	5760
1163	6002	281	5721
1164	5963	277	5686
1165	6043	277	5766
1166	6040	270	5770
1167	6075	278	5797
1168	6162	281	5881
1169	6159	290	5869
1170	6155	285	5870
1171	6186	283	5903
1172	6114	283	5831
1173	6121	275	5846
1174	6131	281	5850
1175	6124	281	5843
1176	6181	277	5904
1177	6269	274	5995
1178	6204	279	5925
1179	6151	284	5867
1180	6182	275	5907
1181	6230	280	5950
1182	6234	272	5962
1183	6274	275	5999
1184	6269	278	5991
1185	6274	272	6002
1186	6296	266	6030
1187	6313	281	6032
1188	6323	280	6043
1189	6380	277	6103
1190	6368	284	6084
1191	6362	278	6084
1192	6323	276	6047
1193	6277	278	5999
1194	6392	285	6107
1195	6486	282	6204
1196	6488	275	6213
1197	6477	285	6192
1198	6435	275	6160
1199	6488	280	6208
1200	6503	288	6215
1201	6481	279	6202
1202	6483	277	6206
1203	6559	281	6278
1204	6541	280	6261
1205	6555	291	6264
1206	6556	284	6272
1207	6574	283	6291
1208	6540	279	6261
1209	6503	282	6221
1210	6581	279	6302
1211	6638	279	6359
1212	6703	272	6431
1213	6674	264	6410
1214	6576	268	6308
1215	6548	274	6274
1216	6559	274	6285
1217	6724	282	6442
1218	6684	266	6418
1219	6681	287	6394
1220	6715	269	6446
1221	6718	274	6444
1222	6703	275	6428
1223	6676	284	6392
1224	6689	279	6410
1225	6788	282	6506
1226	6774	285	6489
1227	6690	289	6401
1228	6681	282	6399
1229	6709	272	6437
1230	6732	270	6462
1231	6743	270	6473
1232	6768	262	6506
1233	6752	273	6479
1234	6761	280	6481
1235	6748	281	6467
1236	6770	275	6495
1237	6789	281	6508
1238	6844	285	6559
1239	6879	277	6602
1240	6760	271	6489
1241	6767	278	6489
1242	6867	279	6588
1243	6855	282	6573
1244	6920	292	6628
1245	6937	291	6646
1246	6884	275	6609
1247	6903	270	6633
1248	6928	274	6654
1249	6943	284	6659
1250	6867	287	6580
1251	6871	283	6588
1252	6882	274	6608
1253	6848	279	6569
1254	6848	282	6566
1255	6873	280	6593
1256	6935	283	6652
1257	6917	284	6633
1258	6904	279	6625
1259	6918	276	6642
1260	6967	280	6687
1261	6994	277	6717
1262	6885	283	6602
1263	6881	286	6595
1264	6918	284	6634
1265	6941	286	6655
1266	6838	279	6559
1267	6865	280	6585
1268	6844	286	6558
1269	6856	280	6576
1270	6869	281	6588
1271	6850	277	6573
1272	6815	272	6543
1273	6858	281	6577
1274	6804	283	6521
1275	6826	273	6553
1276	6900	272	6628
1277	6879	280	6599
1278	6857	283	6574
1279	6850	280	6570
1280	6835	276	6559
1281	6787	275	6512
1282	6795	275	6520
1283	6814	281	6533
1284	6852	286	6566
1285	6873	277	6596
1286	6790	269	6521
1287	6718	279	6439
1288	6741	273	6468
1289	6809	276	6533
1290	6762	279	6483
1291	6742	284	6458
1292	6729	273	6456
1293	6683	273	6410
1294	6695	283	6412
1295	6701	277	6424
1296	6656	272	6384
1297	6677	273	6404
1298	6678	268	6410
1299	6639	281	6358
1300	6603	287	6316
1301	6630	279	6351
1302	6586	277	6309
1303	6567	281	6286
1304	6521	278	6243
1305	6573	267	6306
1306	6602	270	6332
1307	6513	281	6232
1308	6525	279	6246
1309	6490	276	6214
1310	6416	280	6136
1311	6443	273	6170
1312	6422	281	6141
1313	6399	290	6109
1314	6373	276	6097
1315	6307	273	6034
1316	6302	277	6025
1317	6289	277	6012
1318	6211	274	5937
1319	6216	279	5937
1320	6228	274	5954
1321	6151	282	5869
1322	6152	278	5874
1323	6169	281	5888
1324	6194	280	5914
1325	6183	271	5912
1326	6143	273	5870
1327	6104	280	5824
1328	6073	273	5800
1329	6115	276	5839
1330	6088	278	5810
1331	6043	280	5763
1332	6037	280	5757
1333	5969	281	5688
1334	5883	278	5605
1335	5896	280	5616
1336	5930	272	5658
1337	5861	274	5587
1338	5790	271	5519
1339	5844	272	5572
1340	5792	283	5509
1341	5763	279	5484
1342	5767	268	5499
1343	5724	275	5449
1344	5730	275	5455
1345	5684	274	5410
1346	5651	272	5379
1347	5653	273	5380
1348	5551	270	5281
1349	5517	279	5238
1350	5557	275	5282
1351	5517	271	5246
1352	5542	271	5271
1353	5512	278	5234
1354	5344	273	5071
1355	5332	271	5061
1356	5337	273	5064
1357	5284	271	5013
1358	5310	276	5034
1359	5328	276	5052
1360	5250	275	4975
1361	5228	280	4948
1362	5166	273	4893
1363	5097	271	4826
1364	5156	284	4872
1365	5121	279	4842
1366	5074	269	4805
1367	5061	273	4788
1368	5071	278	4793
1369	5048	279	4769
1370	4957	270	4687
1371	4911	276	4635
1372	4926	280	4646
1373	4868	282	4586
1374	4863	285	4578
1375	4856	287	4569
1376	4805	287	4518
1377	4772	281	4491
1378	4722	276	4446
1379	4758	280	4478
1380	4720	286	4434
1381	4709	279	4430
1382	4687	281	4406
1383	4631	282	4349
1384	4602	272	4330
1385	4578	274	4304
1386	4533	273	4260
1387	4510	266	4244
1388	4465	278	4187
1389	4436	280	4156
1390	4471	268	4203
1391	4449	281	4168
1392	4417	276	4141
1393	4370	277	4093
1394	4354	284	4070
1395	4376	278	4098
1396	4350	278	4072
1397	4313	282	4031
1398	4279	283	3996
1399	4264	278	3986
1400	4271	272	3999
1401	4379	271	4108
1402	4363	268	4095
1403	4239	272	3967
1404	4183	277	3906
1405	4143	281	3862
1406	4076	269	3807
1407	4001	280	3721
1408	4022	282	3740
1409	4014	272	3742
1410	3965	265	3700
1411	3959	271	3688
1412	3926	271	3655
1413	3878	285	3593
1414	3894	293	3601
1415	3941	283	3658
1416	3925	269	3656
1417	3784	266	3518
1418	3785	266	3519
1419	3778	273	3505
1420	3735	276	3459
1421	3781	275	3506
1422	3783	272	3511
1423	3767	277	3490
1424	3754	274	3480
1425	3701	278	3423
1426	3704	286	3418
1427	3695	285	3410
1428	3649	280	3369
1429	3613	273	3340
1430	3623	275	3348
1431	3644	278	3366
1432	3554	273	3281
1433	3601	275	3326
1434	3667	270	3397
1435	3565	271	3294
1436	3551	276	3275
1437	3571	280	3291
1438	3547	276	3271
1439	3490	280	3210
1440	3468	276	3192
1441	3501	266	3235
1442	3458	270	3188
1443	3422	276	3146
1444	3410	280	3130
1445	3365	278	3087
1446	3363	270	3093
1447	3394	276	3118
1448	3374	276	3098
1449	3308	279	3029
1450	3296	282	3014
1451	3327	281	3046
1452	3333	281	3052
1453	3272	284	2988
1454	3251	285	2966
1455	3253	284	2969
1456	3273	286	2987
1457	3271	275	2996
1458	3212	272	2940
1459	3176	288	2888
1460	3190	277	2913
1461	3149	276	2873
1462	3147	286	2861
1463	3183	287	2896
1464	3161	276	2885
1465	3105	275	2830
1466	3113	283	2830
1467	3127	278	2849
1468	3140	262	2878
1469	3163	278	2885
1470	3081	272	2809
1471	3018	283	2735
1472	3049	272	2777
1473	3069	278	2791
1474	3020	280	2740
1475	2926	279	2647
1476	2928	282	2646
1477	2968	278	2690
1478	2952	276	2676
1479	2902	277	2625
1480	2946	276	2670
1481	2941	277	2664
1482	2885	290	2595
1483	2933	286	2647
1484	2878	281	2597
1485	2865	283	2582
1486	2872	283	2589
1487	2862	287	2575
1488	2907	274	2633
1489	2900	267	2633
1490	2857	267	2590
1491	2775	283	2492
1492	2796	282	2514
1493	2778	281	2497
1494	2765	286	2479
1495	2846	275	2571
1496	2858	270	2588
1497	2792	272	2520
1498	2764	286	2478
1499	2763	296	2467
1500	2720	278	2442
1501	2676	274	2402
1502	2722	272	2450
1503	2756	270	2486
1504	2682	279	2403
1505	2645	278	2367
1506	2694	265	2429
1507	2675	270	2405
1508	2615	282	2333
1509	2666	292	2374
1510	2651	288	2363
1511	2699	279	2420
1512	2673	278	2395
1513	2612	286	2326
1514	2599	288	2311
1515	2613	286	2327
1516	2600	284	2316
1517	2569	276	2293
1518	2538	282	2256
1519	2561	289	2272
1520	2599	283	2316
1521	2579	278	2301
1522	2581	273	2308
1523	2558	275	2283
1524	2553	278	2275
1525	2591	280	2311
1526	2544	280	2264
1527	2552	284	2268
1528	2529	287	2242
1529	2466	287	2179
1530	2449	283	2166
1531	2464	281	2183
1532	2473	275	2198
1533	2475	281	2194
1534	2467	282	2185
1535	2437	281	2156
1536	2458	278	2180
1537	2450	278	2172
1538	2398	280	2118
1539	2397	278	2119
1540	2429	278	2151
1541	2396	277	2119
1542	2390	276	2114
1543	2419	285	2134
1544	2381	291	2090
1545	2378	279	2099
1546	2371	274	2097
1547	2369	280	2089
1548	2396	272	2124
1549	2358	270	2088
1550	2335	267	2068
1551	2303	269	2034
1552	2300	270	2030
1553	2285	271	2014
1554	2243	270	1973
1555	2245	270	1975
1556	2260	272	1988
1557	2274	279	1995
1558	2270	277	1993
1559	2241	277	1964
1560	2237	275	1962
1561	2235	281	1954
1562	2194	280	1914
1563	2170	283	1887
1564	2170	282	1888
1565	2206	274	1932
1566	2214	276	1938
1567	2200	278	1922
1568	2170	279	1891
1569	2182	280	1902
1570	2178	288	1890
1571	2152	291	1861
1572	2090	288	1802
1573	2089	284	1805
1574	2056	285	1771
1575	2040	282	1758
1576	2020	282	1738
1577	2065	290	1775
1578	2062	293	1769
1579	2036	292	1744
1580	2037	280	1757
1581	1972	280	1692
1582	1976	288	1688
1583	1957	286	1671
1584	1932	275	1657
1585	1945	276	1669
1586	1944	275	1669
1587	1916	279	1637
1588	1894	282	1612
1589	1886	277	1609
1590	1888	273	1615
1591	1877	282	1595
1592	1838	285	1553
1593	1875	272	1603
1594	1884	270	1614
1595	1875	278	1597
1596	1840	280	1560
1597	1842	283	1559
1598	1809	273	1536
1599	1775	281	1494
1600	1769	282	1487
1601	1789	277	1512
1602	1782	284	1498
1603	1774	284	1490
1604	1729	276	1453
1605	1743	278	1465
1606	1732	284	1448
1607	1723	285	1438
1608	1663	280	1383
1609	1641	282	1359
1610	1624	277	1347
1611	1659	295	1364
1612	1671	291	1380
1613	1627	291	1336
1614	1612	288	1324
1615	1614	288	1326
1616	1597	278	1319
1617	1582	283	1299
1618	1542	291	1251
1619	1535	288	1247
1620	1500	280	1220
1621	1502	287	1215
1622	1482	285	1197
1623	1465	287	1178
1624	1473	290	1183
1625	1479	289	1190
1626	1449	280	1169
1627	1418	274	1144
1628	1415	277	1138
1629	1414	282	1132
1630	1417	280	1137
1631	1399	285	1114
1632	1381	283	1098
1633	1432	283	1149
1634	1416	282	1134
1635	1336	280	1056
1636	1370	276	1094
1637	1386	281	1105
1638	1335	286	1049
1639	1318	279	1039
1640	1279	277	1002
1641	1257	290	967
1642	1248	282	966
1643	1292	276	1016
1644	1271	277	994
1645	1269	284	985
1646	1233	289	944
1647	1184	285	899
1648	1165	287	878
1649	1196	280	916
1650	1206	276	930
1651	1173	282	891
1652	1118	285	833
1653	1108	282	826
1654	1161	279	882
1655	1166	285	881
1656	1126	278	848
1657	1132	282	850
1658	1129	281	848
1659	1099	285	814
1660	1111	291	820
1661	1096	286	810
1662	1061	282	779
1663	1035	282	753
1664	1022	273	749
1665	1014	278	736
1666	1038	282	756
1667	1082	277	805
1668	1016	279	737
1669	959	289	670
1670	995	280	715
1671	1014	273	741
1672	990	282	708
1673	986	287	699
1674	991	279	712
1675	963	286	677
1676	926	280	646
1677	924	284	640
1678	905	279	626
1679	911	277	634
1680	901	281	620
1681	904	274	630
1682	895	267	628
1683	890	274	616
1684	888	286	602
1685	878	288	590
1686	852	283	569
1687	829	281	548
1688	839	294	545
1689	854	299	555
1690	791	294	497
1691	775	277	498
1692	802	274	528
1693	819	281	538
1694	811	272	539
1695	823	271	552
1696	789	278	511
1697	789	286	503
1698	771	278	493
1699	772	274	498
1700	764	274	490
1701	752	285	467
1702	720	283	437
1703	715	284	431
1704	731	283	448
1705	713	277	436
1706	703	281	422
1707	718	277	441
1708	717	282	435
1709	698	291	407
1710	704	284	420
1711	710	286	424
1712	693	282	411
1713	657	279	378
1714	635	284	351
1715	647	276	371
1716	646	275	371
1717	650	284	366
1718	656	268	388
1719	658	298	360
1720	634	286	348
1721	631	274	357
1722	623	281	342
1723	651	285	366
1724	645	286	359
1725	631	283	348
1726	609	274	335
1727	600	268	332
1728	585	277	308
1729	578	276	302
1730	591	277	314
1731	579	282	297
1732	580	279	301
1733	588	279	309
1734	586	287	299
1735	590	285	305
1736	573	272	301
1737	557	272	285
1738	566	280	286
1739	554	286	268
1740	561	281	280
1741	545	278	267
1742	524	277	247
1743	536	273	263
1744	544	272	272
1745	533	276	257
1746	523	274	249
1747	525	272	253
1748	525	274	251
1749	526	283	243
1750	552	281	271
1751	535	280	255
1752	505	277	228
1753	513	281	232
1754	518	279	239
1755	532	278	254
1756	527	281	246
1757	515	275	240
1758	510	276	234
1759	489	278	211
1760	481	284	197
1761	483	287	196
1762	485	282	203
1763	510	289	221
1764	508	284	224
1765	511	280	231
1766	501	281	220
1767	504	280	224
1768	487	272	215
1769	486	272	214
1770	482	281	201
1771	463	289	174
1772	464	285	179
1773	470	284	186
1774	469	285	184
1775	491	280	211
1776	492	278	214
1777	475	287	188
1778	442	286	156
1779	425	286	139
1780	450	285	165
1781	475	286	189
1782	466	280	186
1783	442	279	163
1784	425	276	149
1785	416	276	140
1786	445	285	160
1787	476	289	187
1788	428	284	144
1789	446	277	169
1790	437	278	159
1791	434	281	153
1792	456	279	177
1793	458	279	179
1794	444	287	157
1795	434	285	149
1796	411	278	133
1797	446	286	160
1798	462	284	178
1799	459	281	178
1800	447	266	181
1801	436	272	164
1802	408	277	131
1803	412	275	137
1804	422	274	148
1805	423	281	142
1806	432	278	154
1807	434	275	159
1808	428	267	161
1809	412	272	140
1810	375	278	97
1811	398	277	121
1812	430	282	148
1813	429	290	139
1814	405	293	112
1815	416	292	124
1816	418	282	136
1817	416	283	133
1818	400	285	115
1819	395	273	122
1820	388	273	115
1821	394	283	111
1822	403	278	125
1823	418	278	140
1824	395	286	109
1825	396	281	115
1826	408	276	132
1827	429	276	153
1828	425	282	143
1829	413	284	129
1830	409	277	132
1831	404	283	121
1832	394	283	111
1833	397	277	120
1834	397	270	127
1835	411	278	133
1836	410	285	125
1837	416	271	145
1838	411	269	142
1839	411	278	133
1840	367	285	82
1841	388	285	103
1842	393	277	116
1843	390	278	112
1844	366	275	91
1845	387	275	112
1846	388	276	112
1847	394	277	117
1848	395	270	125
1849	392	270	122
1850	368	272	96
1851	412	277	135
1852	422	286	136
1853	405	283	122
1854	390	276	114
1855	405	273	132
1856	388	269	119
1857	396	270	126
1858	388	282	106
1859	391	280	111
1860	375	272	103
1861	357	276	81
1862	393	282	111
1863	407	283	124
1864	366	276	90
1865	372	274	98
1866	406	274	132
1867	404	280	124
1868	380	280	100
1869	388	282	106
1870	368	277	91
1871	371	271	100
1872	388	277	111
1873	377	285	92
1874	370	282	88
1875	386	279	107
1876	396	275	121
1877	399	288	111
1878	368	288	80
1879	367	280	87
1880	379	275	104
1881	378	275	103
1882	385	279	106
1883	393	281	112
1884	416	280	136
1885	411	279	132
1886	391	284	107
1887	396	288	108
1888	400	283	117
1889	401	280	121
1890	374	274	100
1891	363	281	82
1892	367	286	81
1893	390	289	101
1894	376	287	89
1895	359	280	79
1896	353	271	82
1897	330	277	53
1898	330	273	57
1899	358	271	87
1900	390	272	118
1901	390	270	120
1902	347	282	65
1903	349	290	59
1904	347	280	67
1905	366	287	79
1906	366	290	76
1907	356	276	80
1908	337	281	56
1909	367	282	85
1910	369	283	86
1911	369	284	85
1912	370	283	87
1913	344	286	58
1914	344	280	64
1915	371	276	95
1916	377	278	99
1917	358	283	75
1918	345	286	59
1919	376	287	89
1920	364	280	84
1921	360	280	80
1922	383	274	109
1923	395	278	117
1924	374	283	91
1925	354	284	70
1926	358	284	74
1927	345	285	60
1928	350	278	72
1929	370	273	97
1930	369	282	87
1931	368	281	87
1932	382	277	105
1933	386	282	104
1934	363	287	76
1935	364	284	80
1936	345	279	66
1937	352	276	76
1938	351	287	64
1939	348	290	58
1940	365	277	88
1941	373	282	91
1942	340	294	46
1943	339	285	54
1944	355	275	80
1945	364	279	85
1946	367	276	91
1947	358	278	80
1948	351	279	72
1949	363	290	73
1950	362	285	77
1951	371	269	102
1952	361	266	95
1953	366	279	87
1954	364	289	75
1955	364	286	78
1956	363	277	86
1957	362	276	86
1958	342	279	63
1959	327	283	44
1960	319	279	40
1961	319	270	49
1962	337	274	63
1963	346	281	65
1964	365	283	82
1965	373	280	93
1966	348	280	68
1967	339	285	54
1968	348	271	77
1969	366	291	75
1970	343	274	69
1971	344	270	74
1972	369	272	97
1973	369	276	93
1974	366	278	88
1975	366	283	83
1976	343	285	58
1977	338	277	61
1978	339	282	57
1979	368	281	87
1980	370	284	86
1981	363	289	74
1982	332	286	46
1983	330	286	44
1984	336	280	56
1985	345	275	70
1986	337	278	59
1987	339	287	52
1988	344	279	65
1989	350	284	66
1990	345	291	54
1991	333	285	48
1992	322	276	46
1993	348	272	76
1994	343	274	69
1995	348	281	67
1996	374	282	92
1997	370	279	91
1998	348	280	68
1999	335	281	54
2000	325	282	43
2001	356	281	75
2002	366	280	86
2003	369	282	87
2004	352	281	71
2005	352	284	68
2006	358	283	75
2007	367	281	86
2008	348	279	69
2009	351	281	70
2010	339	274	65
2011	348	277	71
2012	359	281	78
2013	349	280	69
2014	357	278	79
2015	357	279	78
2016	360	284	76
2017	354	289	65
2018	345	281	64
2019	349	275	74
2020	348	280	68
2021	342	284	58
2022	334	280	54
2023	331	270	61
2024	342	267	75
2025	336	270	66
2026	330	270	60
2027	330	281	49
2028	339	288	51
2029	336	277	59
2030	339	272	67
2031	364	288	76
2032	352	289	63
2033	350	290	60
2034	344	279	65
2035	353	275	78
2036	331	285	46
2037	332	285	47
2038	335	279	56
2039	329	288	41
2040	365	288	77
2041	360	283	77
2042	317	280	37
2043	331	279	52
2044	343	280	63
2045	348	279	69
2046	336	276	60
2047	332	277	55
2048	317	278	39
2049	332	279	53
2050	339	280	59
2051	351	283	68
2052	343	283	60
2053	350	291	59
2054	326	280	46
2055	328	283	45
2056	322	280	42
2057	338	277	61
2058	338	278	60
2059	353	278	75
2060	335	274	61
2061	320	285	35
2062	330	285	45
2063	334	281	53
2064	332	272	60
2065	343	266	77
2066	322	274	48
2067	321	283	38
2068	343	290	53
2069	342	285	57
2070	334	280	54
2071	334	279	55
2072	312	284	28
2073	305	291	14
2074	339	286	53
2075	318	286	32
2076	314	288	26
2077	351	285	66
2078	345	284	61
2079	354	283	71
2080	355	271	84
2081	350	279	71
2082	327	288	39
2083	331	283	48
2084	332	275	57
2085	327	284	43
2086	316	285	31
2087	342	278	64
2088	353	265	88
2089	352	277	75
2090	341	281	60
2091	325	277	48
2092	316	269	47
2093	347	276	71
2094	350	282	68
2095	355	284	71
2096	361	285	76
2097	342	280	62
2098	331	278	53
2099	347	285	62
2100	356	285	71
2101	353	278	75
2102	353	276	77
2103	357	278	79
2104	349	274	75
2105	331	284	47
2106	315	281	34
2107	330	278	52
2108	327	274	53
2109	350	269	81
2110	358	272	86
2111	341	274	67
2112	320	283	37
2113	339	279	60
2114	342	278	64
2115	343	274	69
2116	326	274	52
2117	329	276	53
2118	348	282	66
2119	343	278	65
2120	339	281	58
2121	335	281	54
2122	349	280	69
2123	356	291	65
2124	345	286	59
2125	359	272	87
2126	329	272	57
2127	317	280	37
2128	328	278	50
2129	337	276	61
2130	318	274	44
2131	317	280	37
2132	329	274	55
2133	340	279	61
2134	332	279	53
2135	336	278	58
2136	334	281	53
2137	347	283	64
2138	339	281	58
2139	338	279	59
2140	331	282	49
2141	346	275	71
2142	328	273	55
2143	348	277	71
2144	353	277	76
2145	321	280	41
2146	317	276	41
2147	343	278	65
2148	319	279	40
2149	331	282	49
2150	325	287	38
2151	328	284	44
2152	342	274	68
2153	340	274	66
2154	320	279	41
2155	338	288	50
2156	338	279	59
2157	339	278	61
2158	321	295	26
2159	336	281	55
2160	327	272	55
2161	337	277	60
2162	366	273	93
2163	352	278	74
2164	334	283	51
2165	349	287	62
2166	349	281	68
2167	355	277	78
2168	341	280	61
2169	318	277	41
2170	315	285	30
2171	328	282	46
2172	329	284	45
2173	324	277	47
2174	330	280	50
2175	318	281	37
2176	312	273	39
2177	332	272	60
2178	320	284	36
2179	309	280	29
2180	307	274	33
2181	334	276	58
2182	335	285	50
2183	336	289	47
2184	329	280	49
2185	341	280	61
2186	337	281	56
2187	325	278	47
2188	333	273	60
2189	320	278	42
2190	312	282	30
2191	342	285	57
2192	340	281	59
2193	338	277	61
2194	318	282	36
2195	325	281	44
2196	338	279	59
2197	378	281	97
2198	345	274	71
2199	338	270	68
2200	346	274	72
2201	356	285	71
2202	344	285	59
2203	322	284	38
2204	320	280	40
2205	324	277	47
2206	328	278	50
2207	345	278	67
2208	327	278	49
2209	327	277	50
2210	333	278	55
2211	332	286	46
2212	334	275	59
2213	340	274	66
2214	317	279	38
2215	334	278	56
2216	342	280	62
2217	336	280	56
2218	334	264	70
2219	324	288	36
2220	301	280	21
2221	318	281	37
2222	343	273	70
2223	346	279	67
2224	323	280	43
2225	339	271	68
2226	346	280	66
2227	337	283	54
2228	347	280	67
2229	343	276	67
2230	318	276	42
2231	337	276	61
2232	324	277	47
2233	319	273	46
2234	328	278	50
2235	337	287	50
2236	319	287	32
2237	314	292	22
2238	303	283	20
2239	318	280	38
2240	332	281	51
2241	328	290	38
2242	316	288	28
2243	325	276	49
2244	325	275	50
2245	362	277	85
2246	368	279	89
2247	342	280	62
2248	331	275	56
2249	339	283	56
2250	334	285	49
2251	331	274	57
2252	330	269	61
2253	325	275	50
2254	310	270	40
2255	308	269	39
2256	320	279	41
2257	328	281	47
2258	328	280	48
2259	338	276	62
2260	346	283	63
2261	318	277	41
2262	302	274	28
2263	316	292	24
2264	319	285	34
2265	310	283	27
2266	322	270	52
2267	325	274	51
2268	316	281	35
2269	329	273	56
2270	336	270	66
2271	333	273	60
2272	323	282	41
2273	324	285	39
2274	334	280	54
2275	312	283	29
2276	301	287	14
2277	328	287	41
2278	329	285	44
2279	326	272	54
2280	315	275	40
2281	345	275	70
2282	344	281	63
2283	318	285	33
2284	313	282	31
2285	328	287	41
2286	330	285	45
2287	312	279	33
2288	289	286	3
2289	301	282	19
2290	304	275	29
2291	318	274	44
2292	318	283	35
2293	333	285	48
2294	325	284	41
2295	311	296	15
2296	307	288	19
2297	318	280	38
2298	329	279	50
2299	331	286	45
2300	321	277	44
2301	312	275	37
2302	339	274	65
2303	338	283	55
2304	301	282	19
2305	315	278	37
2306	320	288	32
2307	314	289	25
2308	324	280	44
2309	336	279	57
2310	319	288	31
2311	314	280	34
2312	329	270	59
2313	339	275	64
2314	333	275	58
2315	324	281	43
2316	303	281	22
2317	315	286	29
2318	347	283	64
2319	328	286	42
2320	295	284	11
2321	340	278	62
2322	335	271	64
2323	311	276	35
2324	313	277	36
2325	314	278	36
2326	313	277	36
2327	327	267	60
2328	343	271	72
2329	328	281	47
2330	317	279	38
2331	338	279	59
2332	319	280	39
2333	316	275	41
2334	310	270	40
2335	329	275	54
2336	317	274	43
2337	313	272	41
2338	310	275	35
2339	330	276	54
2340	336	277	59
2341	326	281	45
2342	302	287	15
2343	319	278	41
2344	336	277	59
2345	341	279	62
2346	334	271	63
2347	329	277	52
2348	328	276	52
2349	327	281	46
2350	323	279	44
2351	330	279	51
2352	317	283	34
2353	328	281	47
2354	329	269	60
2355	314	271	43
2356	293	281	12
2357	314	283	31
2358	326	283	43
2359	341	280	61
2360	321	271	50
2361	320	270	50
2362	317	268	49
2363	317	271	46
2364	334	271	63
2365	355	280	75
2366	318	283	35
2367	321	269	52
2368	328	271	57
2369	334	279	55
2370	320	267	53
2371	308	270	38
2372	323	275	48
2373	348	282	66
2374	332	289	43
2375	337	274	63
2376	340	275	65
2377	342	287	55
2378	337	290	47
2379	334	285	49
2380	327	276	51
2381	338	282	56
2382	329	278	51
2383	311	275	36
2384	307	277	30
2385	330	282	48
2386	329	280	49
2387	341	275	66
2388	324	275	49
2389	341	276	65
2390	326	276	50
2391	324	280	44
2392	344	278	66
2393	341	272	69
2394	324	276	48
2395	337	288	49
2396	336	287	49
2397	351	287	64
2398	338	283	55
2399	347	272	75
2400	358	269	89
2401	365	275	90
2402	360	277	83
2403	356	282	74
2404	344	285	59
2405	365	290	75
2406	387	285	102
2407	372	272	100
2408	350	268	82
2409	349	279	70
2410	361	281	80
2411	366	276	90
2412	379	270	109
2413	371	276	95
2414	385	282	103
2415	388	284	104
2416	378	280	98
2417	392	278	114
2418	394	280	114
2419	377	283	94
2420	361	286	75
2421	366	286	80
2422	379	277	102
2423	383	272	111
2424	377	267	110
2425	403	274	129
2426	394	277	117
2427	405	285	120
2428	411	285	126
2429	424	280	144
2430	417	275	142
2431	418	268	150
2432	439	265	174
2433	441	272	169
2434	437	276	161
2435	449	273	176
2436	442	281	161
2437	476	272	204
2438	470	262	208
2439	480	266	214
2440	484	279	205
2441	478	271	207
2442	476	270	206
2443	500	280	220
2444	508	274	234
2445	527	273	254
2446	523	276	247
2447	491	280	211
2448	529	283	246
2449	550	282	268
2450	546	283	263
2451	558	286	272
2452	580	285	295
2453	581	285	296
2454	574	290	284
2455	583	288	295
2456	580	283	297
2457	580	291	289
2458	589	281	308
2459	624	274	350
2460	622	284	338
2461	640	284	356
2462	655	286	369
2463	651	288	363
2464	620	278	342
2465	620	281	339
2466	646	282	364
2467	654	282	372
2468	662	267	395
2469	685	290	395
2470	697	277	420
2471	735	283	452
2472	754	286	468
2473	770	285	485
2474	796	276	520
2475	810	278	532
2476	793	276	517
2477	811	280	531
2478	843	282	561
2479	863	283	580
2480	879	286	593
2481	883	290	593
2482	855	280	575
2483	888	274	614
2484	901	274	627
2485	903	276	627
2486	928	282	646
2487	960	279	681
2488	935	276	659
2489	988	278	710
2490	981	272	709
2491	987	279	708
2492	1026	278	748
2493	1040	282	758
2494	1031	283	748
2495	1029	282	747
2496	1052	285	767
2497	1102	288	814
2498	1110	271	839
2499	1125	275	850
2500	1158	270	888
2501	1182	278	904
2502	1217	282	935
2503	1203	279	924
2504	1222	284	938
2505	1292	281	1011
2506	1265	276	989
2507	1310	267	1043
2508	1324	274	1050
2509	1316	286	1030
2510	1378	273	1105
2511	1394	269	1125
2512	1375	267	1108
2513	1374	276	1098
2514	1392	276	1116
2515	1451	279	1172
2516	1469	276	1193
2517	1458	280	1178
2518	1462	288	1174
2519	1501	286	1215
2520	1521	268	1253
2521	1527	269	1258
2522	1540	276	1264
2523	1600	283	1317
2524	1563	290	1273
2525	1597	286	1311
2526	1641	279	1362
2527	1671	274	1397
2528	1711	270	1441
2529	1678	282	1396
2530	1668	277	1391
2531	1716	274	1442
2532	1761	282	1479
2533	1791	289	1502
2534	1786	282	1504
2535	1786	282	1504
2536	1810	276	1534
2537	1848	269	1579
2538	1877	280	1597
2539	1914	289	1625
2540	1919	285	1634
2541	1900	274	1626
2542	1923	270	1653
2543	1961	276	1685
2544	1975	276	1699
2545	2028	281	1747
2546	2068	281	1787
2547	2050	284	1766
2548	2066	279	1787
2549	2059	271	1788
2550	2080	275	1805
2551	2145	279	1866
2552	2118	276	1842
2553	2122	277	1845
2554	2168	280	1888
2555	2183	279	1904
2556	2186	282	1904
2557	2234	278	1956
2558	2232	273	1959
2559	2223	273	1950
2560	2228	283	1945
2561	2298	290	2008
2562	2345	281	2064
2563	2375	282	2093
2564	2377	283	2094
2565	2383	283	2100
2566	2404	283	2121
2567	2384	292	2092
2568	2398	292	2106
2569	2463	288	2175
2570	2462	273	2189
2571	2507	271	2236
2572	2532	279	2253
2573	2551	284	2267
2574	2549	277	2272
2575	2575	279	2296
2576	2597	275	2322
2577	2598	281	2317
2578	2673	282	2391
2579	2672	276	2396
2580	2660	269	2391
2581	2684	273	2411
2582	2739	274	2465
2583	2735	279	2456
2584	2742	280	2462
2585	2755	274	2481
2586	2767	273	2494
2587	2735	281	2454
2588	2706	281	2425
2589	2747	284	2463
2590	2791	283	2508
2591	2815	280	2535
2592	2816	281	2535
2593	2858	284	2574
2594	2832	279	2553
2595	2881	282	2599
2596	2901	273	2628
2597	2893	277	2616
2598	2880	279	2601
2599	2877	282	2595
2600	2943	277	2666
2601	2959	268	2691
2602	2954	277	2677
2603	2973	278	2695
2604	2928	282	2646
2605	2945	288	2657
2606	2998	281	2717
2607	3005	275	2730
2608	3047	272	2775
2609	3046	278	2768
2610	3090	281	2809
2611	3110	280	2830
2612	3104	273	2831
2613	3143	275	2868
2614	3117	281	2836
2615	3105	277	2828
2616	3112	280	2832
2617	3146	281	2865
2618	3167	277	2890
2619	3186	279	2907
2620	3195	284	2911
2621	3208	282	2926
2622	3229	280	2949
2623	3209	276	2933
2624	3204	274	2930
2625	3243	268	2975
2626	3272	278	2994
2627	3290	286	3004
2628	3350	281	3069
2629	3328	283	3045
2630	3264	281	2983
2631	3290	286	3004
2632	3337	282	3055
2633	3366	279	3087
2634	3332	283	3049
2635	3323	280	3043
2636	3342	279	3063
2637	3340	280	3060
2638	3332	274	3058
2639	3378	273	3105
2640	3399	265	3134
2641	3368	267	3101
2642	3346	267	3079
2643	3428	278	3150
2644	3447	283	3164
2645	3413	287	3126
2646	3432	286	3146
2647	3465	279	3186
2648	3475	279	3196
2649	3515	289	3226
2650	3513	278	3235
2651	3515	270	3245
2652	3525	276	3249
2653	3558	279	3279
2654	3554	283	3271
2655	3550	278	3272
2656	3594	277	3317
2657	3602	279	3323
2658	3602	284	3318
2659	3606	288	3318
2660	3636	277	3359
2661	3625	277	3348
2662	3634	282	3352
2663	3688	293	3395
2664	3670	294	3376
2665	3696	285	3411
2666	3686	276	3410
2667	3705	277	3428
2668	3693	282	3411
2669	3676	277	3399
2670	3729	273	3456
2671	3833	281	3552
2672	3801	288	3513
2673	3750	282	3468
2674	3758	274	3484
2675	3791	278	3513
2676	3738	278	3460
2677	3747	277	3470
2678	3827	279	3548
2679	3851	281	3570
2680	3790	280	3510
2681	3883	285	3598
2682	3909	286	3623
2683	3883	283	3600
2684	3905	279	3626
2685	3885	285	3600
2686	3888	281	3607
2687	3870	279	3591
2688	3918	275	3643
2689	3891	277	3614
2690	3886	273	3613
2691	3913	277	3636
2692	3868	281	3587
2693	3919	279	3640
2694	3953	284	3669
2695	3920	288	3632
2696	3980	289	3691
2697	4026	280	3746
2698	3976	283	3693
2699	3948	274	3674
2700	3955	266	3689
2701	3980	275	3705
2702	3997	287	3710
2703	4033	285	3748
2704	4014	275	3739
2705	3985	283	3702
2706	3977	280	3697
2707	3969	285	3684
2708	3956	290	3666
2709	4039	285	3754
2710	3984	287	3697
2711	4030	288	3742
2712	4093	281	3812
2713	4085	288	3797
2714	4103	289	3814
2715	4134	283	3851
2716	4139	277	3862
2717	4130	277	3853
2718	4096	263	3833
2719	4115	279	3836
2720	4166	274	3892
2721	4205	274	3931
2722	4171	273	3898
2723	4169	283	3886
2724	4155	272	3883
2725	4164	273	3891
2726	4205	281	3924
2727	4235	280	3955
2728	4194	277	3917
2729	4163	278	3885
2730	4236	285	3951
2731	4264	290	3974
2732	4217	290	3927
2733	4223	288	3935
2734	4300	284	4016
2735	4254	283	3971
2736	4247	291	3956
2737	4311	283	4028
2738	4250	280	3970
2739	4230	280	3950
2740	4211	273	3938
2741	4262	276	3986
2742	4270	276	3994
2743	4276	278	3998
2744	4302	276	4026
2745	4345	275	4070
2746	4370	278	4092
2747	4338	276	4062
2748	4303	275	4028
2749	4339	275	4064
2750	4330	286	4044
2751	4279	298	3981
2752	4321	282	4039
2753	4367	285	4082
2754	4335	287	4048
2755	4411	285	4126
2756	4376	290	4086
2757	4300	289	4011
2758	4362	272	4090
2759	4346	274	4072
2760	4332	284	4048
2761	4397	277	4120
2762	4406	283	4123
2763	4361	284	4077
2764	4378	274	4104
2765	4426	273	4153
2766	4359	277	4082
2767	4387	278	4109
2768	4429	277	4152
2769	4507	279	4228
2770	4487	278	4209
2771	4414	283	4131
2772	4376	281	4095
2773	4395	279	4116
2774	4458	277	4181
2775	4399	283	4116
2776	4353	277	4076
2777	4408	283	4125
2778	4419	285	4134
2779	4476	283	4193
2780	4459	281	4178
2781	4431	281	4150
2782	4407	274	4133
2783	4416	282	4134
2784	4418	285	4133
2785	4398	280	4118
2786	4429	285	4144
2787	4426	286	4140
2788	4379	277	4102
2789	4434	282	4152
2790	4448	287	4161
2791	4468	277	4191
2792	4394	272	4122
2793	4396	276	4120
2794	4477	277	4200
2795	4436	282	4154
2796	4421	283	4138
2797	4435	281	4154
2798	4426	281	4145
2799	4383	279	4104
2800	4338	281	4057
2801	4388	278	4110
2802	4462	276	4186
2803	4462	281	4181
2804	4495	287	4208
2805	4473	283	4190
2806	4445	285	4160
2807	4470	288	4182
2808	4482	279	4203
2809	4445	283	4162
2810	4432	283	4149
2811	4467	278	4189
2812	4515	274	4241
2813	4501	282	4219
2814	4416	291	4125
2815	4406	284	4122
2816	4465	264	4201
2817	4433	267	4166
2818	4402	284	4118
2819	4473	279	4194
2820	4432	278	4154
2821	4446	286	4160
2822	4441	288	4153
2823	4419	283	4136
2824	4411	270	4141
2825	4371	275	4096
2826	4358	284	4074
2827	4358	290	4068
2828	4376	284	4092
2829	4343	279	4064
2830	4385	274	4111
2831	4431	274	4157
2832	4490	276	4214
2833	4456	286	4170
2834	4393	282	4111
2835	4431	287	4144
2836	4380	285	4095
2837	4390	291	4099
2838	4358	285	4073
2839	4401	287	4114
2840	4416	292	4124
2841	4312	281	4031
2842	4321	273	4048
2843	4382	273	4109
2844	4323	274	4049
2845	4376	276	4100
2846	4414	272	4142
2847	4363	270	4093
2848	4350	270	4080
2849	4352	276	4076
2850	4412	289	4123
2851	4370	286	4084
2852	4323	274	4049
2853	4324	281	4043
2854	4323	282	4041
2855	4343	278	4065
2856	4311	279	4032
2857	4301	282	4019
2858	4295	282	4013
2859	4296	276	4020
2860	4326	274	4052
2861	4275	277	3998
2862	4312	277	4035
2863	4330	285	4045
2864	4294	283	4011
2865	4319	280	4039
2866	4292	283	4009
2867	4292	286	4006
2868	4283	288	3995
2869	4283	292	3991
2870	4264	286	3978
2871	4270	286	3984
2872	4270	272	3998
2873	4313	273	4040
2874	4330	279	4051
2875	4285	288	3997
2876	4203	279	3924
2877	4142	283	3859
2878	4194	277	3917
2879	4268	262	4006
2880	4284	272	4012
2881	4235	280	3955
2882	4202	292	3910
2883	4173	277	3896
2884	4150	268	3882
2885	4200	278	3922
2886	4208	282	3926
2887	4235	278	3957
2888	4193	278	3915
2889	4207	281	3926
2890	4196	275	3921
2891	4224	287	3937
2892	4231	289	3942
2893	4186	282	3904
2894	4122	278	3844
2895	4079	286	3793
2896	4067	289	3778
2897	4135	286	3849
2898	4119	277	3842
2899	4106	282	3824
2900	4089	292	3797
2901	4051	282	3769
2902	4043	280	3763
2903	4076	280	3796
2904	4053	274	3779
2905	4032	273	3759
2906	4032	272	3760
2907	4040	275	3765
2908	4025	277	3748
2909	4016	280	3736
2910	4004	280	3724
2911	3952	277	3675
2912	3999	278	3721
2913	4092	275	3817
2914	4090	275	3815
2915	4038	277	3761
2916	4031	285	3746
2917	3997	286	3711
2918	3949	280	3669
2919	3974	278	3696
2920	3977	279	3698
2921	4019	287	3732
2922	4003	273	3730
2923	3926	275	3651
2924	3911	273	3638
2925	3969	276	3693
2926	3939	281	3658
2927	3997	285	3712
2928	3935	282	3653
2929	3861	282	3579
2930	3881	280	3601
2931	3839	288	3551
2932	3811	280	3531
2933	3866	274	3592
2934	3896	284	3612
2935	3879	283	3596
2936	3854	279	3575
2937	3851	284	3567
2938	3782	287	3495
2939	3800	275	3525
2940	3782	277	3505
2941	3826	281	3545
2942	3837	273	3564
2943	3848	271	3577
2944	3785	276	3509
2945	3777	280	3497
2946	3814	280	3534
2947	3826	280	3546
2948	3781	275	3506
2949	3710	278	3432
2950	3697	273	3424
2951	3741	270	3471
2952	3739	277	3462
2953	3710	275	3435
2954	3713	273	3440
2955	3693	272	3421
2956	3662	280	3382
2957	3688	279	3409
2958	3679	271	3408
2959	3646	270	3376
2960	3633	279	3354
2961	3629	284	3345
2962	3644	273	3371
2963	3686	280	3406
2964	3686	289	3397
2965	3644	281	3363
2966	3587	279	3308
2967	3600	288	3312
2968	3602	276	3326
2969	3532	283	3249
2970	3565	271	3294
2971	3603	281	3322
2972	3608	287	3321
2973	3563	280	3283
2974	3562	276	3286
2975	3521	271	3250
2976	3482	276	3206
2977	3481	281	3200
2978	3509	267	3242
2979	3474	278	3196
2980	3416	278	3138
2981	3460	283	3177
2982	3479	285	3194
2983	3439	282	3157
2984	3417	279	3138
2985	3424	282	3142
2986	3379	283	3096
2987	3381	276	3105
2988	3401	261	3140
2989	3365	270	3095
2990	3347	271	3076
2991	3367	286	3081
2992	3341	282	3059
2993	3332	271	3061
2994	3304	269	3035
2995	3319	275	3044
2996	3321	278	3043
2997	3300	278	3022
2998	3288	281	3007
2999	3246	294	2952
3000	3266	288	2978
3001	3266	284	2982
3002	3297	285	3012
3003	3241	278	2963
3004	3259	282	2977
3005	3234	279	2955
3006	3249	278	2971
3007	3186	277	2909
3008	3146	276	2870
3009	3194	290	2904
3010	3179	271	2908
3011	3154	277	2877
3012	3157	280	2877
3013	3180	277	2903
3014	3138	277	2861
3015	3107	272	2835
3016	3147	274	2873
3017	3064	279	2785
3018	3040	275	2765
3019	3020	275	2745
3020	3009	283	2726
3021	3028	279	2749
3022	3015	276	2739
3023	3032	284	2748
3024	3020	286	2734
3025	3039	285	2754
3026	3052	279	2773
3027	2995	283	2712
3028	2942	283	2659
3029	2918	276	2642
3030	2926	273	2653
3031	2964	280	2684
3032	2948	274	2674
3033	2920	281	2639
3034	2869	281	2588
3035	2845	279	2566
3036	2859	287	2572
3037	2866	287	2579
3038	2809	278	2531
3039	2721	280	2441
3040	2738	283	2455
3041	2809	285	2524
3042	2771	278	2493
3043	2740	277	2463
3044	2728	282	2446
3045	2746	291	2455
3046	2729	285	2444
3047	2712	282	2430
3048	2665	287	2378
3049	2631	287	2344
3050	2630	282	2348
3051	2601	282	2319
3052	2517	278	2239
3053	2540	273	2267
3054	2565	285	2280
3055	2544	287	2257
3056	2516	274	2242
3057	2545	270	2275
3058	2540	264	2276
3059	2469	264	2205
3060	2507	270	2237
3061	2504	281	2223
3062	2445	281	2164
3063	2491	278	2213
3064	2488	282	2206
3065	2455	287	2168
3066	2413	285	2128
3067	2435	284	2151
3068	2394	275	2119
3069	2355	275	2080
3070	2330	278	2052
3071	2293	278	2015
3072	2297	274	2023
3073	2288	282	2006
3074	2278	288	1990
3075	2291	277	2014
3076	2256	281	1975
3077	2240	283	1957
3078	2210	287	1923
3079	2193	292	1901
3080	2178	285	1893
3081	2174	281	1893
3082	2160	278	1882
3083	2145	283	1862
3084	2123	278	1845
3085	2107	270	1837
3086	2081	282	1799
3087	2076	297	1779
3088	2066	288	1778
3089	2035	290	1745
3090	2047	279	1768
3091	1999	276	1723
3092	1993	279	1714
3093	2035	288	1747
3094	1977	287	1690
3095	1962	285	1677
3096	1929	289	1640
3097	1949	287	1662
3098	1941	274	1667
3099	1924	280	1644
3100	1895	281	1614
3101	1856	279	1577
3102	1874	274	1600
3103	1849	275	1574
3104	1853	278	1575
3105	1802	285	1517
3106	1769	284	1485
3107	1757	281	1476
3108	1733	275	1458
3109	1778	282	1496
3110	1765	277	1488
3111	1735	281	1454
3112	1724	278	1446
3113	1736	274	1462
3114	1708	283	1425
3115	1687	288	1399
3116	1726	282	1444
3117	1704	281	1423
3118	1659	278	1381
3119	1653	280	1373
3120	1602	278	1324
3121	1600	283	1317
3122	1605	287	1318
3123	1570	285	1285
3124	1534	278	1256
3125	1535	278	1257
3126	1526	278	1248
3127	1551	280	1271
3128	1552	270	1282
3129	1505	268	1237
3130	1486	275	1211
3131	1495	285	1210
3132	1458	278	1180
3133	1476	274	1202
3134	1459	271	1188
3135	1419	272	1147
3136	1423	279	1144
3137	1439	285	1154
3138	1406	281	1125
3139	1365	280	1085
3140	1380	291	1089
3141	1394	282	1112
3142	1402	275	1127
3143	1388	282	1106
3144	1330	281	1049
3145	1326	279	1047
3146	1299	284	1015
3147	1256	286	970
3148	1272	279	993
3149	1286	276	1010
3150	1250	282	968
3151	1246	286	960
3152	1213	284	929
3153	1211	286	925
3154	1189	288	901
3155	1192	278	914
3156	1182	282	900
3157	1187	284	903
3158	1164	281	883
3159	1162	281	881
3160	1158	282	876
3161	1167	282	885
3162	1102	273	829
3163	1048	282	766
3164	1070	280	790
3165	1072	278	794
3166	1061	282	779
3167	1049	283	766
3168	1034	284	750
3169	1042	283	759
3170	1074	283	791
3171	1050	281	769
3172	1016	284	732
3173	1023	278	745
3174	998	281	717
3175	989	286	703
3176	988	286	702
3177	977	286	691
3178	985	289	696
3179	983	282	701
3180	938	285	653
3181	905	291	614
3182	897	282	615
3183	898	278	620
3184	886	277	609
3185	880	279	601
3186	887	276	611
3187	884	274	610
3188	868	277	591
3189	866	279	587
3190	849	274	575
3191	860	273	587
3192	846	277	569
3193	836	283	553
3194	802	278	524
3195	811	284	527
3196	806	286	520
3197	770	287	483
3198	787	282	505
3199	809	274	535
3200	804	281	523
3201	777	289	488
3202	784	278	506
3203	764	284	480
3204	740	287	453
3205	749	287	462
3206	729	283	446
3207	723	284	439
3208	720	279	441
3209	718	284	434
3210	717	279	438
3211	726	281	445
3212	702	288	414
3213	671	280	391
3214	644	277	367
3215	657	288	369
3216	662	275	387
3217	663	279	384
3218	670	277	393
3219	658	303	355
3220	624	285	339
3221	616	287	329
3222	647	295	352
3223	655	293	362
3224	631	281	350
3225	602	277	325
3226	618	285	333
3227	600	288	312
3228	585	283	302
3229	607	286	321
3230	604	279	325
3231	603	281	322
3232	574	285	289
3233	573	279	294
3234	548	282	266
3235	556	288	268
3236	567	288	279
3237	571	274	297
3238	567	274	293
3239	584	274	310
3240	591	280	311
3241	590	284	306
3242	577	281	296
3243	580	277	303
3244	538	278	260
3245	554	286	268
3246	562	283	279
3247	575	279	296
3248	553	282	271
3249	563	279	284
3250	561	278	283
3251	536	291	245
3252	528	292	236
3253	537	285	252
3254	539	284	255
3255	533	273	260
3256	525	282	243
3257	524	284	240
3258	520	278	242
3259	508	280	228
3260	520	273	247
3261	508	278	230
3262	490	287	203
3263	494	278	216
3264	504	273	231
3265	503	279	224
3266	501	279	222
3267	491	283	208
3268	491	281	210
3269	496	288	208
3270	473	278	195
3271	471	277	194
3272	478	285	193
3273	478	286	192
3274	493	281	212
3275	523	288	235
3276	491	288	203
3277	502	284	218
3278	474	276	198
3279	460	277	183
3280	461	277	184
3281	438	276	162
3282	424	267	157
3283	442	272	170
3284	458	274	184
3285	465	273	192
3286	440	272	168
3287	430	283	147
3288	458	284	174
3289	461	285	176
3290	426	284	142
3291	444	285	159
3292	430	285	145
3293	392	282	110
3294	402	277	125
3295	407	282	125
3296	427	279	148
3297	424	287	137
3298	406	278	128
3299	418	279	139
3300	410	285	125
3301	392	283	109
3302	411	282	129
3303	418	278	140
3304	396	276	120
3305	391	283	108
3306	412	277	135
3307	431	281	150
3308	383	273	110
3309	394	262	132
3310	392	268	124
3311	401	275	126
3312	418	277	141
3313	427	278	149
3314	403	275	128
3315	390	279	111
3316	391	279	112
3317	386	286	100
3318	371	283	88
3319	390	280	110
3320	392	278	114
3321	397	281	116
3322	388	283	105
3323	412	279	133
3324	411	284	127
3325	385	283	102
3326	386	281	105
3327	407	277	130
3328	405	282	123
3329	408	288	120
3330	392	281	111
3331	379	285	94
3332	374	277	97
3333	383	282	101
3334	362	282	80
3335	395	279	116
3336	370	287	83
3337	356	282	74
3338	386	278	108
3339	396	280	116
3340	393	282	111
3341	371	285	86
3342	349	280	69
3343	352	286	66
3344	356	285	71
3345	359	291	68
3346	363	287	76
3347	386	279	107
3348	375	273	102
3349	383	279	104
3350	355	286	69
3351	362	282	80
3352	360	286	74
3353	359	285	74
3354	358	282	76
3355	374	281	93
3356	362	283	79
3357	343	294	49
3358	339	287	52
3359	338	288	50
3360	360	286	74
3361	366	286	80
3362	360	282	78
3363	377	284	93
3364	371	283	88
3365	362	288	74
3366	357	285	72
3367	372	279	93
3368	362	289	73
3369	357	290	67
3370	369	283	86
3371	371	286	85
3372	359	278	81
3373	338	287	51
3374	339	285	54
3375	366	282	84
3376	348	280	68
3377	337	279	58
3378	352	285	67
3379	366	291	75
3380	361	289	72
3381	358	290	68
3382	354	288	66
3383	353	281	72
3384	359	274	85
3385	343	284	59
3386	325	282	43
3387	346	287	59
3388	347	286	61
3389	364	280	84
3390	368	284	84
3391	356	283	73
3392	343	279	64
3393	376	283	93
3394	350	287	63
3395	357	282	75
3396	364	276	88
3397	386	273	113
3398	379	280	99
3399	389	295	94
3400	384	288	96
3401	388	275	113
3402	352	270	82
3403	352	280	72
3404	360	276	84
3405	350	281	69
3406	349	286	63
3407	356	283	73
3408	340	276	64
3409	359	277	82
3410	375	289	86
3411	357	290	67
3412	335	281	54
3413	334	277	57
3414	340	274	66
3415	333	275	58
3416	337	270	67
3417	350	265	85
3418	345	260	85
3419	342	263	79
3420	329	271	58
3421	346	281	65
3422	356	282	74
3423	337	275	62
3424	350	279	71
3425	360	272	88
3426	351	274	77
3427	344	281	63
3428	371	279	92
3429	376	276	100
3430	344	275	69
3431	347	275	72
3432	355	277	78
3433	342	280	62
3434	356	288	68
3435	354	288	66
3436	345	279	66
3437	364	283	81
3438	360	285	75
3439	375	280	95
3440	345	282	63
3441	350	273	77
3442	358	274	84
3443	360	273	87
3444	364	277	87
3445	367	276	91
3446	338	284	54
3447	342	290	52
3448	336	275	61
3449	338	275	63
3450	341	281	60
3451	340	281	59
3452	343	286	57
3453	347	285	62
3454	357	281	76
3455	372	286	86
3456	372	279	93
3457	352	281	71
3458	317	282	35
3459	338	289	49
3460	355	289	66
3461	351	289	62
3462	340	277	63
3463	336	283	53
3464	346	294	52
3465	364	289	75
3466	351	279	72
3467	331	286	45
3468	333	272	61
3469	344	290	54
3470	349	277	72
3471	349	275	74
3472	345	287	58
3473	366	285	81
3474	364	279	85
3475	359	281	78
3476	341	285	56
3477	346	287	59
3478	361	282	79
3479	368	284	84
3480	372	275	97
3481	349	280	69
3482	313	280	33
3483	348	271	77
3484	365	275	90
3485	367	281	86
3486	353	283	70
3487	352	280	72
3488	352	281	71
3489	342	273	69
3490	324	270	54
3491	347	282	65
3492	338	277	61
3493	355	278	77
3494	356	279	77
3495	341	277	64
3496	343	270	73
3497	350	269	81
3498	320	280	40
3499	340	286	54
3500	367	276	91
3501	341	274	67
3502	331	276	55
3503	365	272	93
3504	348	274	74
3505	361	281	80
3506	358	282	76
3507	361	284	77
3508	333	279	54
3509	338	276	62
3510	340	276	64
3511	339	272	67
3512	357	271	86
3513	366	279	87
3514	348	272	76
3515	346	274	72
3516	344	290	54
3517	366	291	75
3518	357	280	77
3519	360	284	76
3520	360	275	85
3521	335	273	62
3522	313	279	34
3523	330	278	52
3524	336	282	54
3525	309	293	16
3526	322	284	38
3527	350	283	67
3528	329	282	47
3529	338	283	55
3530	355	280	75
3531	362	281	81
3532	362	282	80
3533	361	270	91
3534	359	273	86
3535	354	278	76
3536	345	280	65
3537	356	284	72
3538	352	277	75
3539	350	282	68
3540	355	287	68
3541	366	285	81
3542	343	279	64
3543	330	273	57
3544	339	273	66
3545	340	282	58
3546	350	282	68
3547	352	286	66
3548	336	274	62
3549	338	269	69
3550	339	269	70
3551	336	278	58
3552	333	277	56
3553	330	285	45
3554	341	289	52
3555	347	282	65
3556	340	283	57
3557	342	281	61
3558	326	280	46
3559	338	278	60
3560	340	285	55
3561	324	286	38
3562	324	271	53
3563	338	279	59
3564	338	283	55
3565	349	285	64
3566	326	277	49
3567	311	281	30
3568	324	280	44
3569	321	280	41
3570	320	282	38
3571	320	280	40
3572	323	273	50
3573	357	279	78
3574	346	281	65
3575	355	281	74
3576	336	289	47
3577	337	288	49
3578	345	280	65
3579	338	285	53
3580	327	285	42
3581	319	287	32
3582	333	290	43
3583	339	280	59
3584	307	283	24
3585	320	281	39
3586	333	272	61
3587	343	279	64
3588	331	284	47
3589	343	288	55
3590	351	280	71
3591	343	289	54
3592	337	288	49
3593	335	280	55
3594	346	276	70
3595	328	284	44
3596	353	297	56
3597	350	289	61
3598	320	275	45
3599	324	282	42
3600	338	277	61
3601	351	276	75
3602	318	282	36
3603	319	283	36
3604	321	284	37
3605	362	286	76
3606	342	297	45
3607	344	299	45
3608	334	280	54
3609	350	276	74
3610	362	283	79
3611	339	288	51
3612	327	277	50
3613	342	274	68
3614	335	279	56
3615	347	280	67
3616	345	286	59
3617	336	287	49
3618	335	291	44
3619	340	288	52
3620	332	281	51
3621	333	286	47
3622	316	278	38
3623	325	281	44
3624	318	280	38
3625	322	279	43
3626	340	288	52
3627	346	293	53
3628	327	288	39
3629	334	281	53
3630	332	278	54
3631	328	279	49
3632	331	275	56
3633	345	276	69
3634	323	274	49
3635	321	275	46
3636	332	268	64
3637	330	279	51
3638	332	288	44
3639	324	291	33
3640	318	281	37
3641	341	277	64
3642	345	281	64
3643	340	275	65
3644	337	277	60
3645	333	290	43
3646	318	285	33
3647	335	278	57
3648	346	272	74
