index	original	background	difference
-----------------------------------------------------
1	714	249	465
2	726	238	488
3	753	236	517
4	747	240	507
5	744	244	500
6	733	252	481
7	747	249	498
8	752	247	505
9	757	254	503
10	745	256	489
11	743	257	486
12	746	245	501
13	757	250	507
14	765	252	513
15	799	255	544
16	810	261	549
17	809	261	548
18	801	258	543
19	779	253	526
20	810	260	550
21	800	253	547
22	792	250	542
23	808	259	549
24	801	261	540
25	808	257	551
26	792	261	531
27	793	266	527
28	798	254	544
29	829	264	565
30	820	265	555
31	824	257	567
32	820	255	565
33	822	267	555
34	824	261	563
35	813	264	549
36	812	271	541
37	837	272	565
38	838	272	566
39	825	263	562
40	815	266	549
41	821	264	557
42	845	270	575
43	841	269	572
44	811	265	546
45	790	269	521
46	822	274	548
47	825	273	552
48	819	267	552
49	833	267	566
50	848	267	581
51	848	269	579
52	850	264	586
53	847	259	588
54	848	267	581
55	850	267	583
56	879	281	598
57	891	278	613
58	868	272	596
59	863	275	588
60	866	269	597
61	858	266	592
62	851	265	586
63	886	275	611
64	889	273	616
65	872	270	602
66	855	270	585
67	867	277	590
68	896	273	623
69	918	280	638
70	892	289	603
71	885	278	607
72	888	280	608
73	878	281	597
74	863	271	592
75	886	268	618
76	879	268	611
77	896	271	625
78	905	274	631
79	937	279	658
80	929	280	649
81	911	274	637
82	903	270	633
83	913	277	636
84	908	273	635
85	926	277	649
86	944	287	657
87	940	283	657
88	914	275	639
89	937	274	663
90	937	268	669
91	957	272	685
92	962	273	689
93	932	261	671
94	941	274	667
95	946	277	669
96	954	274	680
97	962	277	685
98	984	272	712
99	977	271	706
100	982	278	704
101	1009	281	728
102	992	272	720
103	997	275	722
104	985	276	709
105	1004	277	727
106	993	286	707
107	1015	279	736
108	1026	272	754
109	1035	284	751
110	1012	274	738
111	1049	276	773
112	1024	287	737
113	1036	274	762
114	1057	272	785
115	1060	280	780
116	1058	277	781
117	1062	276	786
118	1057	293	764
119	1057	288	769
120	1078	269	809
121	1105	272	833
122	1110	274	836
123	1101	287	814
124	1110	294	816
125	1108	281	827
126	1102	281	821
127	1116	290	826
128	1128	281	847
129	1130	279	851
130	1159	275	884
131	1155	277	878
132	1160	279	881
133	1148	276	872
134	1169	282	887
135	1150	279	871
136	1153	287	866
137	1165	283	882
138	1168	278	890
139	1160	278	882
140	1142	278	864
141	1163	280	883
142	1165	276	889
143	1180	291	889
144	1187	288	899
145	1180	279	901
146	1146	274	872
147	1174	277	897
148	1194	276	918
149	1202	282	920
150	1199	278	921
151	1216	278	938
152	1194	279	915
153	1222	287	935
154	1220	278	942
155	1220	271	949
156	1272	269	1003
157	1286	274	1012
158	1269	279	990
159	1270	280	990
160	1289	284	1005
161	1276	277	999
162	1256	279	977
163	1282	279	1003
164	1299	276	1023
165	1287	279	1008
166	1269	283	986
167	1288	286	1002
168	1307	287	1020
169	1330	292	1038
170	1316	283	1033
171	1326	288	1038
172	1323	275	1048
173	1310	269	1041
174	1319	277	1042
175	1342	288	1054
176	1327	281	1046
177	1369	282	1087
178	1379	285	1094
179	1359	281	1078
180	1376	280	1096
181	1393	280	1113
182	1398	279	1119
183	1360	285	1075
184	1333	285	1048
185	1328	279	1049
186	1372	282	1090
187	1368	286	1082
188	1415	280	1135
189	1417	283	1134
190	1392	279	1113
191	1377	281	1096
192	1380	280	1100
193	1403	279	1124
194	1380	284	1096
195	1381	283	1098
196	1414	284	1130
197	1423	277	1146
198	1408	281	1127
199	1424	283	1141
200	1414	287	1127
201	1410	288	1122
202	1438	276	1162
203	1430	282	1148
204	1434	289	1145
205	1437	286	1151
206	1428	281	1147
207	1477	282	1195
208	1471	279	1192
209	1454	279	1175
210	1469	281	1188
211	1445	283	1162
212	1467	278	1189
213	1468	276	1192
214	1472	274	1198
215	1442	268	1174
216	1431	275	1156
217	1470	284	1186
218	1494	267	1227
219	1507	290	1217
220	1494	274	1220
221	1488	272	1216
222	1460	276	1184
223	1470	281	1189
224	1485	285	1200
225	1480	280	1200
226	1489	280	1209
227	1483	284	1199
228	1473	281	1192
229	1493	274	1219
230	1471	285	1186
231	1514	275	1239
232	1552	274	1278
233	1524	285	1239
234	1503	286	1217
235	1506	286	1220
236	1535	278	1257
237	1546	277	1269
238	1510	270	1240
239	1493	275	1218
240	1525	276	1249
241	1539	280	1259
242	1507	287	1220
243	1526	288	1238
244	1519	280	1239
245	1530	273	1257
246	1534	276	1258
247	1572	287	1285
248	1566	283	1283
249	1514	280	1234
250	1538	281	1257
251	1612	279	1333
252	1630	276	1354
253	1572	283	1289
254	1557	280	1277
255	1556	278	1278
256	1563	279	1284
257	1583	280	1303
258	1576	282	1294
259	1553	276	1277
260	1557	276	1281
261	1588	279	1309
262	1591	275	1316
263	1586	279	1307
264	1579	276	1303
265	1598	269	1329
266	1616	274	1342
267	1619	280	1339
268	1635	277	1358
269	1594	272	1322
270	1612	272	1340
271	1621	272	1349
272	1612	275	1337
273	1626	279	1347
274	1609	282	1327
275	1639	282	1357
276	1651	283	1368
277	1621	287	1334
278	1617	273	1344
279	1629	276	1353
280	1678	273	1405
281	1667	278	1389
282	1665	280	1385
283	1648	282	1366
284	1658	282	1376
285	1653	288	1365
286	1646	282	1364
287	1685	292	1393
288	1657	293	1364
289	1662	286	1376
290	1701	280	1421
291	1715	274	1441
292	1687	273	1414
293	1700	277	1423
294	1696	276	1420
295	1731	280	1451
296	1760	279	1481
297	1755	277	1478
298	1746	279	1467
299	1742	279	1463
300	1772	280	1492
301	1770	285	1485
302	1754	273	1481
303	1758	274	1484
304	1748	275	1473
305	1761	283	1478
306	1772	285	1487
307	1785	290	1495
308	1792	297	1495
309	1800	280	1520
310	1766	279	1487
311	1768	279	1489
312	1784	282	1502
313	1813	272	1541
314	1791	269	1522
315	1793	276	1517
316	1818	283	1535
317	1837	278	1559
318	1824	280	1544
319	1837	284	1553
320	1817	277	1540
321	1849	281	1568
322	1842	271	1571
323	1851	268	1583
324	1847	269	1578
325	1817	278	1539
326	1823	276	1547
327	1835	275	1560
328	1841	283	1558
329	1847	278	1569
330	1849	280	1569
331	1818	277	1541
332	1835	275	1560
333	1906	284	1622
334	1891	274	1617
335	1877	276	1601
336	1862	283	1579
337	1892	281	1611
338	1930	283	1647
339	1930	284	1646
340	1912	279	1633
341	1922	283	1639
342	1943	279	1664
343	1984	276	1708
344	1984	270	1714
345	1953	268	1685
346	1954	267	1687
347	1970	272	1698
348	1954	271	1683
349	1950	286	1664
350	1968	273	1695
351	1961	270	1691
352	2004	274	1730
353	1992	281	1711
354	2006	277	1729
355	2056	275	1781
356	2031	271	1760
357	2060	273	1787
358	2043	278	1765
359	2065	271	1794
360	2062	264	1798
361	2072	274	1798
362	2067	267	1800
363	2091	268	1823
364	2111	271	1840
365	2118	278	1840
366	2106	281	1825
367	2127	288	1839
368	2105	290	1815
369	2084	290	1794
370	2078	284	1794
371	2087	274	1813
372	2115	273	1842
373	2130	277	1853
374	2146	282	1864
375	2206	281	1925
376	2211	274	1937
377	2211	274	1937
378	2178	279	1899
379	2189	282	1907
380	2168	271	1897
381	2165	288	1877
382	2221	285	1936
383	2259	270	1989
384	2192	264	1928
385	2214	274	1940
386	2243	280	1963
387	2246	280	1966
388	2246	273	1973
389	2280	280	2000
390	2265	286	1979
391	2293	279	2014
392	2296	282	2014
393	2330	279	2051
394	2307	273	2034
395	2290	282	2008
396	2276	278	1998
397	2338	278	2060
398	2320	274	2046
399	2337	286	2051
400	2289	284	2005
401	2291	276	2015
402	2298	278	2020
403	2328	284	2044
404	2329	275	2054
405	2380	273	2107
406	2345	273	2072
407	2353	276	2077
408	2378	273	2105
409	2341	265	2076
410	2357	272	2085
411	2389	281	2108
412	2384	287	2097
413	2446	281	2165
414	2408	279	2129
415	2379	271	2108
416	2424	278	2146
417	2448	282	2166
418	2450	279	2171
419	2464	273	2191
420	2466	271	2195
421	2454	269	2185
422	2433	278	2155
423	2396	286	2110
424	2396	283	2113
425	2455	284	2171
426	2473	287	2186
427	2513	288	2225
428	2492	285	2207
429	2441	283	2158
430	2447	275	2172
431	2477	276	2201
432	2480	281	2199
433	2507	276	2231
434	2490	274	2216
435	2523	281	2242
436	2527	276	2251
437	2496	276	2220
438	2524	282	2242
439	2546	284	2262
440	2492	280	2212
441	2529	286	2243
442	2568	289	2279
443	2566	284	2282
444	2582	277	2305
445	2567	286	2281
446	2559	279	2280
447	2609	283	2326
448	2598	284	2314
449	2593	281	2312
450	2621	282	2339
451	2590	281	2309
452	2583	267	2316
453	2590	278	2312
454	2634	284	2350
455	2689	287	2402
456	2638	282	2356
457	2614	277	2337
458	2581	273	2308
459	2569	277	2292
460	2619	284	2335
461	2674	281	2393
462	2674	279	2395
463	2669	279	2390
464	2633	277	2356
465	2612	281	2331
466	2635	279	2356
467	2636	276	2360
468	2607	263	2344
469	2671	299	2372
470	2678	281	2397
471	2710	281	2429
472	2744	283	2461
473	2720	280	2440
474	2718	279	2439
475	2689	280	2409
476	2709	277	2432
477	2738	274	2464
478	2714	268	2446
479	2772	272	2500
480	2762	278	2484
481	2728	278	2450
482	2748	279	2469
483	2744	284	2460
484	2746	281	2465
485	2775	273	2502
486	2752	271	2481
487	2743	280	2463
488	2785	287	2498
489	2838	289	2549
490	2848	291	2557
491	2817	290	2527
492	2766	283	2483
493	2795	275	2520
494	2822	282	2540
495	2843	288	2555
496	2842	283	2559
497	2843	275	2568
498	2860	272	2588
499	2868	278	2590
500	2831	279	2552
501	2833	279	2554
502	2870	276	2594
503	2906	282	2624
504	2924	282	2642
505	2902	284	2618
506	2906	279	2627
507	2970	285	2685
508	2905	281	2624
509	2903	276	2627
510	2923	275	2648
511	2895	276	2619
512	2911	277	2634
513	2969	280	2689
514	2942	277	2665
515	2932	276	2656
516	2899	277	2622
517	2895	281	2614
518	2897	284	2613
519	2981	287	2694
520	3009	288	2721
521	3018	285	2733
522	3014	283	2731
523	2983	290	2693
524	2974	282	2692
525	2989	273	2716
526	2958	278	2680
527	2950	276	2674
528	2922	278	2644
529	2995	285	2710
530	3054	280	2774
531	3069	280	2789
532	3064	289	2775
533	3086	282	2804
534	3037	270	2767
535	3077	272	2805
536	3104	274	2830
537	3078	290	2788
538	3080	285	2795
539	3100	281	2819
540	3070	281	2789
541	3067	281	2786
542	3090	287	2803
543	3057	283	2774
544	3089	277	2812
545	3132	285	2847
546	3118	276	2842
547	3116	285	2831
548	3122	293	2829
549	3132	285	2847
550	3192	284	2908
551	3196	285	2911
552	3197	285	2912
553	3212	276	2936
554	3231	278	2953
555	3247	282	2965
556	3267	269	2998
557	3218	287	2931
558	3219	284	2935
559	3254	287	2967
560	3211	287	2924
561	3230	283	2947
562	3284	280	3004
563	3286	277	3009
564	3295	282	3013
565	3310	293	3017
566	3278	285	2993
567	3309	280	3029
568	3308	272	3036
569	3289	276	3013
570	3302	282	3020
571	3313	295	3018
572	3313	293	3020
573	3348	289	3059
574	3378	285	3093
575	3395	281	3114
576	3397	282	3115
577	3354	272	3082
578	3412	276	3136
579	3418	267	3151
580	3376	272	3104
581	3460	272	3188
582	3484	274	3210
583	3421	285	3136
584	3446	273	3173
585	3470	274	3196
586	3477	280	3197
587	3529	287	3242
588	3550	279	3271
589	3536	278	3258
590	3534	283	3251
591	3571	283	3288
592	3544	280	3264
593	3522	277	3245
594	3553	278	3275
595	3608	281	3327
596	3592	279	3313
597	3614	281	3333
598	3627	276	3351
599	3667	282	3385
600	3625	284	3341
601	3663	285	3378
602	3689	283	3406
603	3687	281	3406
604	3721	268	3453
605	3726	272	3454
606	3687	270	3417
607	3746	274	3472
608	3781	276	3505
609	3755	281	3474
610	3796	276	3520
611	3801	280	3521
612	3804	284	3520
613	3810	286	3524
614	3834	282	3552
615	3848	275	3573
616	3844	277	3567
617	3839	271	3568
618	3868	267	3601
619	3907	283	3624
620	3921	277	3644
621	3902	284	3618
622	3953	282	3671
623	3946	279	3667
624	3923	286	3637
625	4021	289	3732
626	4005	280	3725
627	3962	281	3681
628	4002	272	3730
629	4034	270	3764
630	4023	272	3751
631	4010	278	3732
632	3991	273	3718
633	4032	277	3755
634	4053	281	3772
635	4072	279	3793
636	4061	274	3787
637	4087	278	3809
638	4119	283	3836
639	4193	292	3901
640	4176	283	3893
641	4210	276	3934
642	4210	272	3938
643	4245	281	3964
644	4265	279	3986
645	4205	284	3921
646	4181	277	3904
647	4228	280	3948
648	4256	276	3980
649	4285	286	3999
650	4257	280	3977
651	4274	280	3994
652	4221	281	3940
653	4282	287	3995
654	4320	291	4029
655	4332	282	4050
656	4391	277	4114
657	4378	286	4092
658	4319	287	4032
659	4304	280	4024
660	4344	282	4062
661	4429	289	4140
662	4406	277	4129
663	4472	285	4187
664	4421	278	4143
665	4448	268	4180
666	4425	272	4153
667	4478	276	4202
668	4535	274	4261
669	4532	280	4252
670	4512	275	4237
671	4522	275	4247
672	4498	284	4214
673	4512	294	4218
674	4520	283	4237
675	4532	279	4253
676	4569	281	4288
677	4622	277	4345
678	4554	274	4280
679	4569	276	4293
680	4518	275	4243
681	4565	279	4286
682	4619	273	4346
683	4664	278	4386
684	4667	279	4388
685	4584	288	4296
686	4595	283	4312
687	4632	275	4357
688	4622	279	4343
689	4662	284	4378
690	4653	287	4366
691	4662	287	4375
692	4694	277	4417
693	4707	275	4432
694	4638	277	4361
695	4664	285	4379
696	4688	273	4415
697	4639	282	4357
698	4666	284	4382
699	4736	283	4453
700	4777	288	4489
701	4790	294	4496
702	4783	286	4497
703	4789	279	4510
704	4738	278	4460
705	4756	273	4483
706	4782	280	4502
707	4753	282	4471
708	4744	276	4468
709	4770	269	4501
710	4778	275	4503
711	4812	287	4525
712	4835	282	4553
713	4830	284	4546
714	4814	278	4536
715	4802	267	4535
716	4788	272	4516
717	4872	280	4592
718	4862	267	4595
719	4856	291	4565
720	4801	285	4516
721	4837	279	4558
722	4850	286	4564
723	4840	290	4550
724	4859	280	4579
725	4865	287	4578
726	4845	284	4561
727	4835	276	4559
728	4839	274	4565
729	4831	280	4551
730	4921	292	4629
731	4912	289	4623
732	4861	282	4579
733	4868	284	4584
734	4891	280	4611
735	4879	279	4600
736	4887	279	4608
737	4878	277	4601
738	4808	277	4531
739	4874	278	4596
740	4882	281	4601
741	4908	281	4627
742	4873	288	4585
743	4832	287	4545
744	4901	269	4632
745	4923	281	4642
746	4908	284	4624
747	4917	282	4635
748	4987	286	4701
749	4966	283	4683
750	4873	275	4598
751	4858	280	4578
752	4882	286	4596
753	4956	281	4675
754	5006	278	4728
755	5013	283	4730
756	5018	277	4741
757	4995	278	4717
758	4966	274	4692
759	5004	277	4727
760	4970	280	4690
761	4931	282	4649
762	4917	276	4641
763	4958	280	4678
764	5058	278	4780
765	5015	282	4733
766	4957	284	4673
767	5013	287	4726
768	5008	278	4730
769	4975	277	4698
770	4968	276	4692
771	4956	288	4668
772	4915	284	4631
773	4985	280	4705
774	4984	276	4708
775	4984	284	4700
776	5048	285	4763
777	5009	273	4736
778	4982	276	4706
779	4989	284	4705
780	5024	274	4750
781	4996	267	4729
782	5028	272	4756
783	5038	280	4758
784	5125	281	4844
785	5148	278	4870
786	4977	278	4699
787	5025	285	4740
788	5039	274	4765
789	5073	278	4795
790	5081	287	4794
791	5026	279	4747
792	5085	283	4802
793	5035	281	4754
794	5039	276	4763
795	5076	278	4798
796	5068	277	4791
797	5057	277	4780
798	5009	278	4731
799	5098	275	4823
800	5069	278	4791
801	5104	291	4813
802	5109	281	4828
803	5133	286	4847
804	5101	293	4808
805	5094	290	4804
806	5111	285	4826
807	5130	288	4842
808	5123	290	4833
809	5179	286	4893
810	5184	280	4904
811	5101	279	4822
812	5161	290	4871
813	5188	281	4907
814	5168	272	4896
815	5205	292	4913
816	5219	285	4934
817	5282	275	5007
818	5243	281	4962
819	5234	290	4944
820	5246	286	4960
821	5238	285	4953
822	5229	285	4944
823	5261	284	4977
824	5246	275	4971
825	5228	274	4954
826	5292	281	5011
827	5317	277	5040
828	5267	286	4981
829	5276	285	4991
830	5270	271	4999
831	5294	279	5015
832	5360	275	5085
833	5460	269	5191
834	5516	278	5238
835	5486	279	5207
836	5474	278	5196
837	5503	282	5221
838	5456	285	5171
839	5467	284	5183
840	5506	286	5220
841	5553	283	5270
842	5626	280	5346
843	5560	286	5274
844	5537	285	5252
845	5577	287	5290
846	5673	279	5394
847	5702	269	5433
848	5722	266	5456
849	5742	277	5465
850	5731	282	5449
851	5791	282	5509
852	5769	284	5485
853	5807	274	5533
854	5823	269	5554
855	5880	277	5603
856	5873	284	5589
857	5816	285	5531
858	5846	284	5562
859	5879	281	5598
860	5880	275	5605
861	5859	276	5583
862	5865	273	5592
863	5892	275	5617
864	5870	280	5590
865	5915	281	5634
866	5958	273	5685
867	6028	273	5755
868	6007	276	5731
869	5989	283	5706
870	5964	279	5685
871	6017	273	5744
872	6003	275	5728
873	5958	275	5683
874	6012	274	5738
875	6048	284	5764
876	6125	280	5845
877	6112	283	5829
878	6071	280	5791
879	6141	284	5857
880	6232	286	5946
881	6230	285	5945
882	6233	282	5951
883	6276	278	5998
884	6233	279	5954
885	6333	288	6045
886	6361	280	6081
887	6325	272	6053
888	6357	279	6078
889	6379	280	6099
890	6340	277	6063
891	6393	281	6112
892	6466	286	6180
893	6513	281	6232
894	6480	272	6208
895	6499	279	6220
896	6539	289	6250
897	6540	288	6252
898	6475	283	6192
899	6547	273	6274
900	6664	267	6397
901	6621	273	6348
902	6554	275	6279
903	6674	280	6394
904	6652	279	6373
905	6699	290	6409
906	6712	283	6429
907	6737	271	6466
908	6782	277	6505
909	6820	284	6536
910	6878	279	6599
911	6885	281	6604
912	6871	284	6587
913	6857	278	6579
914	6849	284	6565
915	6827	283	6544
916	6867	282	6585
917	6840	282	6558
918	6763	296	6467
919	6798	286	6512
920	6896	283	6613
921	6901	282	6619
922	6889	271	6618
923	6951	276	6675
924	7048	273	6775
925	7095	268	6827
926	7079	288	6791
927	7035	292	6743
928	7035	288	6747
929	7077	282	6795
930	7038	274	6764
931	7076	272	6804
932	7142	280	6862
933	7201	283	6918
934	7266	284	6982
935	7267	276	6991
936	7249	275	6974
937	7295	277	7018
938	7284	277	7007
939	7329	286	7043
940	7386	283	7103
941	7324	284	7040
942	7422	286	7136
943	7489	280	7209
944	7410	278	7132
945	7448	279	7169
946	7455	278	7177
947	7443	274	7169
948	7412	273	7139
949	7457	276	7181
950	7524	278	7246
951	7541	279	7262
952	7557	279	7278
953	7540	278	7262
954	7523	282	7241
955	7580	271	7309
956	7596	270	7326
957	7642	283	7359
958	7680	289	7391
959	7678	289	7389
960	7702	280	7422
961	7733	281	7452
962	7724	279	7445
963	7766	290	7476
964	7837	291	7546
965	7857	287	7570
966	7794	289	7505
967	7792	286	7506
968	7821	265	7556
969	7789	291	7498
970	7696	279	7417
971	7764	282	7482
972	7840	284	7556
973	7799	282	7517
974	7821	283	7538
975	7851	278	7573
976	7872	280	7592
977	7824	280	7544
978	7825	281	7544
979	7842	272	7570
980	7738	272	7466
981	7763	282	7481
982	7817	277	7540
983	7796	284	7512
984	7892	288	7604
985	7901	279	7622
986	7892	282	7610
987	7846	280	7566
988	7743	277	7466
989	7822	275	7547
990	7783	279	7504
991	7764	282	7482
992	7844	280	7564
993	7838	281	7557
994	7853	286	7567
995	7820	289	7531
996	7820	277	7543
997	7839	282	7557
998	7832	275	7557
999	7808	282	7526
1000	7891	274	7617
1001	7937	269	7668
1002	7862	282	7580
1003	7876	286	7590
1004	7837	271	7566
1005	7802	272	7530
1006	7838	283	7555
1007	7917	284	7633
1008	7905	283	7622
1009	7873	284	7589
1010	7864	285	7579
1011	7919	282	7637
1012	7927	281	7646
1013	7910	283	7627
1014	7927	284	7643
1015	7940	288	7652
1016	7887	289	7598
1017	7909	280	7629
1018	7859	274	7585
1019	7827	281	7546
1020	7856	275	7581
1021	7846	277	7569
1022	7795	276	7519
1023	7838	276	7562
1024	7801	280	7521
1025	7756	284	7472
1026	7765	277	7488
1027	7797	275	7522
1028	7780	272	7508
1029	7834	276	7558
1030	7868	285	7583
1031	7850	288	7562
1032	7877	285	7592
1033	7868	281	7587
1034	7790	282	7508
1035	7765	273	7492
1036	7711	277	7434
1037	7751	285	7466
1038	7815	276	7539
1039	7749	276	7473
1040	7732	277	7455
1041	7695	280	7415
1042	7662	284	7378
1043	7736	281	7455
1044	7746	278	7468
1045	7653	272	7381
1046	7687	266	7421
1047	7733	275	7458
1048	7731	282	7449
1049	7674	288	7386
1050	7640	277	7363
1051	7637	278	7359
1052	7677	286	7391
1053	7653	283	7370
1054	7623	285	7338
1055	7612	285	7327
1056	7616	278	7338
1057	7591	281	7310
1058	7622	277	7345
1059	7698	286	7412
1060	7642	284	7358
1061	7557	273	7284
1062	7521	278	7243
1063	7619	288	7331
1064	7579	279	7300
1065	7539	276	7263
1066	7569	276	7293
1067	7619	275	7344
1068	7560	272	7288
1069	7564	290	7274
1070	7595	288	7307
1071	7552	278	7274
1072	7576	287	7289
1073	7631	289	7342
1074	7534	284	7250
1075	7562	290	7272
1076	7573	284	7289
1077	7606	279	7327
1078	7611	278	7333
1079	7643	281	7362
1080	7533	286	7247
1081	7448	285	7163
1082	7541	274	7267
1083	7574	273	7301
1084	7503	274	7229
1085	7539	286	7253
1086	7555	288	7267
1087	7560	282	7278
1088	7551	282	7269
1089	7510	282	7228
1090	7501	280	7221
1091	7517	279	7238
1092	7461	274	7187
1093	7525	274	7251
1094	7515	276	7239
1095	7517	288	7229
1096	7470	290	7180
1097	7433	275	7158
1098	7507	280	7227
1099	7483	276	7207
1100	7484	273	7211
1101	7496	279	7217
1102	7448	282	7166
1103	7393	288	7105
1104	7429	294	7135
1105	7541	286	7255
1106	7507	283	7224
1107	7485	282	7203
1108	7484	284	7200
1109	7453	286	7167
1110	7486	288	7198
1111	7493	282	7211
1112	7534	288	7246
1113	7477	284	7193
1114	7444	282	7162
1115	7527	282	7245
1116	7490	276	7214
1117	7514	272	7242
1118	7466	271	7195
1119	7497	284	7213
1120	7526	285	7241
1121	7458	283	7175
1122	7481	288	7193
1123	7548	291	7257
1124	7625	271	7354
1125	7604	274	7330
1126	7523	280	7243
1127	7529	281	7248
1128	7616	271	7345
1129	7631	272	7359
1130	7590	273	7317
1131	7681	284	7397
1132	7711	284	7427
1133	7620	281	7339
1134	7625	277	7348
1135	7720	278	7442
1136	7678	279	7399
1137	7738	271	7467
1138	7757	275	7482
1139	7723	289	7434
1140	7718	285	7433
1141	7735	284	7451
1142	7817	277	7540
1143	7850	276	7574
1144	7828	285	7543
1145	7804	283	7521
1146	7855	274	7581
1147	7906	276	7630
1148	7845	276	7569
1149	7848	279	7569
1150	7946	274	7672
1151	7966	278	7688
1152	7942	287	7655
1153	7873	282	7591
1154	7849	281	7568
1155	7773	286	7487
1156	7911	280	7631
1157	7970	278	7692
1158	7905	278	7627
1159	7954	282	7672
1160	8013	298	7715
1161	8061	297	7764
1162	8046	283	7763
1163	8047	281	7766
1164	8099	277	7822
1165	8187	277	7910
1166	8174	270	7904
1167	8142	278	7864
1168	8151	281	7870
1169	8209	290	7919
1170	8224	285	7939
1171	8277	283	7994
1172	8364	283	8081
1173	8326	275	8051
1174	8286	281	8005
1175	8317	281	8036
1176	8383	277	8106
1177	8481	274	8207
1178	8489	279	8210
1179	8497	284	8213
1180	8493	275	8218
1181	8565	280	8285
1182	8503	272	8231
1183	8584	275	8309
1184	8693	278	8415
1185	8621	272	8349
1186	8587	266	8321
1187	8736	281	8455
1188	8731	280	8451
1189	8684	277	8407
1190	8725	284	8441
1191	8848	278	8570
1192	8860	276	8584
1193	8895	278	8617
1194	8896	285	8611
1195	8894	282	8612
1196	8937	275	8662
1197	8921	285	8636
1198	8933	275	8658
1199	8992	280	8712
1200	8934	288	8646
1201	9013	279	8734
1202	9001	277	8724
1203	9070	281	8789
1204	9100	280	8820
1205	9063	291	8772
1206	9142	284	8858
1207	9255	283	8972
1208	9210	279	8931
1209	9165	282	8883
1210	9298	279	9019
1211	9365	279	9086
1212	9359	272	9087
1213	9351	264	9087
1214	9298	268	9030
1215	9428	274	9154
1216	9522	274	9248
1217	9479	282	9197
1218	9530	266	9264
1219	9544	287	9257
1220	9605	269	9336
1221	9721	274	9447
1222	9785	275	9510
1223	9653	284	9369
1224	9638	279	9359
1225	9794	282	9512
1226	9909	285	9624
1227	9937	289	9648
1228	9726	282	9444
1229	9813	272	9541
1230	9851	270	9581
1231	9875	270	9605
1232	9907	262	9645
1233	9968	273	9695
1234	9926	280	9646
1235	9990	281	9709
1236	10048	275	9773
1237	10062	281	9781
1238	10072	285	9787
1239	10113	277	9836
1240	10154	271	9883
1241	10164	278	9886
1242	10192	279	9913
1243	10195	282	9913
1244	10203	292	9911
1245	10306	291	10015
1246	10270	275	9995
1247	10285	270	10015
1248	10301	274	10027
1249	10248	284	9964
1250	10290	287	10003
1251	10364	283	10081
1252	10399	274	10125
1253	10424	279	10145
1254	10534	282	10252
1255	10560	280	10280
1256	10554	283	10271
1257	10540	284	10256
1258	10540	279	10261
1259	10550	276	10274
1260	10626	280	10346
1261	10633	277	10356
1262	10621	283	10338
1263	10619	286	10333
1264	10601	284	10317
1265	10601	286	10315
1266	10693	279	10414
1267	10683	280	10403
1268	10704	286	10418
1269	10692	280	10412
1270	10719	281	10438
1271	10806	277	10529
1272	10856	272	10584
1273	10765	281	10484
1274	10708	283	10425
1275	10799	273	10526
1276	10794	272	10522
1277	10733	280	10453
1278	10798	283	10515
1279	10779	280	10499
1280	10773	276	10497
1281	10864	275	10589
1282	10875	275	10600
1283	10830	281	10549
1284	10793	286	10507
1285	10840	277	10563
1286	10909	269	10640
1287	10910	279	10631
1288	10951	273	10678
1289	10968	276	10692
1290	11014	279	10735
1291	10984	284	10700
1292	10999	273	10726
1293	10982	273	10709
1294	10909	283	10626
1295	10986	277	10709
1296	11007	272	10735
1297	11006	273	10733
1298	11037	268	10769
1299	11006	281	10725
1300	11005	287	10718
1301	11021	279	10742
1302	11001	277	10724
1303	11019	281	10738
1304	10972	278	10694
1305	10907	267	10640
1306	10992	270	10722
1307	11010	281	10729
1308	11010	279	10731
1309	10973	276	10697
1310	11032	280	10752
1311	10919	273	10646
1312	10866	281	10585
1313	10971	290	10681
1314	10940	276	10664
1315	10966	273	10693
1316	10897	277	10620
1317	10880	277	10603
1318	10983	274	10709
1319	11020	279	10741
1320	10979	274	10705
1321	10935	282	10653
1322	10890	278	10612
1323	10905	281	10624
1324	10931	280	10651
1325	10985	271	10714
1326	10986	273	10713
1327	10897	280	10617
1328	10880	273	10607
1329	10922	276	10646
1330	10882	278	10604
1331	10867	280	10587
1332	10860	280	10580
1333	10741	281	10460
1334	10750	278	10472
1335	10844	280	10564
1336	10824	272	10552
1337	10838	274	10564
1338	10842	271	10571
1339	10786	272	10514
1340	10842	283	10559
1341	10755	279	10476
1342	10821	268	10553
1343	10802	275	10527
1344	10692	275	10417
1345	10665	274	10391
1346	10723	272	10451
1347	10752	273	10479
1348	10705	270	10435
1349	10619	279	10340
1350	10650	275	10375
1351	10678	271	10407
1352	10594	271	10323
1353	10508	278	10230
1354	10424	273	10151
1355	10464	271	10193
1356	10524	273	10251
1357	10523	271	10252
1358	10451	276	10175
1359	10499	276	10223
1360	10406	275	10131
1361	10408	280	10128
1362	10349	273	10076
1363	10356	271	10085
1364	10284	284	10000
1365	10216	279	9937
1366	10226	269	9957
1367	10120	273	9847
1368	10147	278	9869
1369	10127	279	9848
1370	10053	270	9783
1371	10131	276	9855
1372	10186	280	9906
1373	10100	282	9818
1374	10062	285	9777
1375	10073	287	9786
1376	10138	287	9851
1377	10126	281	9845
1378	10067	276	9791
1379	10029	280	9749
1380	9990	286	9704
1381	10046	279	9767
1382	10002	281	9721
1383	9894	282	9612
1384	9881	272	9609
1385	9853	274	9579
1386	9857	273	9584
1387	9872	266	9606
1388	9876	278	9598
1389	9803	280	9523
1390	9739	268	9471
1391	9792	281	9511
1392	9825	276	9549
1393	9824	277	9547
1394	9762	284	9478
1395	9727	278	9449
1396	9801	278	9523
1397	9737	282	9455
1398	9754	283	9471
1399	9798	278	9520
1400	9782	272	9510
1401	9798	271	9527
1402	9687	268	9419
1403	9609	272	9337
1404	9614	277	9337
1405	9554	281	9273
1406	9552	269	9283
1407	9548	280	9268
1408	9480	282	9198
1409	9508	272	9236
1410	9517	265	9252
1411	9375	271	9104
1412	9369	271	9098
1413	9338	285	9053
1414	9333	293	9040
1415	9283	283	9000
1416	9300	269	9031
1417	9340	266	9074
1418	9392	266	9126
1419	9382	273	9109
1420	9371	276	9095
1421	9361	275	9086
1422	9267	272	8995
1423	9244	277	8967
1424	9226	274	8952
1425	9291	278	9013
1426	9350	286	9064
1427	9343	285	9058
1428	9288	280	9008
1429	9210	273	8937
1430	9234	275	8959
1431	9321	278	9043
1432	9317	273	9044
1433	9272	275	8997
1434	9238	270	8968
1435	9256	271	8985
1436	9250	276	8974
1437	9183	280	8903
1438	9209	276	8933
1439	9191	280	8911
1440	9118	276	8842
1441	9144	266	8878
1442	9150	270	8880
1443	9192	276	8916
1444	9071	280	8791
1445	9083	278	8805
1446	9200	270	8930
1447	9154	276	8878
1448	9062	276	8786
1449	9098	279	8819
1450	9235	282	8953
1451	9173	281	8892
1452	9109	281	8828
1453	9085	284	8801
1454	9052	285	8767
1455	9057	284	8773
1456	9140	286	8854
1457	9112	275	8837
1458	9064	272	8792
1459	9174	288	8886
1460	9137	277	8860
1461	9093	276	8817
1462	9054	286	8768
1463	9062	287	8775
1464	9050	276	8774
1465	9089	275	8814
1466	9170	283	8887
1467	9097	278	8819
1468	9059	262	8797
1469	9112	278	8834
1470	9127	272	8855
1471	9116	283	8833
1472	9141	272	8869
1473	9091	278	8813
1474	9023	280	8743
1475	9050	279	8771
1476	9110	282	8828
1477	9130	278	8852
1478	9076	276	8800
1479	9087	277	8810
1480	9116	276	8840
1481	9160	277	8883
1482	9095	290	8805
1483	9068	286	8782
1484	9106	281	8825
1485	9190	283	8907
1486	9222	283	8939
1487	9197	287	8910
1488	9090	274	8816
1489	9131	267	8864
1490	9171	267	8904
1491	9140	283	8857
1492	9123	282	8841
1493	9236	281	8955
1494	9245	286	8959
1495	9190	275	8915
1496	9198	270	8928
1497	9209	272	8937
1498	9195	286	8909
1499	9241	296	8945
1500	9281	278	9003
1501	9268	274	8994
1502	9254	272	8982
1503	9271	270	9001
1504	9322	279	9043
1505	9287	278	9009
1506	9286	265	9021
1507	9253	270	8983
1508	9295	282	9013
1509	9368	292	9076
1510	9305	288	9017
1511	9340	279	9061
1512	9380	278	9102
1513	9400	286	9114
1514	9413	288	9125
1515	9446	286	9160
1516	9447	284	9163
1517	9413	276	9137
1518	9351	282	9069
1519	9359	289	9070
1520	9486	283	9203
1521	9533	278	9255
1522	9513	273	9240
1523	9642	275	9367
1524	9779	278	9501
1525	9692	280	9412
1526	9662	280	9382
1527	9755	284	9471
1528	9739	287	9452
1529	9723	287	9436
1530	9721	283	9438
1531	9742	281	9461
1532	9747	275	9472
1533	9720	281	9439
1534	9796	282	9514
1535	9860	281	9579
1536	9881	278	9603
1537	9837	278	9559
1538	9820	280	9540
1539	9871	278	9593
1540	9923	278	9645
1541	9889	277	9612
1542	9968	276	9692
1543	10128	285	9843
1544	10084	291	9793
1545	9980	279	9701
1546	9975	274	9701
1547	10112	280	9832
1548	10107	272	9835
1549	10119	270	9849
1550	10064	267	9797
1551	10065	269	9796
1552	10210	270	9940
1553	10178	271	9907
1554	10176	270	9906
1555	10201	270	9931
1556	10311	272	10039
1557	10370	279	10091
1558	10333	277	10056
1559	10238	277	9961
1560	10408	275	10133
1561	10473	281	10192
1562	10395	280	10115
1563	10420	283	10137
1564	10623	282	10341
1565	10553	274	10279
1566	10627	276	10351
1567	10646	278	10368
1568	10620	279	10341
1569	10585	280	10305
1570	10565	288	10277
1571	10640	291	10349
1572	10695	288	10407
1573	10641	284	10357
1574	10568	285	10283
1575	10604	282	10322
1576	10628	282	10346
1577	10691	290	10401
1578	10697	293	10404
1579	10669	292	10377
1580	10718	280	10438
1581	10790	280	10510
1582	10811	288	10523
1583	10848	286	10562
1584	10862	275	10587
1585	10916	276	10640
1586	10924	275	10649
1587	10984	279	10705
1588	10889	282	10607
1589	10956	277	10679
1590	11109	273	10836
1591	11114	282	10832
1592	11080	285	10795
1593	11023	272	10751
1594	11029	270	10759
1595	11062	278	10784
1596	11115	280	10835
1597	11113	283	10830
1598	11188	273	10915
1599	11157	281	10876
1600	11051	282	10769
1601	11170	277	10893
1602	11241	284	10957
1603	11232	284	10948
1604	11220	276	10944
1605	11260	278	10982
1606	11314	284	11030
1607	11394	285	11109
1608	11361	280	11081
1609	11389	282	11107
1610	11457	277	11180
1611	11437	295	11142
1612	11469	291	11178
1613	11548	291	11257
1614	11486	288	11198
1615	11527	288	11239
1616	11436	278	11158
1617	11499	283	11216
1618	11595	291	11304
1619	11496	288	11208
1620	11546	280	11266
1621	11625	287	11338
1622	11577	285	11292
1623	11652	287	11365
1624	11632	290	11342
1625	11688	289	11399
1626	11675	280	11395
1627	11659	274	11385
1628	11701	277	11424
1629	11816	282	11534
1630	11852	280	11572
1631	11771	285	11486
1632	11717	283	11434
1633	11784	283	11501
1634	11976	282	11694
1635	12030	280	11750
1636	12062	276	11786
1637	12008	281	11727
1638	12025	286	11739
1639	11983	279	11704
1640	12070	277	11793
1641	12042	290	11752
1642	11996	282	11714
1643	12050	276	11774
1644	12006	277	11729
1645	12010	284	11726
1646	12097	289	11808
1647	12222	285	11937
1648	12234	287	11947
1649	12106	280	11826
1650	12065	276	11789
1651	12170	282	11888
1652	12257	285	11972
1653	12281	282	11999
1654	12214	279	11935
1655	12279	285	11994
1656	12339	278	12061
1657	12285	282	12003
1658	12287	281	12006
1659	12433	285	12148
1660	12365	291	12074
1661	12350	286	12064
1662	12375	282	12093
1663	12338	282	12056
1664	12336	273	12063
1665	12474	278	12196
1666	12426	282	12144
1667	12473	277	12196
1668	12452	279	12173
1669	12441	289	12152
1670	12480	280	12200
1671	12559	273	12286
1672	12554	282	12272
1673	12554	287	12267
1674	12578	279	12299
1675	12533	286	12247
1676	12541	280	12261
1677	12620	284	12336
1678	12683	279	12404
1679	12684	277	12407
1680	12599	281	12318
1681	12695	274	12421
1682	12739	267	12472
1683	12688	274	12414
1684	12727	286	12441
1685	12735	288	12447
1686	12608	283	12325
1687	12653	281	12372
1688	12712	294	12418
1689	12588	299	12289
1690	12581	294	12287
1691	12727	277	12450
1692	12760	274	12486
1693	12746	281	12465
1694	12846	272	12574
1695	12808	271	12537
1696	12739	278	12461
1697	12770	286	12484
1698	12848	278	12570
1699	12826	274	12552
1700	12869	274	12595
1701	12966	285	12681
1702	12987	283	12704
1703	12976	284	12692
1704	12941	283	12658
1705	12897	277	12620
1706	12822	281	12541
1707	12818	277	12541
1708	12793	282	12511
1709	12653	291	12362
1710	12706	284	12422
1711	12740	286	12454
1712	12666	282	12384
1713	12668	279	12389
1714	12716	284	12432
1715	12718	276	12442
1716	12790	275	12515
1717	12669	284	12385
1718	12674	268	12406
1719	12728	298	12430
1720	12766	286	12480
1721	12804	274	12530
1722	12735	281	12454
1723	12796	285	12511
1724	12789	286	12503
1725	12837	283	12554
1726	12839	274	12565
1727	12785	268	12517
1728	12837	277	12560
1729	12892	276	12616
1730	12768	277	12491
1731	12728	282	12446
1732	12789	279	12510
1733	12784	279	12505
1734	12676	287	12389
1735	12749	285	12464
1736	12733	272	12461
1737	12617	272	12345
1738	12591	280	12311
1739	12605	286	12319
1740	12557	281	12276
1741	12600	278	12322
1742	12568	277	12291
1743	12486	273	12213
1744	12416	272	12144
1745	12493	276	12217
1746	12556	274	12282
1747	12511	272	12239
1748	12461	274	12187
1749	12494	283	12211
1750	12509	281	12228
1751	12466	280	12186
1752	12425	277	12148
1753	12433	281	12152
1754	12387	279	12108
1755	12246	278	11968
1756	12215	281	11934
1757	12362	275	12087
1758	12384	276	12108
1759	12344	278	12066
1760	12311	284	12027
1761	12270	287	11983
1762	12227	282	11945
1763	12171	289	11882
1764	12090	284	11806
1765	12031	280	11751
1766	12036	281	11755
1767	12036	280	11756
1768	12039	272	11767
1769	11906	272	11634
1770	11996	281	11715
1771	11991	289	11702
1772	11831	285	11546
1773	11809	284	11525
1774	11847	285	11562
1775	11800	280	11520
1776	11700	278	11422
1777	11679	287	11392
1778	11776	286	11490
1779	11714	286	11428
1780	11750	285	11465
1781	11688	286	11402
1782	11690	280	11410
1783	11599	279	11320
1784	11601	276	11325
1785	11643	276	11367
1786	11562	285	11277
1787	11503	289	11214
1788	11415	284	11131
1789	11369	277	11092
1790	11418	278	11140
1791	11457	281	11176
1792	11345	279	11066
1793	11250	279	10971
1794	11307	287	11020
1795	11302	285	11017
1796	11200	278	10922
1797	11220	286	10934
1798	11248	284	10964
1799	11206	281	10925
1800	11114	266	10848
1801	11028	272	10756
1802	11026	277	10749
1803	10904	275	10629
1804	10895	274	10621
1805	10983	281	10702
1806	10958	278	10680
1807	10879	275	10604
1808	10772	267	10505
1809	10770	272	10498
1810	10709	278	10431
1811	10631	277	10354
1812	10697	282	10415
1813	10608	290	10318
1814	10615	293	10322
1815	10557	292	10265
1816	10472	282	10190
1817	10588	283	10305
1818	10493	285	10208
1819	10389	273	10116
1820	10323	273	10050
1821	10282	283	9999
1822	10332	278	10054
1823	10293	278	10015
1824	10276	286	9990
1825	10266	281	9985
1826	10241	276	9965
1827	10271	276	9995
1828	10162	282	9880
1829	10139	284	9855
1830	10242	277	9965
1831	10133	283	9850
1832	10180	283	9897
1833	10176	277	9899
1834	10081	270	9811
1835	10050	278	9772
1836	10053	285	9768
1837	10099	271	9828
1838	10066	269	9797
1839	9942	278	9664
1840	9929	285	9644
1841	9916	285	9631
1842	9817	277	9540
1843	9946	278	9668
1844	9943	275	9668
1845	9896	275	9621
1846	9828	276	9552
1847	9805	277	9528
1848	9747	270	9477
1849	9733	270	9463
1850	9731	272	9459
1851	9652	277	9375
1852	9658	286	9372
1853	9662	283	9379
1854	9601	276	9325
1855	9595	273	9322
1856	9612	269	9343
1857	9605	270	9335
1858	9622	282	9340
1859	9617	280	9337
1860	9620	272	9348
1861	9625	276	9349
1862	9692	282	9410
1863	9596	283	9313
1864	9567	276	9291
1865	9455	274	9181
1866	9461	274	9187
1867	9465	280	9185
1868	9439	280	9159
1869	9389	282	9107
1870	9427	277	9150
1871	9463	271	9192
1872	9377	277	9100
1873	9333	285	9048
1874	9337	282	9055
1875	9220	279	8941
1876	9255	275	8980
1877	9325	288	9037
1878	9286	288	8998
1879	9158	280	8878
1880	9096	275	8821
1881	9105	275	8830
1882	9169	279	8890
1883	9130	281	8849
1884	9118	280	8838
1885	9074	279	8795
1886	9039	284	8755
1887	9042	288	8754
1888	9074	283	8791
1889	9077	280	8797
1890	9109	274	8835
1891	9097	281	8816
1892	9095	286	8809
1893	9061	289	8772
1894	9005	287	8718
1895	8975	280	8695
1896	8970	271	8699
1897	8998	277	8721
1898	8977	273	8704
1899	8942	271	8671
1900	8863	272	8591
1901	8881	270	8611
1902	8976	282	8694
1903	8983	290	8693
1904	8896	280	8616
1905	8877	287	8590
1906	8926	290	8636
1907	8900	276	8624
1908	8856	281	8575
1909	8837	282	8555
1910	8792	283	8509
1911	8759	284	8475
1912	8822	283	8539
1913	8826	286	8540
1914	8746	280	8466
1915	8768	276	8492
1916	8785	278	8507
1917	8744	283	8461
1918	8745	286	8459
1919	8780	287	8493
1920	8653	280	8373
1921	8563	280	8283
1922	8614	274	8340
1923	8544	278	8266
1924	8649	283	8366
1925	8612	284	8328
1926	8553	284	8269
1927	8562	285	8277
1928	8592	278	8314
1929	8553	273	8280
1930	8507	282	8225
1931	8574	281	8293
1932	8516	277	8239
1933	8598	282	8316
1934	8658	287	8371
1935	8638	284	8354
1936	8619	279	8340
1937	8552	276	8276
1938	8576	287	8289
1939	8621	290	8331
1940	8613	277	8336
1941	8571	282	8289
1942	8601	294	8307
1943	8645	285	8360
1944	8604	275	8329
1945	8541	279	8262
1946	8502	276	8226
1947	8507	278	8229
1948	8503	279	8224
1949	8463	290	8173
1950	8509	285	8224
1951	8585	269	8316
1952	8591	266	8325
1953	8589	279	8310
1954	8578	289	8289
1955	8550	286	8264
1956	8537	277	8260
1957	8511	276	8235
1958	8498	279	8219
1959	8565	283	8282
1960	8554	279	8275
1961	8488	270	8218
1962	8533	274	8259
1963	8555	281	8274
1964	8596	283	8313
1965	8558	280	8278
1966	8460	280	8180
1967	8498	285	8213
1968	8482	271	8211
1969	8455	291	8164
1970	8452	274	8178
1971	8473	270	8203
1972	8448	272	8176
1973	8398	276	8122
1974	8448	278	8170
1975	8491	283	8208
1976	8491	285	8206
1977	8498	277	8221
1978	8505	282	8223
1979	8546	281	8265
1980	8523	284	8239
1981	8509	289	8220
1982	8594	286	8308
1983	8588	286	8302
1984	8552	280	8272
1985	8550	275	8275
1986	8542	278	8264
1987	8578	287	8291
1988	8559	279	8280
1989	8487	284	8203
1990	8474	291	8183
1991	8530	285	8245
1992	8552	276	8276
1993	8510	272	8238
1994	8514	274	8240
1995	8668	281	8387
1996	8638	282	8356
1997	8669	279	8390
1998	8731	280	8451
1999	8661	281	8380
2000	8684	282	8402
2001	8703	281	8422
2002	8737	280	8457
2003	8794	282	8512
2004	8749	281	8468
2005	8789	284	8505
2006	8842	283	8559
2007	8836	281	8555
2008	8774	279	8495
2009	8810	281	8529
2010	8849	274	8575
2011	8887	277	8610
2012	8845	281	8564
2013	8848	280	8568
2014	8852	278	8574
2015	8749	279	8470
2016	8828	284	8544
2017	8790	289	8501
2018	8772	281	8491
2019	8839	275	8564
2020	8832	280	8552
2021	8762	284	8478
2022	8705	280	8425
2023	8731	270	8461
2024	8757	267	8490
2025	8814	270	8544
2026	8773	270	8503
2027	8757	281	8476
2028	8775	288	8487
2029	8690	277	8413
2030	8653	272	8381
2031	8698	288	8410
2032	8678	289	8389
2033	8748	290	8458
2034	8722	279	8443
2035	8665	275	8390
2036	8680	285	8395
2037	8667	285	8382
2038	8637	279	8358
2039	8628	288	8340
2040	8588	288	8300
2041	8612	283	8329
2042	8571	280	8291
2043	8592	279	8313
2044	8643	280	8363
2045	8649	279	8370
2046	8613	276	8337
2047	8674	277	8397
2048	8656	278	8378
2049	8593	279	8314
2050	8593	280	8313
2051	8623	283	8340
2052	8632	283	8349
2053	8561	291	8270
2054	8606	280	8326
2055	8614	283	8331
2056	8556	280	8276
2057	8640	277	8363
2058	8739	278	8461
2059	8639	278	8361
2060	8590	274	8316
2061	8721	285	8436
2062	8722	285	8437
2063	8725	281	8444
2064	8728	272	8456
2065	8657	266	8391
2066	8643	274	8369
2067	8714	283	8431
2068	8662	290	8372
2069	8655	285	8370
2070	8688	280	8408
2071	8710	279	8431
2072	8607	284	8323
2073	8597	291	8306
2074	8616	286	8330
2075	8640	286	8354
2076	8642	288	8354
2077	8631	285	8346
2078	8654	284	8370
2079	8628	283	8345
2080	8688	271	8417
2081	8750	279	8471
2082	8699	288	8411
2083	8644	283	8361
2084	8660	275	8385
2085	8666	284	8382
2086	8610	285	8325
2087	8587	278	8309
2088	8615	265	8350
2089	8592	277	8315
2090	8589	281	8308
2091	8652	277	8375
2092	8665	269	8396
2093	8652	276	8376
2094	8584	282	8302
2095	8631	284	8347
2096	8677	285	8392
2097	8708	280	8428
2098	8703	278	8425
2099	8668	285	8383
2100	8604	285	8319
2101	8657	278	8379
2102	8612	276	8336
2103	8530	278	8252
2104	8576	274	8302
2105	8611	284	8327
2106	8586	281	8305
2107	8559	278	8281
2108	8591	274	8317
2109	8641	269	8372
2110	8540	272	8268
2111	8559	274	8285
2112	8528	283	8245
2113	8579	279	8300
2114	8609	278	8331
2115	8569	274	8295
2116	8452	274	8178
2117	8434	276	8158
2118	8471	282	8189
2119	8408	278	8130
2120	8471	281	8190
2121	8544	281	8263
2122	8572	280	8292
2123	8504	291	8213
2124	8510	286	8224
2125	8495	272	8223
2126	8483	272	8211
2127	8477	280	8197
2128	8535	278	8257
2129	8489	276	8213
2130	8492	274	8218
2131	8467	280	8187
2132	8425	274	8151
2133	8402	279	8123
2134	8413	279	8134
2135	8419	278	8141
2136	8416	281	8135
2137	8405	283	8122
2138	8353	281	8072
2139	8369	279	8090
2140	8351	282	8069
2141	8327	275	8052
2142	8332	273	8059
2143	8364	277	8087
2144	8322	277	8045
2145	8324	280	8044
2146	8302	276	8026
2147	8308	278	8030
2148	8320	279	8041
2149	8341	282	8059
2150	8369	287	8082
2151	8278	284	7994
2152	8251	274	7977
2153	8326	274	8052
2154	8316	279	8037
2155	8316	288	8028
2156	8359	279	8080
2157	8286	278	8008
2158	8239	295	7944
2159	8189	281	7908
2160	8177	272	7905
2161	8226	277	7949
2162	8289	273	8016
2163	8271	278	7993
2164	8218	283	7935
2165	8231	287	7944
2166	8173	281	7892
2167	8207	277	7930
2168	8135	280	7855
2169	8157	277	7880
2170	8187	285	7902
2171	8092	282	7810
2172	7982	284	7698
2173	8041	277	7764
2174	8025	280	7745
2175	8058	281	7777
2176	8038	273	7765
2177	8037	272	7765
2178	8032	284	7748
2179	7984	280	7704
2180	7956	274	7682
2181	7967	276	7691
2182	7981	285	7696
2183	7936	289	7647
2184	7871	280	7591
2185	7932	280	7652
2186	7882	281	7601
2187	7934	278	7656
2188	7943	273	7670
2189	7911	278	7633
2190	7912	282	7630
2191	7900	285	7615
2192	7825	281	7544
2193	7842	277	7565
2194	7764	282	7482
2195	7738	281	7457
2196	7812	279	7533
2197	7801	281	7520
2198	7752	274	7478
2199	7707	270	7437
2200	7719	274	7445
2201	7677	285	7392
2202	7634	285	7349
2203	7682	284	7398
2204	7645	280	7365
2205	7584	277	7307
2206	7500	278	7222
2207	7481	278	7203
2208	7500	278	7222
2209	7532	277	7255
2210	7507	278	7229
2211	7595	286	7309
2212	7495	275	7220
2213	7482	274	7208
2214	7460	279	7181
2215	7482	278	7204
2216	7484	280	7204
2217	7381	280	7101
2218	7392	264	7128
2219	7384	288	7096
2220	7380	280	7100
2221	7432	281	7151
2222	7364	273	7091
2223	7354	279	7075
2224	7294	280	7014
2225	7194	271	6923
2226	7206	280	6926
2227	7210	283	6927
2228	7267	280	6987
2229	7169	276	6893
2230	7180	276	6904
2231	7122	276	6846
2232	7040	277	6763
2233	7062	273	6789
2234	7137	278	6859
2235	7113	287	6826
2236	7056	287	6769
2237	6980	292	6688
2238	6980	283	6697
2239	6982	280	6702
2240	6905	281	6624
2241	6855	290	6565
2242	6805	288	6517
2243	6817	276	6541
2244	6729	275	6454
2245	6672	277	6395
2246	6682	279	6403
2247	6608	280	6328
2248	6559	275	6284
2249	6585	283	6302
2250	6571	285	6286
2251	6540	274	6266
2252	6535	269	6266
2253	6528	275	6253
2254	6464	270	6194
2255	6441	269	6172
2256	6479	279	6200
2257	6378	281	6097
2258	6359	280	6079
2259	6377	276	6101
2260	6353	283	6070
2261	6294	277	6017
2262	6265	274	5991
2263	6305	292	6013
2264	6226	285	5941
2265	6230	283	5947
2266	6228	270	5958
2267	6225	274	5951
2268	6184	281	5903
2269	6132	273	5859
2270	6072	270	5802
2271	6089	273	5816
2272	6016	282	5734
2273	5933	285	5648
2274	5935	280	5655
2275	5935	283	5652
2276	5969	287	5682
2277	6002	287	5715
2278	5988	285	5703
2279	5895	272	5623
2280	5868	275	5593
2281	5930	275	5655
2282	5825	281	5544
2283	5710	285	5425
2284	5750	282	5468
2285	5813	287	5526
2286	5748	285	5463
2287	5719	279	5440
2288	5779	286	5493
2289	5748	282	5466
2290	5722	275	5447
2291	5661	274	5387
2292	5641	283	5358
2293	5602	285	5317
2294	5541	284	5257
2295	5445	296	5149
2296	5477	288	5189
2297	5535	280	5255
2298	5529	279	5250
2299	5462	286	5176
2300	5500	277	5223
2301	5500	275	5225
2302	5471	274	5197
2303	5487	283	5204
2304	5438	282	5156
2305	5442	278	5164
2306	5370	288	5082
2307	5271	289	4982
2308	5266	280	4986
2309	5293	279	5014
2310	5328	288	5040
2311	5345	280	5065
2312	5293	270	5023
2313	5303	275	5028
2314	5344	275	5069
2315	5205	281	4924
2316	5189	281	4908
2317	5213	286	4927
2318	5134	283	4851
2319	5097	286	4811
2320	5131	284	4847
2321	5160	278	4882
2322	5089	271	4818
2323	5000	276	4724
2324	4967	277	4690
2325	4971	278	4693
2326	4997	277	4720
2327	4963	267	4696
2328	4941	271	4670
2329	4965	281	4684
2330	4895	279	4616
2331	4905	279	4626
2332	4872	280	4592
2333	4785	275	4510
2334	4789	270	4519
2335	4826	275	4551
2336	4795	274	4521
2337	4813	272	4541
2338	4853	275	4578
2339	4784	276	4508
2340	4676	277	4399
2341	4739	281	4458
2342	4768	287	4481
2343	4716	278	4438
2344	4717	277	4440
2345	4657	279	4378
2346	4654	271	4383
2347	4702	277	4425
2348	4646	276	4370
2349	4626	281	4345
2350	4635	279	4356
2351	4592	279	4313
2352	4603	283	4320
2353	4570	281	4289
2354	4524	269	4255
2355	4471	271	4200
2356	4492	281	4211
2357	4497	283	4214
2358	4501	283	4218
2359	4436	280	4156
2360	4437	271	4166
2361	4431	270	4161
2362	4417	268	4149
2363	4458	271	4187
2364	4409	271	4138
2365	4330	280	4050
2366	4347	283	4064
2367	4396	269	4127
2368	4320	271	4049
2369	4294	279	4015
2370	4329	267	4062
2371	4310	270	4040
2372	4331	275	4056
2373	4379	282	4097
2374	4348	289	4059
2375	4296	274	4022
2376	4274	275	3999
2377	4296	287	4009
2378	4235	290	3945
2379	4210	285	3925
2380	4264	276	3988
2381	4288	282	4006
2382	4230	278	3952
2383	4159	275	3884
2384	4186	277	3909
2385	4174	282	3892
2386	4175	280	3895
2387	4188	275	3913
2388	4081	275	3806
2389	4079	276	3803
2390	4067	276	3791
2391	4086	280	3806
2392	4074	278	3796
2393	4078	272	3806
2394	4065	276	3789
2395	3998	288	3710
2396	3940	287	3653
2397	3933	287	3646
2398	3997	283	3714
2399	4034	272	3762
2400	3964	269	3695
2401	3959	275	3684
2402	3967	277	3690
2403	3947	282	3665
2404	3937	285	3652
2405	3981	290	3691
2406	3978	285	3693
2407	3962	272	3690
2408	3921	268	3653
2409	3836	279	3557
2410	3840	281	3559
2411	3910	276	3634
2412	3853	270	3583
2413	3846	276	3570
2414	3859	282	3577
2415	3803	284	3519
2416	3784	280	3504
2417	3768	278	3490
2418	3750	280	3470
2419	3771	283	3488
2420	3749	286	3463
2421	3748	286	3462
2422	3706	277	3429
2423	3745	272	3473
2424	3729	267	3462
2425	3682	274	3408
2426	3727	277	3450
2427	3722	285	3437
2428	3646	285	3361
2429	3711	280	3431
2430	3670	275	3395
2431	3629	268	3361
2432	3598	265	3333
2433	3591	272	3319
2434	3542	276	3266
2435	3613	273	3340
2436	3620	281	3339
2437	3598	272	3326
2438	3619	262	3357
2439	3638	266	3372
2440	3587	279	3308
2441	3531	271	3260
2442	3560	270	3290
2443	3568	280	3288
2444	3535	274	3261
2445	3544	273	3271
2446	3482	276	3206
2447	3469	280	3189
2448	3492	283	3209
2449	3482	282	3200
2450	3440	283	3157
2451	3445	286	3159
2452	3513	285	3228
2453	3453	285	3168
2454	3385	290	3095
2455	3394	288	3106
2456	3403	283	3120
2457	3407	291	3116
2458	3447	281	3166
2459	3454	274	3180
2460	3396	284	3112
2461	3423	284	3139
2462	3398	286	3112
2463	3410	288	3122
2464	3392	278	3114
2465	3358	281	3077
2466	3384	282	3102
2467	3351	282	3069
2468	3352	267	3085
2469	3361	290	3071
2470	3321	277	3044
2471	3299	283	3016
2472	3338	286	3052
2473	3348	285	3063
2474	3329	276	3053
2475	3317	278	3039
2476	3315	276	3039
2477	3281	280	3001
2478	3319	282	3037
2479	3300	283	3017
2480	3315	286	3029
2481	3287	290	2997
2482	3250	280	2970
2483	3245	274	2971
2484	3248	274	2974
2485	3278	276	3002
2486	3199	282	2917
2487	3238	279	2959
2488	3252	276	2976
2489	3199	278	2921
2490	3160	272	2888
2491	3181	279	2902
2492	3184	278	2906
2493	3222	282	2940
2494	3201	283	2918
2495	3174	282	2892
2496	3207	285	2922
2497	3170	288	2882
2498	3157	271	2886
2499	3134	275	2859
2500	3111	270	2841
2501	3133	278	2855
2502	3142	282	2860
2503	3161	279	2882
2504	3140	284	2856
2505	3115	281	2834
2506	3130	276	2854
2507	3160	267	2893
2508	3148	274	2874
2509	3120	286	2834
2510	3137	273	2864
2511	3129	269	2860
2512	3114	267	2847
2513	3129	276	2853
2514	3134	276	2858
2515	3109	279	2830
2516	3121	276	2845
2517	3138	280	2858
2518	3084	288	2796
2519	3062	286	2776
2520	3022	268	2754
2521	3037	269	2768
2522	3050	276	2774
2523	3107	283	2824
2524	3073	290	2783
2525	3067	286	2781
2526	3053	279	2774
2527	3014	274	2740
2528	2997	270	2727
2529	3036	282	2754
2530	3045	277	2768
2531	3038	274	2764
2532	2994	282	2712
2533	2990	289	2701
2534	3010	282	2728
2535	3059	282	2777
2536	3034	276	2758
2537	2984	269	2715
2538	2981	280	2701
2539	2949	289	2660
2540	2918	285	2633
2541	2989	274	2715
2542	2995	270	2725
2543	3034	276	2758
2544	3002	276	2726
2545	3002	281	2721
2546	3019	281	2738
2547	3047	284	2763
2548	2966	279	2687
2549	2955	271	2684
2550	2988	275	2713
2551	2983	279	2704
2552	2969	276	2693
2553	2963	277	2686
2554	2966	280	2686
2555	2982	279	2703
2556	2918	282	2636
2557	2876	278	2598
2558	2897	273	2624
2559	2891	273	2618
2560	2906	283	2623
2561	2933	290	2643
2562	2903	281	2622
2563	2951	282	2669
2564	2988	283	2705
2565	2949	283	2666
2566	2880	283	2597
2567	2921	292	2629
2568	2943	292	2651
2569	2943	288	2655
2570	2952	273	2679
2571	2901	271	2630
2572	2897	279	2618
2573	2898	284	2614
2574	2895	277	2618
2575	2899	279	2620
2576	2886	275	2611
2577	2875	281	2594
2578	2907	282	2625
2579	2976	276	2700
2580	2936	269	2667
2581	2881	273	2608
2582	2895	274	2621
2583	2901	279	2622
2584	2888	280	2608
2585	2883	274	2609
2586	2842	273	2569
2587	2923	281	2642
2588	2927	281	2646
2589	2874	284	2590
2590	2872	283	2589
2591	2924	280	2644
2592	2909	281	2628
2593	2855	284	2571
2594	2856	279	2577
2595	2845	282	2563
2596	2856	273	2583
2597	2878	277	2601
2598	2884	279	2605
2599	2857	282	2575
2600	2841	277	2564
2601	2842	268	2574
2602	2812	277	2535
2603	2819	278	2541
2604	2868	282	2586
2605	2848	288	2560
2606	2838	281	2557
2607	2862	275	2587
2608	2824	272	2552
2609	2873	278	2595
2610	2874	281	2593
2611	2853	280	2573
2612	2844	273	2571
2613	2865	275	2590
2614	2900	281	2619
2615	2853	277	2576
2616	2842	280	2562
2617	2854	281	2573
2618	2816	277	2539
2619	2866	279	2587
2620	2888	284	2604
2621	2853	282	2571
2622	2869	280	2589
2623	2866	276	2590
2624	2829	274	2555
2625	2862	268	2594
2626	2849	278	2571
2627	2802	286	2516
2628	2803	281	2522
2629	2808	283	2525
2630	2783	281	2502
2631	2779	286	2493
2632	2776	282	2494
2633	2766	279	2487
2634	2751	283	2468
2635	2799	280	2519
2636	2824	279	2545
2637	2824	280	2544
2638	2810	274	2536
2639	2814	273	2541
2640	2789	265	2524
2641	2807	267	2540
2642	2825	267	2558
2643	2790	278	2512
2644	2786	283	2503
2645	2801	287	2514
2646	2783	286	2497
2647	2818	279	2539
2648	2809	279	2530
2649	2808	289	2519
2650	2802	278	2524
2651	2793	270	2523
2652	2776	276	2500
2653	2831	279	2552
2654	2858	283	2575
2655	2832	278	2554
2656	2845	277	2568
2657	2816	279	2537
2658	2746	284	2462
2659	2769	288	2481
2660	2788	277	2511
2661	2739	277	2462
2662	2723	282	2441
2663	2774	293	2481
2664	2770	294	2476
2665	2766	285	2481
2666	2741	276	2465
2667	2760	277	2483
2668	2819	282	2537
2669	2800	277	2523
2670	2721	273	2448
2671	2757	281	2476
2672	2802	288	2514
2673	2786	282	2504
2674	2758	274	2484
2675	2786	278	2508
2676	2786	278	2508
2677	2766	277	2489
2678	2810	279	2531
2679	2782	281	2501
2680	2713	280	2433
2681	2728	285	2443
2682	2768	286	2482
2683	2793	283	2510
2684	2772	279	2493
2685	2751	285	2466
2686	2763	281	2482
2687	2769	279	2490
2688	2734	275	2459
2689	2730	277	2453
2690	2692	273	2419
2691	2777	277	2500
2692	2715	281	2434
2693	2691	279	2412
2694	2669	284	2385
2695	2686	288	2398
2696	2727	289	2438
2697	2711	280	2431
2698	2716	283	2433
2699	2759	274	2485
2700	2751	266	2485
2701	2714	275	2439
2702	2716	287	2429
2703	2709	285	2424
2704	2673	275	2398
2705	2708	283	2425
2706	2669	280	2389
2707	2653	285	2368
2708	2683	290	2393
2709	2667	285	2382
2710	2666	287	2379
2711	2673	288	2385
2712	2681	281	2400
2713	2693	288	2405
2714	2713	289	2424
2715	2687	283	2404
2716	2660	277	2383
2717	2705	277	2428
2718	2721	263	2458
2719	2658	279	2379
2720	2663	274	2389
2721	2674	274	2400
2722	2664	273	2391
2723	2645	283	2362
2724	2613	272	2341
2725	2629	273	2356
2726	2649	281	2368
2727	2650	280	2370
2728	2637	277	2360
2729	2590	278	2312
2730	2619	285	2334
2731	2599	290	2309
2732	2592	290	2302
2733	2615	288	2327
2734	2562	284	2278
2735	2521	283	2238
2736	2577	291	2286
2737	2594	283	2311
2738	2609	280	2329
2739	2619	280	2339
2740	2568	273	2295
2741	2548	276	2272
2742	2576	276	2300
2743	2630	278	2352
2744	2592	276	2316
2745	2536	275	2261
2746	2519	278	2241
2747	2508	276	2232
2748	2528	275	2253
2749	2574	275	2299
2750	2510	286	2224
2751	2525	298	2227
2752	2516	282	2234
2753	2483	285	2198
2754	2473	287	2186
2755	2482	285	2197
2756	2507	290	2217
2757	2535	289	2246
2758	2522	272	2250
2759	2537	274	2263
2760	2533	284	2249
2761	2522	277	2245
2762	2502	283	2219
2763	2508	284	2224
2764	2498	274	2224
2765	2469	273	2196
2766	2474	277	2197
2767	2483	278	2205
2768	2452	277	2175
2769	2451	279	2172
2770	2464	278	2186
2771	2481	283	2198
2772	2487	281	2206
2773	2415	279	2136
2774	2435	277	2158
2775	2442	283	2159
2776	2381	277	2104
2777	2377	283	2094
2778	2359	285	2074
2779	2374	283	2091
2780	2383	281	2102
2781	2396	281	2115
2782	2373	274	2099
2783	2353	282	2071
2784	2333	285	2048
2785	2351	280	2071
2786	2316	285	2031
2787	2303	286	2017
2788	2320	277	2043
2789	2282	282	2000
2790	2236	287	1949
2791	2251	277	1974
2792	2273	272	2001
2793	2310	276	2034
2794	2287	277	2010
2795	2234	282	1952
2796	2254	283	1971
2797	2263	281	1982
2798	2237	281	1956
2799	2260	279	1981
2800	2232	281	1951
2801	2207	278	1929
2802	2206	276	1930
2803	2210	281	1929
2804	2200	287	1913
2805	2229	283	1946
2806	2215	285	1930
2807	2148	288	1860
2808	2187	279	1908
2809	2196	283	1913
2810	2165	283	1882
2811	2146	278	1868
2812	2158	274	1884
2813	2110	282	1828
2814	2129	291	1838
2815	2151	284	1867
2816	2147	264	1883
2817	2143	267	1876
2818	2088	284	1804
2819	2064	279	1785
2820	2090	278	1812
2821	2110	286	1824
2822	2117	288	1829
2823	2071	283	1788
2824	2042	270	1772
2825	2054	275	1779
2826	2027	284	1743
2827	2052	290	1762
2828	2055	284	1771
2829	2016	279	1737
2830	1998	274	1724
2831	2031	274	1757
2832	1998	276	1722
2833	2002	286	1716
2834	2010	282	1728
2835	1990	287	1703
2836	1996	285	1711
2837	1973	291	1682
2838	1929	285	1644
2839	1942	287	1655
2840	1901	292	1609
2841	1905	281	1624
2842	1912	273	1639
2843	1887	273	1614
2844	1908	274	1634
2845	1912	276	1636
2846	1903	272	1631
2847	1823	270	1553
2848	1854	270	1584
2849	1872	276	1596
2850	1850	289	1561
2851	1849	286	1563
2852	1838	274	1564
2853	1830	281	1549
2854	1809	282	1527
2855	1798	278	1520
2856	1810	279	1531
2857	1819	282	1537
2858	1805	282	1523
2859	1787	276	1511
2860	1770	274	1496
2861	1774	277	1497
2862	1764	277	1487
2863	1763	285	1478
2864	1762	283	1479
2865	1777	280	1497
2866	1731	283	1448
2867	1710	286	1424
2868	1725	288	1437
2869	1710	292	1418
2870	1695	286	1409
2871	1711	286	1425
2872	1659	272	1387
2873	1662	273	1389
2874	1666	279	1387
2875	1661	288	1373
2876	1674	279	1395
2877	1644	283	1361
2878	1615	277	1338
2879	1586	262	1324
2880	1567	272	1295
2881	1614	280	1334
2882	1609	292	1317
2883	1614	277	1337
2884	1563	268	1295
2885	1549	278	1271
2886	1569	282	1287
2887	1567	278	1289
2888	1552	278	1274
2889	1542	281	1261
2890	1546	275	1271
2891	1524	287	1237
2892	1490	289	1201
2893	1500	282	1218
2894	1491	278	1213
2895	1496	286	1210
2896	1473	289	1184
2897	1463	286	1177
2898	1462	277	1185
2899	1472	282	1190
2900	1460	292	1168
2901	1439	282	1157
2902	1388	280	1108
2903	1392	280	1112
2904	1395	274	1121
2905	1390	273	1117
2906	1358	272	1086
2907	1397	275	1122
2908	1403	277	1126
2909	1376	280	1096
2910	1397	280	1117
2911	1369	277	1092
2912	1341	278	1063
2913	1345	275	1070
2914	1338	275	1063
2915	1303	277	1026
2916	1284	285	999
2917	1284	286	998
2918	1291	280	1011
2919	1290	278	1012
2920	1296	279	1017
2921	1290	287	1003
2922	1268	273	995
2923	1259	275	984
2924	1279	273	1006
2925	1264	276	988
2926	1223	281	942
2927	1242	285	957
2928	1220	282	938
2929	1205	282	923
2930	1228	280	948
2931	1216	288	928
2932	1209	280	929
2933	1157	274	883
2934	1158	284	874
2935	1178	283	895
2936	1158	279	879
2937	1145	284	861
2938	1152	287	865
2939	1130	275	855
2940	1111	277	834
2941	1137	281	856
2942	1116	273	843
2943	1127	271	856
2944	1114	276	838
2945	1114	280	834
2946	1094	280	814
2947	1065	280	785
2948	1075	275	800
2949	1085	278	807
2950	1095	273	822
2951	1078	270	808
2952	1084	277	807
2953	1055	275	780
2954	1045	273	772
2955	1024	272	752
2956	1025	280	745
2957	1063	279	784
2958	1049	271	778
2959	1028	270	758
2960	1011	279	732
2961	1010	284	726
2962	1006	273	733
2963	973	280	693
2964	961	289	672
2965	992	281	711
2966	975	279	696
2967	962	288	674
2968	948	276	672
2969	963	283	680
2970	959	271	688
2971	933	281	652
2972	958	287	671
2973	937	280	657
2974	903	276	627
2975	909	271	638
2976	887	276	611
2977	910	281	629
2978	922	267	655
2979	919	278	641
2980	903	278	625
2981	886	283	603
2982	884	285	599
2983	880	282	598
2984	844	279	565
2985	858	282	576
2986	868	283	585
2987	874	276	598
2988	866	261	605
2989	835	270	565
2990	802	271	531
2991	813	286	527
2992	842	282	560
2993	839	271	568
2994	830	269	561
2995	805	275	530
2996	770	278	492
2997	778	278	500
2998	798	281	517
2999	798	294	504
3000	780	288	492
3001	784	284	500
3002	798	285	513
3003	779	278	501
3004	779	282	497
3005	808	279	529
3006	783	278	505
3007	738	277	461
3008	724	276	448
3009	713	290	423
3010	734	271	463
3011	744	277	467
3012	740	280	460
3013	772	277	495
3014	751	277	474
3015	722	272	450
3016	690	274	416
3017	711	279	432
3018	713	275	438
3019	687	275	412
3020	684	283	401
3021	709	279	430
3022	707	276	431
3023	694	284	410
3024	679	286	393
3025	687	285	402
3026	707	279	428
3027	700	283	417
3028	677	283	394
3029	679	276	403
3030	702	273	429
3031	669	280	389
3032	645	274	371
3033	655	281	374
3034	667	281	386
3035	681	279	402
3036	669	287	382
3037	648	287	361
3038	632	278	354
3039	615	280	335
3040	603	283	320
3041	621	285	336
3042	628	278	350
3043	644	277	367
3044	627	282	345
3045	615	291	324
3046	623	285	338
3047	630	282	348
3048	635	287	348
3049	597	287	310
3050	586	282	304
3051	597	282	315
3052	589	278	311
3053	587	273	314
3054	584	285	299
3055	592	287	305
3056	559	274	285
3057	549	270	279
3058	584	264	320
3059	577	264	313
3060	567	270	297
3061	582	281	301
3062	582	281	301
3063	588	278	310
3064	564	282	282
3065	591	287	304
3066	562	285	277
3067	534	284	250
3068	553	275	278
3069	591	275	316
3070	572	278	294
3071	554	278	276
3072	536	274	262
3073	547	282	265
3074	535	288	247
3075	535	277	258
3076	549	281	268
3077	548	283	265
3078	490	287	203
3079	501	292	209
3080	557	285	272
3081	549	281	268
3082	523	278	245
3083	539	283	256
3084	504	278	226
3085	495	270	225
3086	498	282	216
3087	527	297	230
3088	509	288	221
3089	503	290	213
3090	493	279	214
3091	484	276	208
3092	497	279	218
3093	516	288	228
3094	513	287	226
3095	507	285	222
3096	481	289	192
3097	470	287	183
3098	473	274	199
3099	480	280	200
3100	495	281	214
3101	488	279	209
3102	479	274	205
3103	504	275	229
3104	511	278	233
3105	490	285	205
3106	466	284	182
3107	480	281	199
3108	482	275	207
3109	472	282	190
3110	458	277	181
3111	472	281	191
3112	449	278	171
3113	453	274	179
3114	445	283	162
3115	437	288	149
3116	425	282	143
3117	444	281	163
3118	461	278	183
3119	455	280	175
3120	455	278	177
3121	445	283	162
3122	447	287	160
3123	453	285	168
3124	418	278	140
3125	407	278	129
3126	421	278	143
3127	447	280	167
3128	454	270	184
3129	436	268	168
3130	415	275	140
3131	421	285	136
3132	439	278	161
3133	451	274	177
3134	417	271	146
3135	401	272	129
3136	411	279	132
3137	430	285	145
3138	417	281	136
3139	410	280	130
3140	407	291	116
3141	402	282	120
3142	424	275	149
3143	434	282	152
3144	421	281	140
3145	405	279	126
3146	420	284	136
3147	431	286	145
3148	406	279	127
3149	405	276	129
3150	403	282	121
3151	402	286	116
3152	397	284	113
3153	400	286	114
3154	402	288	114
3155	407	278	129
3156	400	282	118
3157	422	284	138
3158	430	281	149
3159	421	281	140
3160	393	282	111
3161	418	282	136
3162	392	273	119
3163	380	282	98
3164	386	280	106
3165	408	278	130
3166	398	282	116
3167	400	283	117
3168	383	284	99
3169	391	283	108
3170	393	283	110
3171	408	281	127
3172	392	284	108
3173	413	278	135
3174	418	281	137
3175	412	286	126
3176	403	286	117
3177	407	286	121
3178	387	289	98
3179	414	282	132
3180	403	285	118
3181	377	291	86
3182	376	282	94
3183	404	278	126
3184	416	277	139
3185	387	279	108
3186	395	276	119
3187	399	274	125
3188	387	277	110
3189	372	279	93
3190	360	274	86
3191	362	273	89
3192	359	277	82
3193	385	283	102
3194	391	278	113
3195	391	284	107
3196	394	286	108
3197	400	287	113
3198	393	282	111
3199	376	274	102
3200	398	281	117
3201	399	289	110
3202	380	278	102
3203	385	284	101
3204	375	287	88
3205	376	287	89
3206	359	283	76
3207	382	284	98
3208	391	279	112
3209	382	284	98
3210	375	279	96
3211	370	281	89
3212	376	288	88
3213	382	280	102
3214	367	277	90
3215	396	288	108
3216	392	275	117
3217	373	279	94
3218	381	277	104
3219	374	303	71
3220	355	285	70
3221	367	287	80
3222	370	295	75
3223	382	293	89
3224	372	281	91
3225	368	277	91
3226	382	285	97
3227	384	288	96
3228	350	283	67
3229	373	286	87
3230	384	279	105
3231	383	281	102
3232	362	285	77
3233	368	279	89
3234	354	282	72
3235	365	288	77
3236	372	288	84
3237	378	274	104
3238	352	274	78
3239	346	274	72
3240	365	280	85
3241	366	284	82
3242	367	281	86
3243	381	277	104
3244	370	278	92
3245	380	286	94
3246	373	283	90
3247	377	279	98
3248	391	282	109
3249	392	279	113
3250	379	278	101
3251	384	291	93
3252	378	292	86
3253	373	285	88
3254	367	284	83
3255	367	273	94
3256	375	282	93
3257	381	284	97
3258	368	278	90
3259	361	280	81
3260	362	273	89
3261	360	278	82
3262	351	287	64
3263	359	278	81
3264	377	273	104
3265	373	279	94
3266	382	279	103
3267	350	283	67
3268	340	281	59
3269	361	288	73
3270	351	278	73
3271	365	277	88
3272	359	285	74
3273	374	286	88
3274	399	281	118
3275	389	288	101
3276	390	288	102
3277	384	284	100
3278	384	276	108
3279	396	277	119
3280	371	277	94
3281	367	276	91
3282	360	267	93
3283	380	272	108
3284	345	274	71
3285	351	273	78
3286	364	272	92
3287	342	283	59
3288	329	284	45
3289	360	285	75
3290	389	284	105
3291	375	285	90
3292	355	285	70
3293	347	282	65
3294	338	277	61
3295	353	282	71
3296	378	279	99
3297	368	287	81
3298	356	278	78
3299	359	279	80
3300	338	285	53
3301	353	283	70
3302	360	282	78
3303	369	278	91
3304	361	276	85
3305	353	283	70
3306	366	277	89
3307	374	281	93
3308	353	273	80
3309	344	262	82
3310	335	268	67
3311	355	275	80
3312	347	277	70
3313	356	278	78
3314	346	275	71
3315	336	279	57
3316	342	279	63
3317	344	286	58
3318	340	283	57
3319	341	280	61
3320	345	278	67
3321	340	281	59
3322	342	283	59
3323	351	279	72
3324	339	284	55
3325	359	283	76
3326	365	281	84
3327	363	277	86
3328	365	282	83
3329	355	288	67
3330	342	281	61
3331	348	285	63
3332	355	277	78
3333	340	282	58
3334	322	282	40
3335	348	279	69
3336	344	287	57
3337	351	282	69
3338	334	278	56
3339	336	280	56
3340	330	282	48
3341	337	285	52
3342	352	280	72
3343	364	286	78
3344	357	285	72
3345	345	291	54
3346	341	287	54
3347	343	279	64
3348	347	273	74
3349	363	279	84
3350	359	286	73
3351	357	282	75
3352	336	286	50
3353	355	285	70
3354	355	282	73
3355	352	281	71
3356	351	283	68
3357	340	294	46
3358	359	287	72
3359	371	288	83
3360	338	286	52
3361	339	286	53
3362	346	282	64
3363	356	284	72
3364	330	283	47
3365	336	288	48
3366	342	285	57
3367	355	279	76
3368	344	289	55
3369	336	290	46
3370	354	283	71
3371	360	286	74
3372	360	278	82
3373	347	287	60
3374	355	285	70
3375	341	282	59
3376	311	280	31
3377	340	279	61
3378	355	285	70
3379	337	291	46
3380	316	289	27
3381	338	290	48
3382	346	288	58
3383	338	281	57
3384	319	274	45
3385	355	284	71
3386	348	282	66
3387	337	287	50
3388	342	286	56
3389	357	280	77
3390	369	284	85
3391	350	283	67
3392	332	279	53
3393	339	283	56
3394	356	287	69
3395	370	282	88
3396	340	276	64
3397	318	273	45
3398	327	280	47
3399	349	295	54
3400	369	288	81
3401	349	275	74
3402	330	270	60
3403	348	280	68
3404	336	276	60
3405	340	281	59
3406	340	286	54
3407	357	283	74
3408	320	276	44
3409	306	277	29
3410	332	289	43
3411	337	290	47
3412	344	281	63
3413	345	277	68
3414	326	274	52
3415	335	275	60
3416	333	270	63
3417	333	265	68
3418	342	260	82
3419	352	263	89
3420	330	271	59
3421	326	281	45
3422	347	282	65
3423	359	275	84
3424	324	279	45
3425	325	272	53
3426	319	274	45
3427	333	281	52
3428	345	279	66
3429	343	276	67
3430	325	275	50
3431	321	275	46
3432	351	277	74
3433	356	280	76
3434	331	288	43
3435	335	288	47
3436	346	279	67
3437	338	283	55
3438	339	285	54
3439	309	280	29
3440	325	282	43
3441	336	273	63
3442	326	274	52
3443	326	273	53
3444	315	277	38
3445	307	276	31
3446	319	284	35
3447	321	290	31
3448	327	275	52
3449	348	275	73
3450	339	281	58
3451	319	281	38
3452	317	286	31
3453	318	285	33
3454	311	281	30
3455	338	286	52
3456	354	279	75
3457	351	281	70
3458	328	282	46
3459	300	289	11
3460	316	289	27
3461	344	289	55
3462	330	277	53
3463	330	283	47
3464	327	294	33
3465	321	289	32
3466	317	279	38
3467	322	286	36
3468	337	272	65
3469	336	290	46
3470	334	277	57
3471	322	275	47
3472	306	287	19
3473	322	285	37
3474	311	279	32
3475	337	281	56
3476	324	285	39
3477	322	287	35
3478	320	282	38
3479	335	284	51
3480	326	275	51
3481	316	280	36
3482	320	280	40
3483	330	271	59
3484	323	275	48
3485	321	281	40
3486	322	283	39
3487	312	280	32
3488	311	281	30
3489	323	273	50
3490	341	270	71
3491	348	282	66
3492	334	277	57
3493	317	278	39
3494	318	279	39
3495	335	277	58
3496	318	270	48
3497	326	269	57
3498	316	280	36
3499	343	286	57
3500	324	276	48
3501	328	274	54
3502	334	276	58
3503	321	272	49
3504	310	274	36
3505	326	281	45
3506	320	282	38
3507	307	284	23
3508	307	279	28
3509	326	276	50
3510	341	276	65
3511	337	272	65
3512	319	271	48
3513	325	279	46
3514	349	272	77
3515	336	274	62
3516	321	290	31
3517	336	291	45
3518	326	280	46
3519	331	284	47
3520	325	275	50
3521	333	273	60
3522	344	279	65
3523	322	278	44
3524	303	282	21
3525	333	293	40
3526	345	284	61
3527	356	283	73
3528	337	282	55
3529	321	283	38
3530	321	280	41
3531	318	281	37
3532	329	282	47
3533	340	270	70
3534	321	273	48
3535	338	278	60
3536	326	280	46
3537	334	284	50
3538	311	277	34
3539	335	282	53
3540	352	287	65
3541	328	285	43
3542	321	279	42
3543	335	273	62
3544	336	273	63
3545	336	282	54
3546	329	282	47
3547	345	286	59
3548	340	274	66
3549	324	269	55
3550	311	269	42
3551	332	278	54
3552	343	277	66
3553	333	285	48
3554	326	289	37
3555	349	282	67
3556	309	283	26
3557	312	281	31
3558	323	280	43
3559	340	278	62
3560	320	285	35
3561	318	286	32
3562	339	271	68
3563	354	279	75
3564	331	283	48
3565	339	285	54
3566	328	277	51
3567	345	281	64
3568	342	280	62
3569	338	280	58
3570	351	282	69
3571	346	280	66
3572	313	273	40
3573	310	279	31
3574	315	281	34
3575	316	281	35
3576	319	289	30
3577	326	288	38
3578	311	280	31
3579	306	285	21
3580	303	285	18
3581	325	287	38
3582	324	290	34
3583	322	280	42
3584	330	283	47
3585	343	281	62
3586	329	272	57
3587	328	279	49
3588	348	284	64
3589	350	288	62
3590	347	280	67
3591	341	289	52
3592	356	288	68
3593	372	280	92
3594	339	276	63
3595	319	284	35
3596	339	297	42
3597	355	289	66
3598	337	275	62
3599	338	282	56
3600	340	277	63
3601	339	276	63
3602	330	282	48
3603	338	283	55
3604	325	284	41
3605	335	286	49
3606	342	297	45
3607	358	299	59
3608	352	280	72
3609	333	276	57
3610	310	283	27
3611	335	288	47
3612	329	277	52
3613	324	274	50
3614	321	279	42
3615	317	280	37
3616	329	286	43
3617	308	287	21
3618	312	291	21
3619	325	288	37
3620	310	281	29
3621	330	286	44
3622	306	278	28
3623	312	281	31
3624	342	280	62
3625	350	279	71
3626	334	288	46
3627	314	293	21
3628	323	288	35
3629	334	281	53
3630	340	278	62
3631	345	279	66
3632	325	275	50
3633	321	276	45
3634	320	274	46
3635	332	275	57
3636	325	268	57
3637	337	279	58
3638	320	288	32
3639	313	291	22
3640	327	281	46
3641	319	277	42
3642	304	281	23
3643	304	275	29
3644	298	277	21
3645	319	290	29
3646	344	285	59
3647	344	278	66
3648	329	272	57
